label,xcentroid,ycentroid,area_pix,flux_img_signed,flux_img_positive,flux_img_adopted,flux_jy,mag_ab
6243,8145.116022099448,3499.902394106814,543,9238.007395214527,9238.007395214527,9238.007395214527,0.00021169089776081217,18.085810160479298
7479,9285.497959183673,3659.204081632653,245,4915.922321145185,4915.922321145185,4915.922321145185,0.00011264940208044439,18.770743394978872
8053,9224.80459770115,3757.6724137931033,174,3726.772656002043,3726.772656002043,3726.772656002043,8.539978542431101e-05,19.07142367357947
9204,8461.683229813665,4153.639751552795,161,3423.695374338209,3423.695374338209,3423.695374338209,7.845470526778733e-05,19.163518134228926
7393,8671.052356020942,3644.832460732984,191,2528.971057423935,2528.971057423935,2528.971057423935,5.795190787945359e-05,19.492396276585847
8035,8421.853535353535,3755.0101010101007,198,2458.8324822538043,2458.8324822538043,2458.8324822538043,5.634466756125244e-05,19.522933570142587
955,9696.133757961783,2829.522292993631,157,2070.50541877091,2070.50541877091,2070.50541877091,4.744607058285018e-05,19.709564995803316
2144,7805.655913978495,3041.8817204301076,93,1509.270304898438,1509.270304898438,1509.270304898438,3.458524897622315e-05,20.052838356096096
4283,8342.38679245283,3284.132075471698,106,1339.0805605819012,1339.0805605819012,1339.0805605819012,3.068531490789649e-05,20.18273916081261
1,9202.169811320755,1979.622641509434,106,1269.5388583885567,1269.5388583885567,1269.5388583885567,2.9091752060485247e-05,20.240640928369874
10758,9285.11009174312,3769.8990825688074,109,1212.3658094391217,1212.3658094391217,1212.3658094391217,2.778161952410101e-05,20.290671724152688
2050,9476.866666666667,3026.5333333333333,105,1203.68608986164,1203.68608986164,1203.68608986164,2.758272191003101e-05,20.298472820095775
785,9697.101123595505,2776.808988764045,89,1196.055801245098,1196.055801245098,1196.055801245098,2.7407872228892347e-05,20.30537731974502
588,8148.878787878788,2710.378787878788,66,1075.681480270725,1075.681480270725,1075.681480270725,2.464946914646859e-05,20.420546695525164
10350,8627.933333333334,3407.786666666667,75,979.9784059249047,979.9784059249047,979.9784059249047,2.245641291042019e-05,20.521714659390533
9167,8900.030303030304,4122.070707070707,99,881.4494963397223,881.4494963397223,881.4494963397223,2.01986020608331e-05,20.63676233954128
7556,9621.613333333333,3666.7333333333336,75,765.0523537703658,765.0523537703658,765.0523537703658,1.7531336864654056e-05,20.790528035298603
4,9025.971428571429,1995.1857142857143,70,717.047853901958,717.047853901958,717.047853901958,1.6431303574037052e-05,20.860885573622554
10642,8841.16393442623,3579.0819672131147,61,714.2745143212225,714.2745143212225,714.2745143212225,1.6367751909643968e-05,20.865093038028867
8427,8726.607142857143,3833.964285714286,56,647.026186085326,647.026186085326,647.026186085326,1.4826742212623684e-05,20.972451280534983
7161,7557.514705882353,3605.1029411764703,68,647.0132664454962,647.0132664454962,647.0132664454962,1.4826446156338242e-05,20.97247296043151
6618,7525.5084745762715,3530.915254237288,59,646.2478743517689,646.2478743517689,646.2478743517689,1.4808907034260456e-05,20.973758105369072
1317,8392.183673469388,2906.8979591836733,49,603.4061649975258,603.4061649975258,603.4061649975258,1.3827180182698772e-05,21.048231566795053
9094,8085.357142857143,4072.714285714286,42,586.0874669018607,586.0874669018607,586.0874669018607,1.3430318544568996e-05,21.079849838468235
8886,8179.375,3974.9375,48,581.5373722793627,581.5373722793627,581.5373722793627,1.3326052161752262e-05,21.088311850080103
4042,8186.712121212121,3261.0757575757575,66,572.9362910378283,572.9362910378283,572.9362910378283,1.3128956561820475e-05,21.104490093701862
897,7900.597222222223,2810.8611111111113,72,547.7702158139554,547.7702158139554,547.7702158139554,1.2552270613288164e-05,21.15325988829223
2610,8419.2,3104.3,40,526.4132767495979,526.4132767495979,526.4132767495979,1.2062871827322828e-05,21.196438839031476
20,8934.585365853658,2091.8048780487807,41,522.4023496473391,522.4023496473391,522.4023496473391,1.1970960582526662e-05,21.204743120336246
144,8168.547169811321,2457.0188679245284,53,522.3310991219735,522.3310991219735,522.3310991219735,1.1969327861634018e-05,21.2048912141399
9651,9120.407407407407,3192.4814814814818,54,516.9665197008156,516.9665197008156,516.9665197008156,1.1846397386999158e-05,21.216099879924815
9550,8526.620689655172,3147.2758620689656,58,481.81239815885186,481.81239815885186,481.81239815885186,1.1040833239792908e-05,21.292560996365225
696,9695.08695652174,2746.521739130435,46,476.59399194011024,476.59399194011024,476.59399194011024,1.0921252355077631e-05,21.30438451635264
3158,8193.2,3166.4444444444443,45,473.03067740375246,473.03067740375246,473.03067740375246,1.0839598247115293e-05,21.31253265715783
5716,9638.943396226416,3428.830188679245,53,467.97867704797216,467.97867704797216,467.97867704797216,1.0723830588024969e-05,21.324190761016286
655,9502.553191489362,2735.978723404255,94,463.1129516576091,463.1129516576091,463.1129516576091,1.0612331459254288e-05,21.335538607237503
9787,8731.060606060606,3251.666666666667,33,444.4646295854815,444.4646295854815,444.4646295854815,1.0185001205846346e-05,21.38016291039676
3810,9356.433962264151,3233.471698113208,53,437.3588741719059,437.3588741719059,437.3588741719059,1.002217131424572e-05,21.397661067047444
567,9381.632183908046,2703.425287356322,87,423.75243050246644,423.75243050246644,423.75243050246644,9.710376773227313e-06,21.431975418943992
348,7908.342105263158,2603.5,38,419.1706288057155,419.1706288057155,419.1706288057155,9.605383816082717e-06,21.443778814104082
2940,7575.63829787234,3140.978723404255,47,417.72540701297225,417.72540701297225,417.72540701297225,9.57226625233972e-06,21.4475286972841
9576,8836.266666666666,3164.022222222222,45,398.27417961482183,398.27417961482183,398.27417961482183,9.126537253183777e-06,21.49930054511969
3274,9717.142857142857,3179.5510204081634,49,397.9970290185303,397.9970290185303,397.9970290185303,9.120186288518573e-06,21.500056349035376
7971,8988.3125,3735.9375,16,389.633764843668,389.633764843668,389.633764843668,8.928540317082724e-06,21.52311446219768
1728,7906.275,2977.325,40,370.2539320900417,370.2539320900417,370.2539320900417,8.484447341340495e-06,21.57850672586694
2770,9182.945454545454,3123.7636363636366,55,364.23107433030356,364.23107433030356,364.23107433030356,8.346432279033323e-06,21.596313437357534
962,8432.472222222223,2827.8333333333335,36,358.3650439387263,358.3650439387263,358.3650439387263,8.212010949112275e-06,21.613941822917763
7719,9311.9375,3690.708333333333,48,356.90097306267126,356.90097306267126,356.90097306267126,8.178461454629505e-06,21.6183865943418
178,8848.166666666666,2481.5208333333335,48,355.6096126087016,355.6096126087016,355.6096126087016,8.148869656080473e-06,21.62232219435016
10151,8871.851851851852,3342.9074074074074,54,353.4102461639966,353.4102461639966,353.4102461639966,8.098470707772011e-06,21.62905808307364
7968,8754.326923076924,3739.0576923076924,52,334.6968819897109,334.6968819897109,334.6968819897109,7.669650000805305e-06,21.688126758103113
7347,9734.818181818182,3633.038961038961,77,317.69340921682794,317.69340921682794,317.69340921682794,7.280011817769456e-06,21.744735411503797
2076,9068.184210526317,3030.0263157894738,38,312.5501984822479,312.5501984822479,312.5501984822479,7.162154053513898e-06,21.762456476825605
8543,8695.045454545454,3866.136363636364,44,308.1017188203386,308.1017188203386,308.1017188203386,7.0602161990596885e-06,21.778020621557474
9891,8796.96875,3272.03125,64,302.76131857423934,302.76131857423934,302.76131857423934,6.937839795346865e-06,21.797004954430985
5468,9678.925,3405.175,40,295.3157878436945,295.3157878436945,295.3157878436945,6.767223880331337e-06,21.82403926102621
1230,8947.394736842105,2885.7105263157896,38,283.02559763418355,283.02559763418355,283.02559763418355,6.485591566370399e-06,21.870191634110505
9991,8789.045454545454,3295.727272727273,44,280.4105170379863,280.4105170379863,280.4105170379863,6.425666440156207e-06,21.880270178938254
9781,8814.326530612245,3244.5510204081634,49,278.92278491815847,278.92278491815847,278.92278491815847,6.391574743256603e-06,21.886045942437637
2636,7977.684210526316,3107.157894736842,38,278.6269159307364,278.6269159307364,278.6269159307364,6.384794842690665e-06,21.88719825478279
9965,8818.391304347826,3292.4565217391305,46,278.1104543226022,278.1104543226022,278.1104543226022,6.372960015459247e-06,21.889212638070596
6874,8430.375,3564.525,40,277.26016628053424,277.26016628053424,277.26016628053424,6.353475484728746e-06,21.892537226008205
732,8725.633333333333,2756.5333333333333,30,268.2123389804779,268.2123389804779,268.2123389804779,6.14614260416341e-06,21.928559040696925
9988,8875.57142857143,3299.5,56,264.63167967276786,264.63167967276786,264.63167967276786,6.064091037088739e-06,21.943151340999073
3561,8715.958333333334,3207.895833333333,48,264.4760974863848,264.4760974863848,264.4760974863848,6.06052583830701e-06,21.943789854454106
202,8605.888888888889,2503.1481481481483,27,263.6818981407138,263.6818981407138,263.6818981407138,6.04232659194429e-06,21.947055133557924
10132,8745.34,3333.8599999999997,50,261.0235331605488,261.0235331605488,261.0235331605488,5.981409594895928e-06,21.958056764675145
25,8644.888888888889,2128.777777777778,36,259.47859895124293,259.47859895124293,259.47859895124293,5.9460070999900705e-06,21.964502063656575
9751,8825.255319148937,3243.5744680851067,47,256.4997437898689,256.4997437898689,256.4997437898689,5.8777460025008695e-06,21.97703858530026
9143,8163.16,4104.4400000000005,25,255.21393458492358,255.21393458492358,255.21393458492358,5.848281412000001e-06,21.982494966880076
1075,9782.685714285715,2856.3714285714286,35,253.24904987147187,253.24904987147187,253.24904987147187,5.803255662269322e-06,21.99088636273848
6684,9220.75,3539.267857142857,56,251.95013893680465,251.95013893680465,251.95013893680465,5.773490842854534e-06,21.996469418955957
4054,8855.25,3260.104166666667,48,251.3516454732097,251.3516454732097,251.3516454732097,5.7597762382658835e-06,21.999051592705975
10153,8863.04347826087,3344.4565217391305,46,244.9465446638874,244.9465446638874,244.9465446638874,5.613001995448507e-06,22.027077630748675
10352,8769.037735849057,3404.6415094339623,53,242.99456660455607,242.99456660455607,242.99456660455607,5.5682720044329865e-06,22.03576451736945
10549,8764.454545454546,3499.727272727273,55,242.5547204749226,242.5547204749226,242.5547204749226,5.558192837132583e-06,22.03773159676099
6456,8458.48275862069,3510.655172413793,29,232.82741048943416,232.82741048943416,232.82741048943416,5.335289466791869e-06,22.08217065453048
9935,8789.416666666666,3285.416666666667,48,230.98380269331506,230.98380269331506,230.98380269331506,5.293042803330498e-06,22.090802107228924
19,8685.609756097561,2088.2926829268295,41,229.93354600963943,229.93354600963943,229.93354600963943,5.2689759487876274e-06,22.095750081882073
10382,8786.87037037037,3433.0555555555557,54,227.45969246948812,227.45969246948812,227.45969246948812,5.2122870705004465e-06,22.107494805323146
4364,9079.744186046511,3292.302325581395,43,227.4526642652087,227.4526642652087,227.4526642652087,5.212126017709525e-06,22.10752835365714
8500,8146.8387096774195,3851.258064516129,31,223.33487285235302,223.33487285235302,223.33487285235302,5.117765954582628e-06,22.127364570102948
10167,8775.93023255814,3351.139534883721,43,219.63986438556518,219.63986438556518,219.63986438556518,5.033094052287625e-06,22.14547800719348
9779,8799.57142857143,3240.2571428571428,35,219.16532141044897,219.16532141044897,219.16532141044897,5.022219799417848e-06,22.1478263326296
1431,8066.5,2928.142857142857,28,216.70197384177843,216.70197384177843,216.70197384177843,4.965771667694235e-06,22.16009875657791
9970,8816.818181818182,3299.4242424242425,33,216.31028324155812,216.31028324155812,216.31028324155812,4.956795994558482e-06,22.16206300943569
1581,8226.12,2952.48,25,216.2849916279433,216.2849916279433,216.2849916279433,4.956216431871109e-06,22.162189964223245
10185,8806.394736842105,3357.184210526316,38,214.29663224040365,214.29663224040365,214.29663224040365,4.910652755007476e-06,22.172217559461856
8751,9480.5,3927.676470588235,34,214.13299390922978,214.13299390922978,214.13299390922978,4.906902947960101e-06,22.17304695154138
745,9662.757575757576,2759.4545454545455,33,213.59859763933395,213.59859763933395,213.59859763933395,4.894657144152575e-06,22.17575993179007
9670,8753.613636363636,3207.090909090909,44,213.51249985767612,213.51249985767612,213.51249985767612,4.892684195234629e-06,22.176197660898534
5393,8901.214285714286,3397.1190476190477,42,212.41403676776093,212.41403676776093,212.41403676776093,4.867512680673847e-06,22.181797893276375
8938,8476.568181818182,3996.181818181818,44,212.12455265408067,212.12455265408067,212.12455265408067,4.860879090843185e-06,22.18327857578425
9947,8849.702127659575,3285.6382978723404,47,208.6154581629682,208.6154581629682,208.6154581629682,4.780467446711365e-06,22.201389709412183
9897,8912.394736842105,3271.4473684210525,38,208.5927378660613,208.5927378660613,208.5927378660613,4.779946806291429e-06,22.201507963316082
10288,8741.78947368421,3393.0526315789475,38,207.95351287828709,207.95351287828709,207.95351287828709,4.765298830191825e-06,22.204840271580885
145,8616.631578947368,2457.1315789473683,38,207.64010554209332,207.64010554209332,207.64010554209332,4.758117034645953e-06,22.20647782202038
1959,7792.5,3012.166666666667,24,207.09328554388242,207.09328554388242,207.09328554388242,4.745586538470468e-06,22.209340878751934
7143,8640.6,3598.2,5,205.83966773388312,205.83966773388312,205.83966773388312,4.716859620608813e-06,22.215933243996876
9830,8789.369565217392,3257.2391304347825,46,204.98579455513286,204.98579455513286,204.98579455513286,4.6972929357112495e-06,22.220446510308264
9946,8860.068181818182,3280.977272727273,44,204.2785595076812,204.2785595076812,204.2785595076812,4.681086494677168e-06,22.224198957610408
9802,8870.447368421053,3246.921052631579,38,202.90229797485844,202.90229797485844,202.90229797485844,4.649549169908643e-06,22.231538510225572
10360,8880.425,3406.5,40,202.02091409277548,202.02091409277548,202.02091409277548,4.629352071412412e-06,22.23626509479203
10358,8761.905660377359,3428.0,53,199.86793447522015,199.86793447522015,199.86793447522015,4.580016087081299e-06,22.24789811367083
10250,8785.1,3375.375,40,197.22173026144998,197.22173026144998,197.22173026144998,4.519377756572748e-06,22.262369012847568
3149,8749.232558139534,3166.0232558139533,43,197.09073671121814,197.09073671121814,197.09073671121814,4.5163760116007945e-06,22.26309039224701
10240,8872.76,3370.6800000000003,50,195.23776047932847,195.23776047932847,195.23776047932847,4.473914668447793e-06,22.27334638107006
10095,8871.763157894737,3326.815789473684,38,192.85163897881836,192.85163897881836,192.85163897881836,4.419236188446681e-06,22.286697589072393
4511,8477.490196078432,3307.4901960784314,51,192.42633060824016,192.42633060824016,192.42633060824016,4.409490156976786e-06,22.289094678551397
9560,8769.477272727272,3153.113636363636,44,192.16196611847238,192.16196611847238,192.16196611847238,4.403432188653009e-06,22.290587340420956
574,8941.066666666666,2701.9666666666667,30,191.57772179256,191.57772179256,191.57772179256,4.3900441060749285e-06,22.293893413403158
10184,8798.514285714286,3356.3142857142857,35,191.43712683112966,191.43712683112966,191.43712683112966,4.386822342730026e-06,22.294690505459698
4548,8707.272727272728,3310.886363636364,44,189.59486212713526,189.59486212713526,189.59486212713526,4.344606456509406e-06,22.305189514110495
9930,8699.375,3289.525,40,188.58541416738535,188.58541416738535,188.58541416738535,4.321474742526045e-06,22.31098567466317
40,8344.59090909091,2191.272727272727,22,187.88959997300591,187.88959997300591,187.88959997300591,4.3055300127611384e-06,22.314999069945568
9976,8915.333333333334,3292.1388888888887,36,185.57523145761326,185.57523145761326,185.57523145761326,4.252495767624398e-06,22.328455897169356
9971,8809.777777777777,3300.925925925926,27,183.56604282306182,183.56604282306182,183.56604282306182,4.206454784150046e-06,22.340275059841183
9797,8892.952380952382,3249.6190476190477,42,182.81770047590587,182.81770047590587,182.81770047590587,4.1893063606291965e-06,22.3447103194541
9714,8932.72972972973,3229.6486486486488,37,179.51431408346775,179.51431408346775,179.51431408346775,4.113608561185095e-06,22.36450821441378
9695,8522.955555555556,3215.177777777778,45,179.27742091771472,179.27742091771472,179.27742091771472,4.1081801040745674e-06,22.36594193486496
10129,8862.527777777777,3332.75,36,176.47957459557207,176.47957459557207,176.47957459557207,4.04406686250713e-06,22.383019803836305
9171,8965.5,4122.3125,32,175.50703033071218,175.50703033071218,175.50703033071218,4.021780804515125e-06,22.389019629917136
5057,8527.04347826087,3363.913043478261,46,175.00411520047703,175.00411520047703,175.00411520047703,4.010256397696386e-06,22.392135271439404
10222,8811.9,3370.5333333333333,30,172.1924962228403,172.1924962228403,172.1924962228403,3.945827552808734e-06,22.40972036962441
9631,8873.615384615385,3191.8205128205127,39,172.0360512030324,172.0360512030324,172.0360512030324,3.942242582016169e-06,22.410707260659592
10102,8687.09375,3326.90625,32,171.52429994656205,171.52429994656205,171.52429994656205,3.9305156934916424e-06,22.413941785691698
4115,8818.485714285714,3267.4285714285716,35,171.23773720119365,171.23773720119365,171.23773720119365,3.923949047435128e-06,22.41575722372947
4847,8760.375,3343.5,32,171.2179567434356,171.2179567434356,171.2179567434356,3.923495774052484e-06,22.415882649351172
9618,8823.0,3181.7368421052633,38,169.6681079665214,169.6681079665214,169.6681079665214,3.887980660788077e-06,22.425755382195707
10674,8855.128205128205,3602.4615384615386,39,169.11098960048267,169.11098960048267,169.11098960048267,3.875214175330741e-06,22.42932634705133
10261,8896.833333333334,3384.0476190476193,42,168.21822141052377,168.21822141052377,168.21822141052377,3.854756203006255e-06,22.4350733323571
2746,9001.192307692309,3120.7692307692305,52,167.87173705539723,167.87173705539723,167.87173705539723,3.846816440559777e-06,22.437311963607694
10390,8965.651162790698,3420.9767441860467,43,167.28821539860888,167.28821539860888,167.28821539860888,3.833444918097867e-06,22.44109255388723
10378,8794.558139534884,3426.511627906977,43,164.81328219186702,164.81328219186702,164.81328219186702,3.7767312990218923e-06,22.457275403728907
10080,9084.119047619048,3323.785714285714,42,162.58509515390674,162.58509515390674,162.58509515390674,3.725671920709513e-06,22.472054100617825
4117,8840.558823529413,3265.0588235294117,34,162.36552291204615,162.36552291204615,162.36552291204615,3.72064037624172e-06,22.473521385525604
2910,8895.755555555555,3137.9555555555553,45,162.27832130244826,162.27832130244826,162.27832130244826,3.7186421328725356e-06,22.474104658232715
5267,8827.181818181818,3384.060606060606,33,161.13846465041132,161.13846465041132,161.13846465041132,3.692522076061006e-06,22.481757871135525
10232,8727.62962962963,3365.814814814815,27,160.7206693629641,160.7206693629641,160.7206693629641,3.682948208483702e-06,22.484576593219813
9733,8800.157894736842,3227.894736842105,38,160.216502565757,160.216502565757,160.216502565757,3.6713951194509683e-06,22.48798780664803
10030,8838.17857142857,3307.964285714286,28,159.9506623320941,159.9506623320941,159.9506623320941,3.665303334143003e-06,22.489790817477022
9917,8711.333333333334,3278.7692307692305,39,159.29504171820076,159.29504171820076,159.29504171820076,3.650279648795287e-06,22.494250279444884
4217,8966.379310344828,3274.1724137931033,29,158.7929977959031,158.7929977959031,158.7929977959031,3.6387752058911163e-06,22.4976775552159
3742,8764.702702702703,3229.675675675676,37,157.04240122142684,157.04240122142684,157.04240122142684,3.5986599142904785e-06,22.509713606598652
10003,8893.258064516129,3300.1612903225805,31,156.88394496221633,156.88394496221633,156.88394496221633,3.5950288555206547e-06,22.510809670781846
10646,8853.0,3581.918918918919,37,156.56340295290968,156.56340295290968,156.56340295290968,3.5876835674279725e-06,22.513030293724007
5331,8945.386363636364,3389.0,44,154.76557839534803,154.76557839534803,154.76557839534803,3.5464860365834084e-06,22.525569986631737
5408,8688.371428571429,3398.8,35,154.37772928495787,154.37772928495787,154.37772928495787,3.5375983920014437e-06,22.528294302711757
9782,8804.441176470587,3246.470588235294,34,154.27944594917457,154.27944594917457,154.27944594917457,3.5353462085275844e-06,22.528985748031374
10315,8808.677419354839,3403.0,31,153.5718465030365,153.5718465030365,153.5718465030365,3.5191314172203576e-06,22.533976909081762
4033,9163.567567567567,3256.4054054054054,37,153.01950147867996,153.01950147867996,153.01950147867996,3.5064743138995347e-06,22.537888967547968
10043,8993.95,3311.75,40,152.96801323687754,152.96801323687754,152.96801323687754,3.5052944499240064e-06,22.538254359245883
9899,8907.033333333333,3274.133333333333,30,152.54686937768125,152.54686937768125,152.54686937768125,3.4956438491152327e-06,22.541247676108544
4421,8669.264705882353,3298.2941176470586,34,152.4315274924034,152.4315274924034,152.4315274924034,3.493000765363585e-06,22.542068920288642
10160,8736.0625,3348.53125,32,151.18121232437787,151.18121232437787,151.18121232437787,3.464349528242862e-06,22.551011365326865
5538,8693.387096774193,3412.451612903226,31,150.10530027166254,150.10530027166254,150.10530027166254,3.4396947754799476e-06,22.558765855392593
10155,8801.148148148148,3342.0,27,149.55645082734935,149.55645082734935,149.55645082734935,3.4271177741168216e-06,22.562743048856987
5358,8863.862068965518,3391.8965517241377,29,149.0733022348979,149.0733022348979,149.0733022348979,3.4160463217015637e-06,22.566256244521
10118,8833.344827586207,3326.8965517241377,29,147.80777508971073,147.80777508971073,147.80777508971073,3.3870464988995027e-06,22.57551272509282
9629,8867.702702702703,3182.135135135135,37,147.69582666430406,147.69582666430406,147.69582666430406,3.3844811770001586e-06,22.576335364570802
9776,8771.0625,3247.15625,32,147.3195424497469,147.3195424497469,147.3195424497469,3.3758585444577672e-06,22.57910502106562
1589,9463.25,2953.964285714286,28,147.2839233914535,147.2839233914535,147.2839233914535,3.375042326186343e-06,22.5793675631321
5679,8813.916666666666,3423.333333333333,24,147.12393055970588,147.12393055970588,147.12393055970588,3.371376056531104e-06,22.580547626942895
10045,8748.457142857143,3316.885714285714,35,146.1632614363173,146.1632614363173,146.1632614363173,3.3493621199232413e-06,22.58766036153751
2988,7842.863636363636,3147.0,22,145.64556617358403,145.64556617358403,145.64556617358403,3.337499023235172e-06,22.591512754106184
9741,8630.783783783783,3230.5945945945946,37,144.23448539040402,144.23448539040402,144.23448539040402,3.305163807963625e-06,22.602083150979407
10345,8937.939393939394,3407.4848484848485,33,142.20128238005879,142.20128238005879,142.20128238005879,3.2585725299773217e-06,22.61749714214456
10422,8688.333333333334,3432.181818181818,33,141.9871478762658,141.9871478762658,141.9871478762658,3.253665592430055e-06,22.61913333561835
9831,8800.344827586207,3255.1724137931033,29,141.86737029143404,141.86737029143404,141.86737029143404,3.2509208636828374e-06,22.620049628012975
10322,8792.14705882353,3401.0588235294117,34,141.79506973062507,141.79506973062507,141.79506973062507,3.249264081005418e-06,22.620603098103615
9987,8880.931034482759,3292.9310344827586,29,140.99706234414566,140.99706234414566,140.99706234414566,3.2309775725803332e-06,22.626730763711667
10113,8786.576923076924,3333.0,26,140.99453657957537,140.99453657957537,140.99453657957537,3.2309196941497863e-06,22.626750213326826
5454,9070.477272727272,3404.931818181818,44,140.80299614725328,140.80299614725328,140.80299614725328,3.226530504539832e-06,22.628226183766035
4831,8831.90322580645,3338.8387096774195,31,140.08706372771948,140.08706372771948,140.08706372771948,3.210124761380794e-06,22.633760843352366
10207,8764.0,3361.25,28,139.96020247122388,139.96020247122388,139.96020247122388,3.207217708795782e-06,22.634744519218586
3441,9622.347826086956,3194.608695652174,23,139.6316506030495,139.6316506030495,139.6316506030495,3.1996888730891932e-06,22.63729624466189
8068,8833.771428571428,3755.057142857143,35,139.41271266008965,139.41271266008965,139.41271266008965,3.194671863715171e-06,22.638999980206048
4038,8763.5,3257.5,22,139.3024709122788,139.3024709122788,139.3024709122788,3.1921456506947217e-06,22.639858874662977
9780,8791.5,3242.583333333333,36,138.7310638846582,138.7310638846582,138.7310638846582,3.179051737528284e-06,22.644321632520303
9499,9192.818181818182,3102.636363636364,22,138.7062636721769,138.7062636721769,138.7062636721769,3.1784834354020547e-06,22.644515741142136
6183,8805.44,3479.16,25,138.25443589859157,138.25443589859157,138.25443589859157,3.1681297061905915e-06,22.648058238023857
4518,9055.75,3308.025,40,137.5621332907785,137.5621332907785,137.5621332907785,3.1522654451762495e-06,22.653508668987357
3903,8847.28125,3244.0625,32,137.54421518608575,137.54421518608575,137.54421518608575,3.151854848008884e-06,22.65365010036559
10677,8865.76923076923,3609.6153846153848,39,137.44736327509827,137.44736327509827,137.44736327509827,3.1496354659376584e-06,22.654414892008994
10220,8812.04,3366.0,25,137.40649577645408,137.40649577645408,137.40649577645408,3.1486989785430162e-06,22.654737764122604
10111,8785.814814814814,3327.7037037037035,27,136.94743573602727,136.94743573602727,136.94743573602727,3.1381795204037638e-06,22.65837116254666
10512,8791.064516129032,3471.2258064516127,31,136.34407966363085,136.34407966363085,136.34407966363085,3.124353488103638e-06,22.66316521255971
10584,8865.333333333334,3523.8888888888887,36,136.1803218569213,136.1803218569213,136.1803218569213,3.120600943249036e-06,22.66447003370573
10629,8869.088235294117,3560.735294117647,34,135.92465403825076,135.92465403825076,135.92465403825076,3.1147422609869988e-06,22.666510333688464
6967,8811.176470588236,3574.764705882353,34,135.74180744883992,135.74180744883992,135.74180744883992,3.1105522926303014e-06,22.667971855224323
10403,8889.542857142857,3428.3714285714286,35,135.61452610444553,135.61452610444553,135.61452610444553,3.107635613642037e-06,22.668990397685633
3694,8666.75,3221.46875,32,134.859120799705,134.859120799705,134.859120799705,3.0903253409509113e-06,22.675055114382
10386,8814.777777777777,3413.814814814815,27,134.21155342316678,134.21155342316678,134.21155342316678,3.0754861972443362e-06,22.68028116664665
9949,8853.185185185186,3292.148148148148,27,133.656598795976,133.656598795976,133.656598795976,3.062769294321376e-06,22.68477991118049
9814,9010.677419354839,3250.1290322580644,31,133.42429532463018,133.42429532463018,133.42429532463018,3.0574460110311262e-06,22.68666862998058
9879,8819.67857142857,3283.75,28,132.62923201618918,132.62923201618918,132.62923201618918,3.0392269667783854e-06,22.693157787236405
10112,8778.285714285714,3333.5714285714284,28,132.4532796173486,132.4532796173486,132.4532796173486,3.0351949802600567e-06,22.694599134057924
2678,8909.7,3111.4333333333334,30,131.66889028437942,131.66889028437942,131.66889028437942,3.0172205324179528e-06,22.701047986128884
10115,8770.617647058823,3341.2058823529414,34,131.01211189279644,131.01211189279644,131.01211189279644,3.0021703163490497e-06,22.70647730578492
5392,8699.655172413793,3397.241379310345,29,130.32973610747683,130.32973610747683,130.32973610747683,2.9865335305764622e-06,22.712147134667767
9862,9060.258064516129,3261.935483870968,31,130.3217686564474,130.3217686564474,130.3217686564474,2.98635095474716e-06,22.712213511035348
10427,8927.28125,3439.1875,32,130.25539436287278,130.25539436287278,130.25539436287278,2.984829973739683e-06,22.712766629154547
3163,8942.967741935485,3165.8387096774195,31,130.09078263824847,130.09078263824847,130.09078263824847,2.9810578611750483e-06,22.714139608278174
10252,8790.62962962963,3378.666666666667,27,129.88470354259636,129.88470354259636,129.88470354259636,2.976335515012939e-06,22.715860905815447
3964,8855.192307692309,3250.076923076923,26,129.8005573962539,129.8005573962539,129.8005573962539,2.9744072882319583e-06,22.716564530814736
10088,8903.3,3323.7666666666664,30,129.71795183441225,129.71795183441225,129.71795183441225,2.9725143642713914e-06,22.717255717370186
10342,8930.41379310345,3401.9310344827586,29,129.0154277465511,129.0154277465511,129.0154277465511,2.9564158758749692e-06,22.723151807875656
10104,8690.5,3329.214285714286,28,128.74411703981153,128.74411703981153,128.74411703981153,2.9501987335168054e-06,22.72543744169051
10253,8801.44,3382.6800000000003,25,128.71147026039623,128.71147026039623,128.71147026039623,2.949450625645945e-06,22.72571279629393
9937,8797.44,3292.52,25,128.41731353329487,128.41731353329487,128.41731353329487,2.9427099618882257e-06,22.728196973624083
10502,8799.807692307691,3473.576923076923,26,128.0661428213994,128.0661428213994,128.0661428213994,2.93466281058296e-06,22.731170101011156
5464,8847.038461538461,3404.4615384615386,26,127.9478722635132,127.9478722635132,127.9478722635132,2.9319526156776634e-06,22.732173254184204
4358,9201.0,3289.333333333333,27,127.56111333829327,127.56111333829327,127.56111333829327,2.923089952919975e-06,22.735460171764387
5010,8650.941176470587,3356.323529411765,34,127.40714732880319,127.40714732880319,127.40714732880319,2.9195617891743513e-06,22.736771444710186
9950,8853.130434782608,3297.304347826087,23,127.27898184174148,127.27898184174148,127.27898184174148,2.916624849869442e-06,22.73786419304087
10443,8756.029411764706,3442.1176470588234,34,127.26566323020417,127.26566323020417,127.26566323020417,2.916319651062747e-06,22.737977811606697
3249,8796.142857142857,3175.714285714286,35,127.22053941378907,127.22053941378907,127.22053941378907,2.915285629244118e-06,22.73836284278861
10558,8664.774193548386,3505.741935483871,31,126.15529293081352,126.15529293081352,126.15529293081352,2.8908752802727093e-06,22.74749223352217
10130,8769.119999999999,3331.4,25,126.13044408255416,126.13044408255416,126.13044408255416,2.8903058636473156e-06,22.74770611239308
10641,8921.965517241379,3572.7241379310344,29,125.2502849178338,125.2502849178338,125.2502849178338,2.870136829809068e-06,22.755309118239474
4252,8745.576923076924,3277.346153846154,26,124.84569281555758,124.84569281555758,124.84569281555758,2.8608655160188074e-06,22.758822015014516
10162,8877.875,3347.791666666667,24,124.30898902312481,124.30898902312481,124.30898902312481,2.848566834843191e-06,22.76349958828488
9916,8508.42857142857,3279.6,35,124.0249117792853,124.0249117792853,124.0249117792853,2.842057144581095e-06,22.765983607439125
10178,8899.703703703704,3360.074074074074,27,123.57281147379115,123.57281147379115,123.57281147379115,2.8316971702431684e-06,22.769948605250363
9900,8915.444444444445,3279.5555555555557,27,123.52164219909815,123.52164219909815,123.52164219909815,2.830524615466568e-06,22.77039828215791
4453,8799.931034482759,3300.448275862069,29,123.48435923166437,123.48435923166437,123.48435923166437,2.829670268364472e-06,22.770726043164817
3865,8870.21052631579,3237.894736842105,38,123.2518758060294,123.2518758060294,123.2518758060294,2.8243428613835392e-06,22.772772080277107
4631,8898.884615384615,3316.5384615384614,26,122.90959738316806,122.90959738316806,122.90959738316806,2.8164994787665035e-06,22.775791434284795
5883,8907.392857142857,3444.785714285714,28,122.64760838862004,122.64760838862004,122.64760838862004,2.810495945419252e-06,22.778108214553296
9594,8664.57142857143,3169.857142857143,35,122.14516222245116,122.14516222245116,122.14516222245116,2.7989822850115038e-06,22.782565247808584
1522,8331.0,2941.666666666667,18,121.55562508903951,121.55562508903951,121.55562508903951,2.785472916627593e-06,22.78781827194083
10551,8850.296296296296,3499.5555555555557,27,121.19220111350137,121.19220111350137,121.19220111350137,2.777144979188473e-06,22.791069241219493
1659,9696.1,2966.5,20,121.150897035295,121.150897035295,121.150897035295,2.7761984874806166e-06,22.791439339100464
6596,8876.935483870968,3526.290322580645,31,121.04900067032656,121.04900067032656,121.04900067032656,2.773863510677079e-06,22.792352903310483
10379,8785.8,3425.3,30,120.8812335667574,120.8812335667574,120.8812335667574,2.7700190919350368e-06,22.79385871632376
10148,8669.866666666667,3344.3,30,120.86864589588278,120.86864589588278,120.86864589588278,2.769730642788574e-06,22.793971782688427
9774,8773.225806451614,3240.709677419355,31,120.85779900289421,120.85779900289421,120.85779900289421,2.7694820839363854e-06,22.794069222291608
10353,8762.5,3410.75,28,120.83594139814272,120.83594139814272,120.83594139814272,2.768981212290067e-06,22.794265599681054
10404,8898.148148148148,3428.740740740741,27,120.79321403321839,120.79321403321839,120.79321403321839,2.7680021056653557e-06,22.79464958188248
10331,8968.28,3400.48,25,120.78731113228714,120.78731113228714,120.78731113228714,2.767866839439202e-06,22.794702640739366
9967,8823.458333333334,3296.5,24,120.77162041929859,120.77162041929859,120.77162041929859,2.767507283424907e-06,22.794843691000555
10317,9019.655172413793,3393.310344827586,29,120.73195560207009,120.73195560207009,120.73195560207009,2.766598355729853e-06,22.795200336059125
10172,8921.066666666666,3357.2333333333336,30,120.68766389402195,120.68766389402195,120.68766389402195,2.765583401850846e-06,22.79559872216907
5385,8752.275862068966,3398.8275862068967,29,120.54581910885878,120.54581910885878,120.54581910885878,2.762332998530165e-06,22.796875543566664
9351,9402.923076923076,2731.153846153846,39,120.09062412726237,120.09062412726237,120.09062412726237,2.7519021090333373e-06,22.800983169615176
7932,8644.242424242424,3732.121212121212,33,120.06782654963804,120.06782654963804,120.06782654963804,2.7513796977093795e-06,22.801189301486964
4646,8831.24,3318.92,25,120.05066511210907,120.05066511210907,120.05066511210907,2.750986439730472e-06,22.80134449814803
4602,8861.363636363636,3313.909090909091,22,120.02105122881164,120.02105122881164,120.02105122881164,2.7503078313170752e-06,22.801612358651653
8050,8500.285714285714,3755.0285714285715,35,119.95153742901181,119.95153742901181,119.95153742901181,2.7487149078589257e-06,22.80224137758841
9698,8653.774193548386,3209.548387096774,31,119.49025924070926,119.49025924070926,119.49025924070926,2.7381446203908915e-06,22.806424666020458
9490,8798.457142857143,3098.2285714285717,35,119.45952923464466,119.45952923464466,119.45952923464466,2.7374404357876857e-06,22.80670392703637
6859,8798.818181818182,3560.363636363636,33,118.68522610359025,118.68522610359025,118.68522610359025,2.7196971154005612e-06,22.81376427068441
4132,8642.375,3266.28125,32,118.37084463855709,118.37084463855709,118.37084463855709,2.712492997485836e-06,22.816644058050617
7768,8627.9375,3698.875,32,118.0660917204126,118.0660917204126,118.0660917204126,2.7055095197641517e-06,22.81944295626905
10371,8915.655172413793,3416.793103448276,29,117.7386534571052,117.7386534571052,117.7386534571052,2.6980062025491544e-06,22.82245826289936
4991,8983.42857142857,3353.5,28,117.31752432698461,117.31752432698461,117.31752432698461,2.688355939260273e-06,22.82634869995984
4240,8842.068965517241,3276.7241379310344,29,117.26693717785304,117.26693717785304,117.26693717785304,2.687196724014313e-06,22.826816968828176
28,9422.0,2139.5,12,116.94583873779689,116.94583873779689,116.94583873779689,2.679838685193052e-06,22.82979399191088
10034,8759.310344827587,3308.8275862068967,29,116.63118283729614,116.63118283729614,116.63118283729614,2.6726282785314114e-06,22.832719224089697
9750,8823.275862068966,3235.0344827586205,29,116.57106153638523,116.57106153638523,116.57106153638523,2.6712505861763513e-06,22.833279046099108
10493,9166.0,3467.277777777778,18,115.95800696066725,115.95800696066725,115.95800696066725,2.657202310616695e-06,22.839004068737154
2641,8829.92857142857,3106.5,28,115.8429851421458,115.8429851421458,115.8429851421458,2.6545665612626193e-06,22.840081573728163
4477,9008.07142857143,3301.107142857143,28,115.80070355785242,115.80070355785242,115.80070355785242,2.653597669795564e-06,22.840477929421073
10183,8805.125,3352.375,24,115.61458321788535,115.61458321788535,115.61458321788535,2.6493326827508917e-06,22.842224379605337
5743,8639.0,3430.148148148148,27,115.20751612083994,115.20751612083994,115.20751612083994,2.640004653930838e-06,22.846053891116462
4286,8901.047619047618,3282.095238095238,21,115.18641196349085,115.18641196349085,115.18641196349085,2.6395210476914636e-06,22.846252798682812
4823,8722.44,3339.48,25,115.11809544024072,115.11809544024072,115.11809544024072,2.6379555600792528e-06,22.84689693479363
10407,8892.888888888889,3433.6296296296296,27,115.02626729803994,115.02626729803994,115.02626729803994,2.6358512987347276e-06,22.847763357439902
10335,8650.807692307691,3400.5384615384614,26,114.89741803308942,114.89741803308942,114.89741803308942,2.632898690514547e-06,22.848980251004882
4600,8778.21052631579,3313.3684210526317,19,114.65561977216458,114.65561977216458,114.65561977216458,2.6273578321083613e-06,22.85126755877252
10402,8902.82142857143,3424.4285714285716,28,114.61955327116218,114.61955327116218,114.61955327116218,2.62653136059241e-06,22.851609145746114
4564,9013.40625,3310.6875,32,114.58511885105682,114.58511885105682,114.58511885105682,2.6257422885561883e-06,22.851935375543558
9619,8827.423076923076,3180.4615384615386,26,114.02543928715339,114.02543928715339,114.02543928715339,2.6129171127068518e-06,22.857251539281354
9941,9028.40625,3277.59375,32,113.75642979319672,113.75642979319672,113.75642979319672,2.6067527031274253e-06,22.859816040872122
9982,8531.027027027027,3289.837837837838,37,113.72972261790483,113.72972261790483,113.72972261790483,2.606140702544148e-06,22.86007097460736
4597,8436.551724137931,3313.8275862068967,29,113.65881218948886,113.65881218948886,113.65881218948886,2.6045157750451985e-06,22.860748141747624
9975,8908.153846153846,3285.8846153846152,26,112.87715079721502,112.87715079721502,112.87715079721502,2.5866038385424057e-06,22.868240827945314
1987,7890.315789473684,3013.842105263158,19,112.72104001743722,112.72104001743722,112.72104001743722,2.5830265269309836e-06,22.86974345659672
9440,8909.41935483871,3055.741935483871,31,112.62260748059443,112.62260748059443,112.62260748059443,2.580770924483218e-06,22.87069197923723
5638,8392.034482758621,3422.0,29,112.62023963642567,112.62023963642567,112.62023963642567,2.580716664832148e-06,22.87071480663596
10499,8805.142857142857,3469.1785714285716,28,112.20957661048578,112.20957661048578,112.20957661048578,2.571306234539202e-06,22.874681115184483
9671,8832.0,3194.846153846154,26,112.04962367215222,112.04962367215222,112.04962367215222,2.567640879050003e-06,22.876229918760316
4541,8904.28,3308.7200000000003,25,111.89084112546658,111.89084112546658,111.89084112546658,2.564002343333519e-06,22.877769577871646
3634,8571.724137931034,3217.137931034483,29,111.70280482517471,111.70280482517471,111.70280482517471,2.559693451651853e-06,22.879595728756183
7126,8663.615384615385,3597.7307692307695,26,111.17446474465144,111.17446474465144,111.17446474465144,2.547586426707607e-06,22.884743306429527
10046,8741.833333333334,3320.0,24,110.76964454362877,110.76964454362877,110.76964454362877,2.538309885986218e-06,22.888704019218864
10020,8858.384615384615,3303.0,26,110.70591974420506,110.70591974420506,110.70591974420506,2.536849618698857e-06,22.889328813416874
569,9202.0,2700.785714285714,28,110.50559331265293,110.50559331265293,110.50559331265293,2.5322590960540646e-06,22.89129527272053
10336,8653.608695652174,3403.2608695652175,23,110.42782185815476,110.42782185815476,110.42782185815476,2.5304769466880218e-06,22.892059659468167
10434,8705.964285714286,3446.5714285714284,28,110.24537428828076,110.24537428828076,110.24537428828076,2.5262961219485965e-06,22.89385498378192
4164,8852.0,3270.285714285714,21,109.84771532605018,109.84771532605018,109.84771532605018,2.517183682532188e-06,22.897778352780087
10086,8585.965517241379,3323.1724137931033,29,109.04264190915995,109.04264190915995,109.04264190915995,2.498735254522362e-06,22.905765011568814
9530,8860.275862068966,3136.4137931034484,29,108.8585811480887,108.8585811480887,108.8585811480887,2.494517463164683e-06,22.907599250742848
9715,8856.807692307691,3219.4615384615386,26,108.85039208405641,108.85039208405641,108.85039208405641,2.4943298090264414e-06,22.907680930089136
10287,8743.166666666666,3386.958333333333,24,108.55042858862052,108.55042858862052,108.55042858862052,2.4874560819414006e-06,22.910677068123633
9850,8462.966666666667,3258.5333333333333,30,108.53152661227693,108.53152661227693,108.53152661227693,2.4870229391465917e-06,22.910866144733806
10194,8820.166666666666,3359.791666666667,24,108.0703332478308,108.0703332478308,108.0703332478308,2.476454595435208e-06,22.915489697737517
3715,8781.05,3223.35,20,108.03084050728214,108.03084050728214,108.03084050728214,2.4755496109137504e-06,22.915886536847374
10559,8659.285714285714,3507.5238095238096,21,107.92659340562751,107.92659340562751,107.92659340562751,2.473160766480733e-06,22.916934751388993
10792,8823.757575757576,3877.272727272727,33,107.39791655860027,107.39791655860027,107.39791655860027,2.46104602446066e-06,22.922266283288945
2021,8907.24,3019.6400000000003,25,107.30864202335778,107.30864202335778,107.30864202335778,2.4590002795609043e-06,22.923169176999334
3269,8886.222222222223,3178.6296296296296,27,107.12557047161836,107.12557047161836,107.12557047161836,2.45480515614476e-06,22.92502305523793
10364,8875.296296296296,3416.666666666667,27,106.92510149827064,106.92510149827064,106.92510149827064,2.450211367124505e-06,22.92705674645626
4878,8418.939393939394,3344.4848484848485,33,106.91781735108823,106.91781735108823,106.91781735108823,2.4500444493477058e-06,22.927130713481795
9786,8728.454545454546,3247.227272727273,22,106.88259246066903,106.88259246066903,106.88259246066903,2.449237263516676e-06,22.927488476492787
9834,8802.181818181818,3260.181818181818,22,106.5177948998865,106.5177948998865,106.5177948998865,2.4408778500805042e-06,22.931200506352283
10119,8828.947368421053,3330.789473684211,19,106.42379530626692,106.42379530626692,106.42379530626692,2.4387238294664064e-06,22.93215906751035
10131,8762.782608695652,3334.826086956522,23,106.31904657515972,106.31904657515972,106.31904657515972,2.4363234900881466e-06,22.93322824095892
9467,8864.714285714286,3083.107142857143,28,105.6412217335895,105.6412217335895,105.6412217335895,2.4207909901562987e-06,22.940172386534428
9632,8866.925925925925,3194.814814814815,27,105.59940008901796,105.59940008901796,105.59940008901796,2.419832638305469e-06,22.94060229697358
5294,8849.85,3384.2,20,105.40034284837819,105.40034284837819,105.40034284837819,2.4152711994394803e-06,22.94265086550822
10259,8898.176470588236,3374.8823529411766,17,105.25731854619619,105.25731854619619,105.25731854619619,2.411993767236275e-06,22.944125169228023
3541,8929.260869565218,3206.391304347826,23,105.23474539310759,105.23474539310759,105.23474539310759,2.411476498648128e-06,22.944358037766616
10289,8736.166666666666,3392.333333333333,18,104.99327659082957,104.99327659082957,104.99327659082957,2.4059431898566734e-06,22.94685220133028
9837,8629.92857142857,3258.785714285714,28,104.95197673102439,104.95197673102439,104.95197673102439,2.404996794814374e-06,22.947279367488225
468,9004.625,2651.03125,32,104.550037116153,104.550037116153,104.550037116153,2.3957862633352766e-06,22.951445446080196
10168,8766.875,3354.125,24,104.53877121030143,104.53877121030143,104.53877121030143,2.3955281027145086e-06,22.951562447099736
9646,8859.541666666666,3194.166666666667,24,104.52984616195891,104.52984616195891,104.52984616195891,2.3953235833397825e-06,22.951655146312486
10285,8627.133333333333,3387.666666666667,30,104.38891486010797,104.38891486010797,104.38891486010797,2.392094112682844e-06,22.953119966793558
4718,8969.703703703704,3325.6296296296296,27,104.31744741343627,104.31744741343627,104.31744741343627,2.3904564209924864e-06,22.95386354544158
10098,8956.266666666666,3330.333333333333,30,104.00283061472703,104.00283061472703,104.00283061472703,2.383246910356687e-06,22.957143025595173
5383,8574.965517241379,3397.4137931034484,29,103.9860263541662,103.9860263541662,103.9860263541662,2.38286183716372e-06,22.957318467629815
4572,8615.633333333333,3314.2,30,103.87625484606704,103.87625484606704,103.87625484606704,2.3803463997859464e-06,22.958465216438547
4379,8720.37037037037,3293.333333333333,27,103.83683353698856,103.83683353698856,103.83683353698856,2.3794430521317703e-06,22.958877334359016
3207,8817.310344827587,3172.0,29,103.6072426445811,103.6072426445811,103.6072426445811,2.3741819281629134e-06,22.961280635051317
9934,8790.275862068966,3278.4137931034484,29,103.495090043333,103.495090043333,103.495090043333,2.371611927530881e-06,22.962456557600866
10047,8747.880000000001,3323.6800000000003,25,103.4408621337513,103.4408621337513,103.4408621337513,2.3703692834874275e-06,22.96302559556135
5111,8658.25925925926,3368.148148148148,27,103.36229386374339,103.36229386374339,103.36229386374339,2.3685688749250676e-06,22.963850577356094
10486,8750.56,3469.8,25,103.2165188201877,103.2165188201877,103.2165188201877,2.3652284089001745e-06,22.965382905543613
3863,8841.346153846154,3240.4615384615386,26,103.18584295510948,103.18584295510948,103.18584295510948,2.3645254649491487e-06,22.965705633416363
9710,8928.041666666666,3218.416666666667,24,103.17166396939012,103.17166396939012,103.17166396939012,2.3642005504856873e-06,22.96585483698444
9811,9143.827586206897,3252.620689655172,29,102.88717352035866,102.88717352035866,102.88717352035866,2.357681391539025e-06,22.968852832900954
2417,8874.964285714286,3078.9285714285716,28,102.69720102673091,102.69720102673091,102.69720102673091,2.3533281315766275e-06,22.97085940634217
4321,8799.434782608696,3285.304347826087,23,102.64897148007313,102.64897148007313,102.64897148007313,2.352222941291126e-06,22.971369418925015
29,9798.4,2139.4,15,102.59489205930436,102.59489205930436,102.59489205930436,2.3509836999002976e-06,22.97194157718989
5365,8834.954545454546,3393.636363636364,22,102.37658758404146,102.37658758404146,102.37658758404146,2.3459812065728355e-06,22.9742543005257
4630,8891.954545454546,3320.4545454545455,22,102.11842225252713,102.11842225252713,102.11842225252713,2.3400652932745526e-06,22.976995683764102
9672,8832.25,3201.2,20,102.08349143073212,102.08349143073212,102.08349143073212,2.3392648460883836e-06,22.97736713628941
7795,8825.433333333334,3700.7333333333336,30,101.74631951289875,101.74631951289875,101.74631951289875,2.3315384801165554e-06,22.980959153478935
3667,8721.391304347826,3216.913043478261,23,101.53948932134206,101.53948932134206,101.53948932134206,2.326798922432573e-06,22.98316848728325
3570,8896.45,3208.05,20,101.29861114841759,101.29861114841759,101.29861114841759,2.3212791480379584e-06,22.98574719686114
6729,9064.064516129032,3544.0,31,100.89395912808982,100.89395912808982,100.89395912808982,2.3120064612128442e-06,22.990093013670993
9488,8807.620689655172,3096.0,29,100.75948115926407,100.75948115926407,100.75948115926407,2.3089248700501743e-06,22.99154111811129
7344,8761.458333333334,3631.208333333333,24,100.26724394858775,100.26724394858775,100.26724394858775,2.297645150021662e-06,22.996858230338972
10014,8979.888888888889,3302.5185185185182,27,99.95047662004862,99.95047662004862,99.95047662004862,2.290386359538935e-06,23.00029375086195
10554,8668.48,3499.6800000000003,25,99.68236558130752,99.68236558130752,99.68236558130752,2.284242538251231e-06,23.003210085002813
3898,8357.586206896553,3244.1724137931033,29,99.62783416155816,99.62783416155816,99.62783416155816,2.2829929392079465e-06,23.003804201493313
4011,8974.136363636364,3254.4545454545455,22,99.604639061997,99.604639061997,99.604639061997,2.2824614185845385e-06,23.00405700927181
4190,8654.538461538461,3273.423076923077,26,99.49697826497153,99.49697826497153,99.49697826497153,2.2799943485984534e-06,23.005231195982354
10101,8700.6,3326.24,25,99.43069618106747,99.43069618106747,99.43069618106747,2.2784754805951244e-06,23.00595472387846
3048,8825.64,3154.6,25,99.28765664849598,99.28765664849598,99.28765664849598,2.275197699384316e-06,23.007517772523297
2966,9260.851851851852,3144.259259259259,27,99.26630630095408,99.26630630095408,99.26630630095408,2.2747084516444848e-06,23.007751269201535
9626,8785.119999999999,3180.6400000000003,25,99.0219800889831,99.0219800889831,99.0219800889831,2.2691096647041943e-06,23.010426908324643
10363,8881.96,3413.3199999999997,25,99.02107578764125,99.02107578764125,99.02107578764125,2.2690889424472494e-06,23.010436823670602
5127,8940.75,3369.208333333333,24,98.99952020210613,98.99952020210613,98.99952020210613,2.2685949916352966e-06,23.010673199887993
5126,8859.166666666666,3369.541666666667,24,98.83211266967109,98.83211266967109,98.83211266967109,2.264758812542016e-06,23.012510726674385
5364,8775.3,3394.05,20,98.67030584600468,98.67030584600468,98.67030584600468,2.2610509748774225e-06,23.014289738468335
5431,9379.888888888889,3399.962962962963,27,98.35564487915435,98.35564487915435,98.35564487915435,2.2538404521193073e-06,23.017757698837368
6362,8885.130434782608,3499.478260869565,23,98.27861568621887,98.27861568621887,98.27861568621887,2.25207531183432e-06,23.018608348033812
10219,8808.555555555555,3364.222222222222,18,98.24989130422097,98.24989130422097,98.24989130422097,2.2514170865317606e-06,23.018925727961985
9927,8692.346153846154,3281.7692307692305,26,98.22533360971568,98.22533360971568,98.22533360971568,2.2508543417563612e-06,23.019197143130796
10175,8905.96,3350.08,25,98.21913543605808,98.21913543605808,98.21913543605808,2.2507123092930907e-06,23.01926565696148
2465,8799.862068965518,3083.9655172413795,29,98.21543971724714,98.21543971724714,98.21543971724714,2.2506276211131088e-06,23.019306511029182
8635,8747.566666666666,3892.2666666666664,30,98.1780260387332,98.1780260387332,98.1780260387332,2.249770278738902e-06,23.019720184525404
10550,8853.363636363636,3496.363636363636,22,98.07378865883476,98.07378865883476,98.07378865883476,2.2473816570819887e-06,23.02087354260326
9857,8929.809523809523,3276.190476190476,21,97.87099268130353,97.87099268130353,97.87099268130353,2.242734544267584e-06,23.02312094120296
9707,8774.0,3218.6400000000003,25,97.83128675539669,97.83128675539669,97.83128675539669,2.241824674558452e-06,23.02356151003043
10423,8695.291666666666,3434.75,24,97.7788167465042,97.7788167465042,97.7788167465042,2.240622313181937e-06,23.02414398086057
6280,8679.958333333334,3489.25,24,97.30010772872355,97.30010772872355,97.30010772872355,2.229652594561374e-06,23.029472621633236
6581,7799.466666666666,3523.866666666667,15,97.23688330871975,97.23688330871975,97.23688330871975,2.228203793574492e-06,23.030178349051695
3350,9029.880000000001,3187.3599999999997,25,97.18271945735907,97.18271945735907,97.18271945735907,2.2269626174387523e-06,23.030783305085922
6253,8764.793103448275,3487.4827586206898,29,96.92962396972872,96.92962396972872,96.92962396972872,2.221162880687791e-06,23.033614604580347
4332,8896.136363636364,3286.5454545454545,22,96.83708663769343,96.83708663769343,96.83708663769343,2.219042368107871e-06,23.034651636576253
10446,8774.944444444445,3444.0,18,96.80872505239365,96.80872505239365,96.80872505239365,2.2183924563685563e-06,23.034969672891478
4995,8577.846153846154,3354.3076923076924,26,96.67175471162277,96.67175471162277,96.67175471162277,2.215253751974423e-06,23.036506920297292
8231,9082.933333333334,3787.7333333333336,15,96.62025994383698,96.62025994383698,96.62025994383698,2.2140737384546025e-06,23.037085420502414
10005,9096.92857142857,3300.142857142857,28,96.52711246042409,96.52711246042409,96.52711246042409,2.2119392441265234e-06,23.03813263747156
10208,8772.272727272728,3362.318181818182,22,96.36521404982096,96.36521404982096,96.36521404982096,2.2082293077278605e-06,23.039955198382525
4106,8746.695652173912,3263.0,23,96.36145339482209,96.36145339482209,96.36145339482209,2.208143131521367e-06,23.039997570093096
5145,8976.8,3370.9,20,96.22639217297,96.22639217297,96.22639217297,2.2050481749919583e-06,23.04152041679229
6515,8674.2,3515.56,25,96.22437093983051,96.22437093983051,96.22437093983051,2.2050018580061e-06,23.041543222895655
6795,8743.115384615385,3552.8076923076924,26,96.16881986978657,96.16881986978657,96.16881986978657,2.2037288934601674e-06,23.042170207763277
1442,8880.0,2932.354838709677,31,96.16872107485352,96.16872107485352,96.16872107485352,2.2037266295533337e-06,23.042171323148608
9575,8837.619047619048,3156.095238095238,21,96.0485208778386,96.0485208778386,96.0485208778386,2.200972216558352e-06,23.04352922134133
10238,8882.818181818182,3366.727272727273,22,95.95533393225381,95.95533393225381,95.95533393225381,2.1988368179462388e-06,23.044583121521374
9682,8729.772727272728,3201.590909090909,22,95.95145095642035,95.95145095642035,95.95145095642035,2.1987478387318906e-06,23.04462705834672
10419,8807.130434782608,3432.0434782608695,23,95.9274263019249,95.9274263019249,95.9274263019249,2.1981973086813118e-06,23.04489894275319
5828,8637.666666666666,3442.875,24,95.84621146669022,95.84621146669022,95.84621146669022,2.196336253515754e-06,23.045818546649485
10632,8762.708333333334,3565.625,24,95.6184070202648,95.6184070202648,95.6184070202648,2.1911160663352714e-06,23.048402163964838
6271,8912.59375,3490.84375,32,95.48479673745797,95.48479673745797,95.48479673745797,2.1880543583816596e-06,23.049920354577612
4093,9005.57142857143,3262.142857142857,21,95.39454859599908,95.39454859599908,95.39454859599908,2.1859863030890675e-06,23.050947031211738
9229,8654.733333333334,4175.333333333334,15,95.12268650421,95.12268650421,95.12268650421,2.1797565256256097e-06,23.05404565602589
4516,8935.368421052632,3305.2631578947367,19,95.0992184593482,95.0992184593482,95.0992184593482,2.1792187504027776e-06,23.0543135547844
9723,8998.869565217392,3224.869565217391,23,95.08764415134429,95.08764415134429,95.08764415134429,2.178953522681313e-06,23.054445705292466
9868,8530.62962962963,3263.037037037037,27,95.0312077585993,95.0312077585993,95.0312077585993,2.177660270778012e-06,23.055090302459483
3564,8860.076923076924,3207.5384615384614,26,94.86216438497395,94.86216438497395,94.86216438497395,2.173786606037085e-06,23.057023351068075
10306,8713.666666666666,3389.166666666667,18,94.8443357531186,94.8443357531186,94.8443357531186,2.1733780591587547e-06,23.057227426217104
4811,8945.304347826088,3336.6521739130435,23,94.78254187360945,94.78254187360945,94.78254187360945,2.1719620393105576e-06,23.057935045890325
1479,7844.578947368421,2934.4736842105262,19,94.7369293351977,94.7369293351977,94.7369293351977,2.170916818323775e-06,23.058457664331424
9885,8667.346153846154,3280.9615384615386,26,94.65811460781354,94.65811460781354,94.65811460781354,2.1691107621383937e-06,23.059361299465134
10290,9034.166666666666,3386.25,24,94.64392934822597,94.64392934822597,94.64392934822597,2.168785703907912e-06,23.059524017728663
4846,8754.65,3340.7,20,94.52280536539712,94.52280536539712,94.52280536539712,2.1660101221651775e-06,23.060914417701394
4047,8685.56,3258.44,25,94.39951474949623,94.39951474949623,94.39951474949623,2.1631848915663083e-06,23.062331519760193
10323,8786.04,3401.6400000000003,25,94.27025510945677,94.27025510945677,94.27025510945677,2.160222879513972e-06,23.06381921853745
3347,8839.91304347826,3186.434782608696,23,94.25754664037993,94.25754664037993,94.25754664037993,2.1599316622510984e-06,23.063965595303916
10117,8778.538461538461,3342.153846153846,26,94.04888555363678,94.04888555363678,94.04888555363678,2.1551501492158e-06,23.06637179021173
10375,8794.235294117647,3412.176470588235,17,93.74162128175212,93.74162128175212,93.74162128175212,2.1481091232907957e-06,23.06992477324314
10694,8458.148148148148,3620.777777777778,27,93.73560804675134,93.73560804675134,93.73560804675134,2.14797132873605e-06,23.069994422095682
10590,8809.58620689655,3524.344827586207,29,93.64644026088587,93.64644026088587,93.64644026088587,2.145928030020898e-06,23.071027740939126
10717,8769.961538461539,3670.6923076923076,26,93.51515021767617,93.51515021767617,93.51515021767617,2.142919490849505e-06,23.07255098485102
4179,8689.842105263158,3270.421052631579,19,93.37748352318398,93.37748352318398,93.37748352318398,2.1397648293622337e-06,23.074150510080464
2951,8803.0,3141.391304347826,23,93.35475814667025,93.35475814667025,93.35475814667025,2.1392440725420303e-06,23.074414779003163
10299,8535.653846153846,3389.153846153846,26,93.24900011772345,93.24900011772345,93.24900011772345,2.1368206048898223e-06,23.075645465183694
6149,8773.041666666666,3474.125,24,93.24575540858498,93.24575540858498,93.24575540858498,2.1367462516920915e-06,23.07568324531511
4495,8728.681818181818,3304.409090909091,22,93.24220706573433,93.24220706573433,93.24220706573433,2.136664940663481e-06,23.07572456234436
5944,8828.636363636364,3452.227272727273,22,93.15290447036087,93.15290447036087,93.15290447036087,2.134618552759876e-06,23.07676492298038
9938,8803.611111111111,3294.4444444444443,18,93.07744671134549,93.07744671134549,93.07744671134549,2.132889422216285e-06,23.077644771242028
3558,8572.136363636364,3207.9545454545455,22,93.0374661135265,93.0374661135265,93.0374661135265,2.1319732583420606e-06,23.07811123986132
5741,8432.423076923076,3432.4615384615386,26,93.01968203753994,93.01968203753994,93.01968203753994,2.1315657324709087e-06,23.07831879775864
6895,8298.9,3567.3,30,92.99902796578421,92.99902796578421,92.99902796578421,2.1310924400383163e-06,23.078559901178537
10195,8823.611111111111,3362.166666666667,18,92.94638477805577,92.94638477805577,92.94638477805577,2.1298861102320645e-06,23.079174668873357
9912,9058.172413793103,3278.2758620689656,29,92.88450510823247,92.88450510823247,92.88450510823247,2.1284681244806324e-06,23.079897745649127
10615,8714.961538461539,3546.653846153846,26,92.84001399986153,92.84001399986153,92.84001399986153,2.1274486013009586e-06,23.080417931226176
4863,8881.52380952381,3341.095238095238,21,92.67975959004784,92.67975959004784,92.67975959004784,2.1237763375288856e-06,23.08229367799555
9700,8817.260869565218,3212.173913043478,23,92.51933495696085,92.51933495696085,92.51933495696085,2.1201001730544205e-06,23.08417466857241
2374,8777.125,3072.666666666667,24,92.50257180020665,92.50257180020665,92.50257180020665,2.1197160417638957e-06,23.08437140599192
10147,8678.095238095239,3341.142857142857,21,92.1309503152412,92.1309503152412,92.1309503152412,2.111200256658517e-06,23.088742047259338
6240,8893.28,3486.56,25,92.12993099420297,92.12993099420297,92.12993099420297,2.111176898700848e-06,23.08875405972501
10495,8924.142857142857,3469.5714285714284,21,92.11998247937372,92.11998247937372,92.11998247937372,2.1109489263746204e-06,23.0888713076796
5112,8837.619047619048,3365.714285714286,21,92.02290991031091,92.02290991031091,92.02290991031091,2.1087244878768233e-06,23.090016018845105
9876,8811.470588235294,3276.0588235294117,17,91.97288578453322,91.97288578453322,91.97288578453322,2.1075781744303687e-06,23.090606391093573
1705,9532.117647058823,2971.4117647058824,17,91.70507880327175,91.70507880327175,91.70507880327175,2.1014413206842653e-06,23.093772453415056
9688,8903.45,3209.75,20,91.66484332415565,91.66484332415565,91.66484332415565,2.1005193161510868e-06,23.094248923237224
10566,8533.880000000001,3506.6400000000003,25,91.66037506384237,91.66037506384237,91.66037506384237,2.100416925018813e-06,23.09430184941986
10616,8708.233333333334,3551.0666666666666,30,91.49095927398984,91.49095927398984,91.49095927398984,2.0965347262810944e-06,23.096310471522756
6377,8838.791666666666,3501.875,24,91.34410457270708,91.34410457270708,91.34410457270708,2.0931695196705166e-06,23.098054617278553
9669,8750.64,3198.3599999999997,25,91.26169115625025,91.26169115625025,91.26169115625025,2.0912809987621743e-06,23.099034643522774
9492,8844.333333333334,3096.958333333333,24,91.13392159200065,91.13392159200065,91.13392159200065,2.088353132112434e-06,23.100555777308536
9803,8865.909090909092,3251.5,22,91.02620016242005,91.02620016242005,91.02620016242005,2.085884672718495e-06,23.10183989008394
9398,8776.407407407407,3018.666666666667,27,90.95925037452895,90.95925037452895,90.95925037452895,2.084350504136761e-06,23.102638743087624
4008,8563.28,3254.44,25,90.95850313293452,90.95850313293452,90.95850313293452,2.084333380937222e-06,23.10264766258269
6037,8936.434782608696,3462.3478260869565,23,90.83748154278175,90.83748154278175,90.83748154278175,2.0815601455443655e-06,23.104093212016913
10138,9004.916666666666,3338.208333333333,24,90.6086040943049,90.6086040943049,90.6086040943049,2.0763153702944164e-06,23.10683232499576
10689,8798.724137931034,3621.241379310345,29,90.60851676547675,90.60851676547675,90.60851676547675,2.076313369135807e-06,23.106833371431883
3313,8554.166666666666,3182.75,24,90.22712708551283,90.22712708551283,90.22712708551283,2.067573743771349e-06,23.111413101277208
4665,8577.444444444445,3320.148148148148,27,90.06293266723256,90.06293266723256,90.06293266723256,2.0638111938700497e-06,23.113390713066547
7184,8704.521739130434,3606.869565217391,23,90.03157173489737,90.03157173489737,90.03157173489737,2.063092551457608e-06,23.11376884453822
7025,8928.42857142857,3585.785714285714,28,90.00179152896598,90.00179152896598,90.00179152896598,2.062410131725796e-06,23.114128038495096
10133,8735.315789473683,3336.2631578947367,19,89.87484953979097,89.87484953979097,89.87484953979097,2.0595012291343213e-06,23.115660483570935
10793,8817.777777777777,3878.3703703703704,27,89.78556477429277,89.78556477429277,89.78556477429277,2.0574552498060878e-06,23.116739627363245
4769,8795.714285714286,3334.0,21,89.74121265412293,89.74121265412293,89.74121265412293,2.0564389115705056e-06,23.117276089993446
4331,8773.529411764706,3286.176470588235,17,89.718567183256,89.718567183256,89.718567183256,2.0559199858051375e-06,23.117550101337343
3893,8662.857142857143,3242.642857142857,28,89.63501173321282,89.63501173321282,89.63501173321282,2.0540052949550725e-06,23.118561725240564
3525,8644.0,3204.2,25,89.62236424931675,89.62236424931675,89.62236424931675,2.0537154751805436e-06,23.11871493323117
9569,9185.25,3153.0,24,89.58270019126962,89.58270019126962,89.58270019126962,2.0528065648822925e-06,23.119195552511513
3944,8924.090909090908,3248.272727272727,22,89.57370866447893,89.57370866447893,89.57370866447893,2.0526005221398337e-06,23.11930453467122
5975,8662.5,3455.0,22,89.55168313260607,89.55168313260607,89.55168313260607,2.0520958024079315e-06,23.119571542237974
9766,8935.625,3245.708333333333,24,89.45127212810631,89.45127212810631,89.45127212810631,2.049794862954405e-06,23.120789621282732
7047,9015.535714285714,3587.285714285714,28,89.43781346839049,89.43781346839049,89.43781346839049,2.0494864549140115e-06,23.120952991273693
4107,8997.727272727272,3262.772727272727,22,89.41457562137592,89.41457562137592,89.41457562137592,2.0489539547236468e-06,23.121235125295996
9387,8844.92,2995.52,25,89.35824525398579,89.35824525398579,89.35824525398579,2.047663132413828e-06,23.12191934475427
1423,8853.68,2927.88,25,89.1804195157682,89.1804195157682,89.1804195157682,2.0435882179265585e-06,23.124082146926163
9963,8840.666666666666,3287.8888888888887,18,89.16401244541399,89.16401244541399,89.16401244541399,2.043212246431374e-06,23.124281914871275
3326,8680.157894736842,3184.315789473684,19,89.08918732767404,89.08918732767404,89.08918732767404,2.0414976129967186e-06,23.125193431121538
4969,8745.055555555555,3349.9444444444443,18,89.06822901186817,89.06822901186817,89.06822901186817,2.0410173487472227e-06,23.125448881642026
10742,8691.458333333334,3720.791666666667,24,89.00272118751857,89.00272118751857,89.00272118751857,2.039516223065714e-06,23.12624771176811
10181,8697.21052631579,3351.578947368421,19,88.81953383864567,88.81953383864567,88.81953383864567,2.0353184461337084e-06,23.128484700690045
9805,8868.636363636364,3256.090909090909,22,88.63786974401611,88.63786974401611,88.63786974401611,2.031155574895593e-06,23.130707649404073
5437,8873.684210526317,3400.157894736842,19,88.52465177308599,88.52465177308599,88.52465177308599,2.028561161091457e-06,23.132095356756054
9807,8647.545454545454,3251.909090909091,22,88.47411870684073,88.47411870684073,88.47411870684073,2.0274031851663017e-06,23.132715311130898
9939,8808.214285714286,3295.214285714286,14,88.45898473910762,88.45898473910762,88.45898473910762,2.027056387087555e-06,23.13290104795922
10215,9024.166666666666,3364.291666666667,24,88.29741106173643,88.29741106173643,88.29741106173643,2.0233538920197397e-06,23.134885999500284
10669,8838.17857142857,3598.1785714285716,28,87.90130843035938,87.90130843035938,87.90130843035938,2.0142771162547557e-06,23.139767575182542
10575,8697.952380952382,3518.714285714286,21,87.65092666635276,87.65092666635276,87.65092666635276,2.008539565055895e-06,23.14286464461461
4203,8952.941176470587,3272.2941176470586,17,87.55506103830724,87.55506103830724,87.55506103830724,2.0063427838673597e-06,23.144052786582947
4972,9088.884615384615,3351.2307692307695,26,87.5507532897033,87.5507532897033,87.5507532897033,2.006244070894931e-06,23.14410620660945
10631,8763.727272727272,3561.136363636364,22,87.490103836489,87.490103836489,87.490103836489,2.0048542758178792e-06,23.144858594490426
6071,8768.625,3465.833333333333,24,87.34411234773289,87.34411234773289,87.34411234773289,2.001508849905336e-06,23.146671835459266
10373,9086.625,3412.458333333333,24,87.30830294541353,87.30830294541353,87.30830294541353,2.0006882698602076e-06,23.14711705764584
4523,8588.190476190477,3308.809523809524,21,87.29463384806692,87.29463384806692,87.29463384806692,2.000375039596895e-06,23.147287055174846
9796,8896.333333333334,3241.904761904762,21,87.24620708421696,87.24620708421696,87.24620708421696,1.999265330037628e-06,23.14788953528047
5291,8522.961538461539,3385.0384615384614,26,87.14826690335272,87.14826690335272,87.14826690335272,1.997021010031482e-06,23.149109037355426
10015,8985.64705882353,3303.529411764706,17,87.07261653759694,87.07261653759694,87.07261653759694,1.995287465863605e-06,23.150051936329923
9446,8952.04,3064.48,25,87.05683156528647,87.05683156528647,87.05683156528647,1.994925749876967e-06,23.150248782023315
9968,8843.0,3295.4,20,86.73283372531233,86.73283372531233,86.73283372531233,1.987501270691962e-06,23.15429708480457
9973,8750.47619047619,3284.809523809524,21,86.63371693063269,86.63371693063269,86.63371693063269,1.985229988330814e-06,23.155538555016687
3900,8697.916666666666,3241.75,24,86.59491944205341,86.59491944205341,86.59491944205341,1.984340935655616e-06,23.156024893067837
6210,8835.04347826087,3484.478260869565,23,86.57095739824378,86.57095739824378,86.57095739824378,1.983791840342175e-06,23.156325373268032
9426,8788.380952380952,3046.333333333333,21,86.49838299622704,86.49838299622704,86.49838299622704,1.9821287825354303e-06,23.15723595234862
6049,8717.84,3464.6800000000003,25,86.16666306211728,86.16666306211728,86.16666306211728,1.974527349926356e-06,23.161407738053175
6257,8973.0,3488.304347826087,23,86.11450775489187,86.11450775489187,86.11450775489187,1.9733322000052534e-06,23.16206511583609
6540,8580.28,3521.96,25,86.0247207393478,86.0247207393478,86.0247207393478,1.97127471151075e-06,23.16319774577973
2478,8722.2,3085.52,25,85.97552713319166,85.97552713319166,85.97552713319166,1.9701474295974797e-06,23.16381880628823
10542,8815.347826086956,3491.130434782609,23,85.93933401277633,85.93933401277633,85.93933401277633,1.9693180565708403e-06,23.164275964924972
10483,8739.5,3462.0,22,85.82368713175549,85.82368713175549,85.82368713175549,1.966667983777088e-06,23.165738002840097
9739,9046.0,3228.35,20,85.61566076844161,85.61566076844161,85.61566076844161,1.961901015563722e-06,23.168372892295885
1919,9201.64,3006.08,25,85.53427588622041,85.53427588622041,85.53427588622041,1.9600360637354206e-06,23.169405466675226
9892,8789.727272727272,3268.818181818182,22,85.47035323215195,85.47035323215195,85.47035323215195,1.958571262566933e-06,23.17021717736887
10206,9058.818181818182,3362.909090909091,22,85.45360181356688,85.45360181356688,85.45360181356688,1.9581874002590423e-06,23.170429992731023
9958,8871.0625,3284.375,16,85.33748259760623,85.33748259760623,85.33748259760623,1.9555265038100175e-06,23.171906356168815
9720,8626.952380952382,3220.7619047619046,21,85.2946566419657,85.2946566419657,85.2946566419657,1.954545137958145e-06,23.17245136125081
7254,8792.791666666666,3617.041666666667,24,85.1893522565607,85.1893522565607,85.1893522565607,1.9521320656438616e-06,23.17379263424214
4029,8830.21052631579,3255.421052631579,19,85.14973645406681,85.14973645406681,85.14973645406681,1.9512242611318422e-06,23.174297654107505
10139,8616.347826086956,3336.913043478261,23,85.086066689592,85.086066689592,85.086066689592,1.9497652549820016e-06,23.175109804905226
5093,9214.125,3362.75,24,84.93763580099929,84.93763580099929,84.93763580099929,1.9463639297050914e-06,23.177005503307623
6800,8901.92857142857,3553.785714285714,28,84.90863858036155,84.90863858036155,84.90863858036155,1.945699452247263e-06,23.177376230692776
5886,9092.772727272728,3446.409090909091,22,84.7206661319009,84.7206661319009,84.7206661319009,1.941392023743845e-06,23.179782519826304
9989,8869.235294117647,3303.0588235294117,17,84.53595389231094,84.53595389231094,84.53595389231094,1.9371593036178073e-06,23.18215228055498
2383,8835.818181818182,3074.636363636364,22,84.37406021673547,84.37406021673547,84.37406021673547,1.933449475723307e-06,23.184233552996346
5581,8856.588235294117,3414.235294117647,17,84.31804706192625,84.31804706192625,84.31804706192625,1.932165922407023e-06,23.184954576799242
5856,9017.916666666666,3443.458333333333,24,84.18267046140974,84.18267046140974,84.18267046140974,1.929063738908665e-06,23.186699178368222
10361,8886.058823529413,3408.764705882353,17,84.12798750622407,84.12798750622407,84.12798750622407,1.9278106673987347e-06,23.18740467458616
9588,8849.727272727272,3162.409090909091,22,84.1253442850932,84.1253442850932,84.1253442850932,1.9277500974262034e-06,23.187438787918104
10072,8773.65,3324.15,20,84.10029581244754,84.10029581244754,84.10029581244754,1.9271761063656805e-06,23.187762115965015
9821,8942.090909090908,3251.818181818182,22,84.03013976198739,84.03013976198739,84.03013976198739,1.925568465597504e-06,23.188668209714525
6284,9073.666666666666,3489.958333333333,24,84.03002229011025,84.03002229011025,84.03002229011025,1.9255657737045375e-06,23.188669727545623
6952,8564.0,3572.1,20,83.99937372681104,83.99937372681104,83.99937372681104,1.924863455379565e-06,23.189065804136455
5413,8858.0,3398.722222222222,18,83.83413240641366,83.83413240641366,83.83413240641366,1.921076915494327e-06,23.1912037388812
9823,8662.590909090908,3251.590909090909,22,83.79861381207908,83.79861381207908,83.79861381207908,1.920262999375816e-06,23.19166383782079
10311,8762.529411764706,3393.176470588235,17,83.70811724476448,83.70811724476448,83.70811724476448,1.9181892513520783e-06,23.19283698959182
21,9222.25,2106.875,16,83.60785577076153,83.60785577076153,83.60785577076153,1.915891738421584e-06,23.194138210549212
10418,8812.875,3429.4375,16,83.57356483831933,83.57356483831933,83.57356483831933,1.9151059544355802e-06,23.194583605823805
5300,8955.818181818182,3385.136363636364,22,83.41955939850605,83.41955939850605,83.41955939850605,1.9115768871357414e-06,23.196586195210678
10598,8784.761904761905,3525.666666666667,21,83.29174629523729,83.29174629523729,83.29174629523729,1.908648022780147e-06,23.198251005407844
5040,8971.818181818182,3361.181818181818,22,83.28655791940383,83.28655791940383,83.28655791940383,1.9085291300480768e-06,23.198318639755723
6434,8809.947368421053,3507.789473684211,19,83.13366691780239,83.13366691780239,83.13366691780239,1.9050256003361036e-06,23.20031358168883
3635,8844.42857142857,3216.714285714286,21,82.94823506221329,82.94823506221329,82.94823506221329,1.9007763900568994e-06,23.202738050103356
10377,8788.666666666666,3420.777777777778,18,82.94355220592678,82.94355220592678,82.94355220592678,1.9006690814124087e-06,23.202799347250092
10716,8844.5,3673.272727272727,22,82.83548746645101,82.83548746645101,82.83548746645101,1.8981927549994462e-06,23.204214843647677
9848,8895.052631578947,3256.210526315789,19,82.8038620438515,82.8038620438515,82.8038620438515,1.89746805173653e-06,23.204629441589837
10145,8964.052631578947,3345.210526315789,19,82.78726816341117,82.78726816341117,82.78726816341117,1.8970877994486212e-06,23.20484704475263
4917,8714.142857142857,3347.714285714286,21,82.78009099609082,82.78009099609082,82.78009099609082,1.8969233331380387e-06,23.204941175751056
4405,8509.434782608696,3294.478260869565,23,82.74445697369049,82.74445697369049,82.74445697369049,1.8961067719609322e-06,23.20540864899673
4224,8832.444444444445,3274.833333333333,18,82.73942826722168,82.73942826722168,82.73942826722168,1.8959915380861997e-06,23.205474635466285
776,8931.315789473683,2770.684210526316,19,82.62812648467826,82.62812648467826,82.62812648467826,1.8934410341451441e-06,23.206936160290677
3983,8739.35,3252.05,20,82.61458335897436,82.61458335897436,82.61458335897436,1.8931306905487284e-06,23.20711413197789
10241,8874.823529411764,3376.470588235294,17,82.47110018620387,82.47110018620387,82.47110018620387,1.8898427432287155e-06,23.209001453898633
9664,8953.695652173912,3207.391304347826,23,82.46031926418028,82.46031926418028,82.46031926418028,1.889595696115174e-06,23.209143394559995
2397,8413.8,3077.96,25,82.43181498849577,82.43181498849577,82.43181498849577,1.8889425145954448e-06,23.209518768734753
2205,8877.153846153846,3047.0384615384614,26,82.41184142629157,82.41184142629157,82.41184142629157,1.8884848161834824e-06,23.209781878886528
10106,8692.833333333334,3334.3888888888887,18,82.3557274931739,82.3557274931739,82.3557274931739,1.8871989535108973e-06,23.21052140465039
10510,8843.4,3474.0,20,82.27643143884379,82.27643143884379,82.27643143884379,1.8853818676165163e-06,23.211567307277154
10212,8909.958333333334,3364.791666666667,24,82.1661090404317,82.1661090404317,82.1661090404317,1.8828538064704429e-06,23.213024120578304
5646,8802.473684210527,3421.0526315789475,19,82.15051395316215,82.15051395316215,82.15051395316215,1.8824964417397694e-06,23.213230212337095
5311,8965.444444444445,3385.6111111111113,18,82.12382312539245,82.12382312539245,82.12382312539245,1.881884815763428e-06,23.213583027010586
6461,8839.173913043478,3510.9565217391305,23,82.09750419224311,82.09750419224311,82.09750419224311,1.8812817118311474e-06,23.213931038067397
9545,8875.166666666666,3139.9444444444443,18,81.9444739691778,81.9444739691778,81.9444739691778,1.8777749918298177e-06,23.215956745190223
9661,8958.545454545454,3198.5,22,81.91813604293006,81.91813604293006,81.91813604293006,1.8771714526666609e-06,23.216305769782586
5114,8925.684210526317,3365.684210526316,19,81.87751544339189,81.87751544339189,81.87751544339189,1.8762406230173718e-06,23.216844285379082
9740,9043.777777777777,3233.9444444444443,18,81.85688804100484,81.85688804100484,81.85688804100484,1.8757679417190164e-06,23.21711784936104
10470,9023.190476190477,3453.857142857143,21,81.78761608766462,81.78761608766462,81.78761608766462,1.8741805602237567e-06,23.218037050071242
10653,8866.857142857143,3581.7619047619046,21,81.74547498178826,81.74547498178826,81.74547498178826,1.8732148878494066e-06,23.21859662030956
4851,8926.0,3340.0,21,81.7156471102602,81.7156471102602,81.7156471102602,1.872531375850343e-06,23.218992863770683
10116,8783.083333333334,3339.666666666667,12,81.6753447820094,81.6753447820094,81.6753447820094,1.871607839455072e-06,23.219528483235365
10452,8651.809523809523,3442.0476190476193,21,81.65865089941454,81.65865089941454,81.65865089941454,1.8712252955965932e-06,23.219750422981814
4776,8902.611111111111,3333.777777777778,18,81.5872254745756,81.5872254745756,81.5872254745756,1.8695885668454413e-06,23.22070051343872
9654,8812.35,3189.3,20,81.52066602771089,81.52066602771089,81.52066602771089,1.8680633430110727e-06,23.221586626361592
9717,8869.173913043478,3222.7391304347825,23,81.50827776646818,81.50827776646818,81.50827776646818,1.8677794633785967e-06,23.221751632445272
5504,8669.8,3407.45,20,81.43774728057052,81.43774728057052,81.43774728057052,1.8661632423429957e-06,23.222691544994092
3820,8815.888888888889,3233.166666666667,18,81.39696666510821,81.39696666510821,81.39696666510821,1.8652287458948843e-06,23.223235372418998
9969,8836.588235294117,3295.1176470588234,17,81.27229587618154,81.27229587618154,81.27229587618154,1.8623718883385561e-06,23.22489960343107
4691,8922.8,3323.05,20,81.13718829614655,81.13718829614655,81.13718829614655,1.8592758695015595e-06,23.226706040115083
4711,8988.652173913044,3327.869565217391,23,81.09740006815713,81.09740006815713,81.09740006815713,1.8583641138227585e-06,23.22723859634681
9709,8921.909090909092,3216.227272727273,22,80.99660230527891,80.99660230527891,80.99660230527891,1.8560543117190034e-06,23.228588921380677
7641,8757.409090909092,3675.909090909091,22,80.80599758124704,80.80599758124704,80.80599758124704,1.8516865640628735e-06,23.2311469339905
10163,8873.333333333334,3350.133333333333,15,80.75108392605875,80.75108392605875,80.75108392605875,1.8504282060134788e-06,23.231885022910074
10209,8774.666666666666,3367.7619047619046,21,80.74733901735252,80.74733901735252,80.74733901735252,1.8503423906366189e-06,23.231935376132014
6858,8784.736842105263,3561.6315789473683,19,80.71402688809935,80.71402688809935,80.71402688809935,1.8495790361331813e-06,23.23238338652878
7312,9672.583333333334,3626.666666666667,24,80.68122754485648,80.68122754485648,80.68122754485648,1.8488274322298716e-06,23.232824681225658
9445,8944.869565217392,3065.826086956522,23,80.61980638945738,80.61980638945738,80.61980638945738,1.8474199534336673e-06,23.23365154728785
10497,9138.826086956522,3468.3478260869565,23,80.52557674779064,80.52557674779064,80.52557674779064,1.8452606612198024e-06,23.234921314291878
9974,8754.7,3291.55,20,80.51315913602443,80.51315913602443,80.51315913602443,1.8449761090138585e-06,23.235088755381426
6318,8445.625,3496.833333333333,24,80.33189431008117,80.33189431008117,80.33189431008117,1.8408223871023277e-06,23.237535903904494
6155,8471.5,3476.791666666667,24,80.12977850354505,80.12977850354505,80.12977850354505,1.8361908605504606e-06,23.24027106876869
10715,8848.916666666666,3671.041666666667,24,80.04885619968198,80.04885619968198,80.04885619968198,1.8343365088032947e-06,23.241368097504314
4895,8944.684210526317,3343.9473684210525,19,80.02153090539242,80.02153090539242,80.02153090539242,1.8337103438921549e-06,23.24173878520165
1801,9049.166666666666,2988.25,24,79.94090329073671,79.94090329073671,79.94090329073671,1.8318627450106447e-06,23.242833296274682
1767,8756.25,2983.0,24,79.92371741091472,79.92371741091472,79.92371741091472,1.8314689269314113e-06,23.24306673544244
6234,8872.76,3485.3599999999997,25,79.87411734275567,79.87411734275567,79.87411734275567,1.830332330855181e-06,23.243740744468546
4670,8863.0,3319.894736842105,19,79.69395361357189,79.69395361357189,79.69395361357189,1.8262038408093075e-06,23.246192492684944
7802,8797.91304347826,3702.869565217391,23,79.58743835006001,79.58743835006001,79.58743835006001,1.8237630209665198e-06,23.24764460826188
7553,8673.0,3661.315789473684,19,79.48933713714052,79.48933713714052,79.48933713714052,1.8215150108766915e-06,23.24898373588467
10187,8721.190476190477,3354.5238095238096,21,79.27434147822291,79.27434147822291,79.27434147822291,1.816588339777194e-06,23.25192431669607
9992,8780.70588235294,3295.4117647058824,17,79.26170846409238,79.26170846409238,79.26170846409238,1.81629885158041e-06,23.252097351420357
3901,8734.5,3243.833333333333,18,79.09666169321645,79.09666169321645,79.09666169321645,1.8125167698386973e-06,23.254360538637112
1555,8892.92,2948.84,25,79.03986317619045,79.03986317619045,79.03986317619045,1.811215219780733e-06,23.25514047494866
10266,9004.95652173913,3382.565217391304,23,78.92722755626636,78.92722755626636,78.92722755626636,1.8086341506733486e-06,23.256688804928718
3499,9092.619047619048,3201.3809523809523,21,78.90580547067296,78.90580547067296,78.90580547067296,1.8081432590408605e-06,23.2569835307362
10313,8805.625,3392.3125,16,78.80231076017807,78.80231076017807,78.80231076017807,1.8057716558107627e-06,23.25840854262527
5551,9006.818181818182,3411.181818181818,22,78.78833211537777,78.78833211537777,78.78833211537777,1.80545133220193e-06,23.25860115711704
10237,8691.176470588236,3370.2941176470586,17,78.62601229068783,78.62601229068783,78.62601229068783,1.801731739010135e-06,23.260840299598556
10159,8504.095238095239,3346.0476190476193,21,78.60263325450346,78.60263325450346,78.60263325450346,1.8011960034400148e-06,23.261163185623772
5760,8860.368421052632,3432.842105263158,19,78.5615990351358,78.5615990351358,78.5615990351358,1.8002556956046526e-06,23.261730138268973
5451,8721.25,3401.0,16,78.54323129076448,78.54323129076448,78.54323129076448,1.7998347948487365e-06,23.261984013660495
1768,8765.48,2982.84,25,78.47680508396971,78.47680508396971,78.47680508396971,1.798312624238815e-06,23.26290263963498
1503,8910.119999999999,2939.92,25,78.47495080914808,78.47495080914808,78.47495080914808,1.7982701331382031e-06,23.26292829405721
10059,8788.875,3313.3125,16,78.46742269333441,78.46742269333441,78.46742269333441,1.7980976247685012e-06,23.263032453918132
3430,9014.380952380952,3195.333333333333,21,78.40194325511834,78.40194325511834,78.40194325511834,1.7965971495612595e-06,23.263938856521825
2114,8687.277777777777,3035.6111111111113,18,78.3932484723388,78.3932484723388,78.3932484723388,1.796397906770721e-06,23.264059271444783
3175,8764.4,3166.3,20,78.33172796021752,78.33172796021752,78.33172796021752,1.7949881511941663e-06,23.264911656971282
10398,8694.105263157895,3420.9473684210525,19,78.30789517621017,78.30789517621017,78.30789517621017,1.7944420178964954e-06,23.265242047406836
5682,8875.625,3423.1875,16,78.30726987834363,78.30726987834363,78.30726987834363,1.7944276890633315e-06,23.265250717174318
9952,8848.388888888889,3302.722222222222,18,78.1698031973634,78.1698031973634,78.1698031973634,1.7912776109280855e-06,23.26715837799582
9799,8689.631578947368,3246.157894736842,19,77.91289061800771,77.91289061800771,77.91289061800771,1.7853904047110797e-06,23.27073263128372
2710,8927.75,3114.15,20,77.71589275179751,77.71589275179751,77.71589275179751,1.780876156846697e-06,23.273481323719793
8446,8621.260869565218,3838.0,23,77.57937287285006,77.57937287285006,77.57937287285006,1.777747774880738e-06,23.275390262963107
7940,8596.42857142857,3733.3809523809523,21,77.54166502164095,77.54166502164095,77.54166502164095,1.7768836914768623e-06,23.27591811889578
10562,8681.333333333334,3507.208333333333,24,77.48162944264762,77.48162944264762,77.48162944264762,1.7755079634577145e-06,23.276759060964146
3447,8899.136363636364,3197.9545454545455,22,77.4316121050705,77.4316121050705,77.4316121050705,1.7743618055643153e-06,23.277460171283927
9835,8797.1875,3260.25,16,77.40376065332856,77.40376065332856,77.40376065332856,1.7737235836436177e-06,23.27785077104545
10087,8592.3125,3323.3125,16,77.3421363851628,77.3421363851628,77.3421363851628,1.7723114504753091e-06,23.278715513876847
9428,8897.5,3051.181818181818,22,77.21122609903595,77.21122609903595,77.21122609903595,1.7693116135179721e-06,23.28055480186036
678,9585.35,2740.55,20,77.16719512694256,77.16719512694256,77.16719512694256,1.7683026344586394e-06,23.281174137405436
2907,8678.909090909092,3137.090909090909,22,77.16377205827757,77.16377205827757,77.16377205827757,1.7682241941145493e-06,23.281222300773415
5735,8666.105263157895,3429.0526315789475,19,77.16193860336925,77.16193860336925,77.16193860336925,1.7681821801066641e-06,23.28124809878679
10084,8731.578947368422,3323.4736842105262,19,77.11044891556105,77.11044891556105,77.11044891556105,1.7670022829956065e-06,23.281972845725633
10447,8771.052631578947,3445.842105263158,19,77.10028718586031,77.10028718586031,77.10028718586031,1.7667694248054013e-06,23.28211593508677
10318,9013.55,3397.1,20,77.0843373994928,77.0843373994928,77.0843373994928,1.7664039320697079e-06,23.282340565274456
5299,8816.157894736842,3386.3684210526317,19,77.07010401705313,77.07010401705313,77.07010401705313,1.7660777710938693e-06,23.282541061588837
3971,8623.21052631579,3249.7368421052633,19,77.05023476587284,77.05023476587284,77.05023476587284,1.765622462991132e-06,23.28282100861799
9828,8879.25,3257.25,20,77.04124868977118,77.04124868977118,77.04124868977118,1.765416545152368e-06,23.28294764129041
5687,9335.04347826087,3423.391304347826,23,77.02807392736081,77.02807392736081,77.02807392736081,1.7651146426789103e-06,23.283133328049203
2904,8493.416666666666,3137.375,24,77.02800814028507,77.02800814028507,77.02800814028507,1.7651131351541237e-06,23.283134255340208
3136,8789.5,3164.25,20,76.98906978624711,76.98906978624711,76.98906978624711,1.7642208545170796e-06,23.283683243571936
10171,8918.842105263158,3349.578947368421,19,76.88909841496144,76.88909841496144,76.88909841496144,1.7619299893518484e-06,23.285094003185005
10271,8702.526315789473,3381.3684210526317,19,76.7800131223742,76.7800131223742,76.7800131223742,1.7594302767479966e-06,23.28663546939481
10282,8728.947368421053,3382.0526315789475,19,76.77336859782667,76.77336859782667,76.77336859782667,1.7592780160594646e-06,23.286729432820277
4560,8697.0,3310.0,17,76.76405823303799,76.76405823303799,76.76405823303799,1.7590646670766938e-06,23.286861108859817
9827,8875.695652173912,3253.173913043478,23,76.74774133655356,76.74774133655356,76.74774133655356,1.7586907619348504e-06,23.287091916463908
2483,8792.545454545454,3087.318181818182,22,76.63408306272026,76.63408306272026,76.63408306272026,1.7560862584963515e-06,23.28870101096961
5423,8659.944444444445,3398.9444444444443,18,76.58609087783128,76.58609087783128,76.58609087783128,1.7549865074060985e-06,23.289381167544864
9775,8765.823529411764,3243.0588235294117,17,76.56676012999748,76.56676012999748,76.56676012999748,1.7545435392216992e-06,23.289655247886976
2590,8761.21052631579,3099.9473684210525,19,76.07507309890454,76.07507309890454,76.07507309890454,1.7432764266749685e-06,23.29664997857346
9637,9284.130434782608,3182.434782608696,23,75.95161030405853,75.95161030405853,75.95161030405853,1.7404472505590726e-06,23.29841345920428
4893,8821.0,3343.785714285714,14,75.91212819388227,75.91212819388227,75.91212819388227,1.7395425096348518e-06,23.298978006842162
4761,8894.461538461539,3331.6923076923076,13,75.89184141338461,75.89184141338461,75.89184141338461,1.7390776337592978e-06,23.299268198096744
2078,9244.32,3028.3599999999997,25,75.6630984061922,75.6630984061922,75.6630984061922,1.733835939259881e-06,23.30254562017714
4469,8964.07142857143,3299.857142857143,14,75.64196809653725,75.64196809653725,75.64196809653725,1.7333517337348736e-06,23.302848874296643
3817,8701.78947368421,3234.0526315789475,19,75.58637499812689,75.58637499812689,75.58637499812689,1.7320778061000145e-06,23.303647129982878
10142,8975.722222222223,3338.4444444444443,18,75.54187640858031,75.54187640858031,75.54187640858031,1.7310581114876153e-06,23.304286503901096
9574,8831.176470588236,3151.823529411765,17,75.48579023695402,75.48579023695402,75.48579023695402,1.7297728849754904e-06,23.305092909658036
4598,8544.42857142857,3313.7619047619046,21,75.48265431832091,75.48265431832091,75.48265431832091,1.7297010247352517e-06,23.30513801551318
6694,9099.384615384615,3538.3846153846152,13,75.47070297316907,75.47070297316907,75.47070297316907,1.7294271571276166e-06,23.305309936275815
7883,8621.478260869566,3719.0434782608695,23,75.39188352860708,75.39188352860708,75.39188352860708,1.7276209928471053e-06,23.306444440653223
4189,8552.9,3270.65,20,75.3742269030194,75.3742269030194,75.3742269030194,1.7272163875288611e-06,23.30669874764154
9924,9085.666666666666,3274.166666666667,18,75.30324317335632,75.30324317335632,75.30324317335632,1.7255897803162957e-06,23.30772172222302
10359,8770.47619047619,3426.809523809524,21,75.28325397978247,75.28325397978247,75.28325397978247,1.7251317237081841e-06,23.30800996840319
7389,8732.57142857143,3639.142857142857,21,75.26778526281991,75.26778526281991,75.26778526281991,1.7247772547798838e-06,23.308233081391197
7001,8649.6,3580.2,20,75.2618623073287,75.2618623073287,75.2618623073287,1.7246415289992374e-06,23.308318523260265
4976,8520.35,3352.3,20,75.250634006391,75.250634006391,75.250634006391,1.7243842301030423e-06,23.30848051609365
2340,8790.222222222223,3068.8888888888887,18,75.13879284902187,75.13879284902187,75.13879284902187,1.7218213662735173e-06,23.310095390472284
5261,8750.055555555555,3381.0555555555557,18,75.13347940361248,75.13347940361248,75.13347940361248,1.7216996075456018e-06,23.310172171104785
2066,8725.555555555555,3027.9444444444443,18,75.0813875895663,75.0813875895663,75.0813875895663,1.7205059125841604e-06,23.310925198709587
6355,8714.590909090908,3498.9545454545455,22,75.06501013028736,75.06501013028736,75.06501013028736,1.7201306196330424e-06,23.311162055548266
606,9583.333333333334,2713.5333333333333,15,75.03258432781283,75.03258432781283,75.03258432781283,1.7193875754956233e-06,23.31163116191056
4137,8781.954545454546,3266.227272727273,22,75.01527652761462,75.01527652761462,75.01527652761462,1.718990963585124e-06,23.311881638062317
5854,8677.047619047618,3443.142857142857,21,74.9355119412809,74.9355119412809,74.9355119412809,1.7171631411805593e-06,23.313036727785992
3807,8891.9375,3231.8125,16,74.83644691586025,74.83644691586025,74.83644691586025,1.7148930451229553e-06,23.314473024690045
10580,8915.631578947368,3515.210526315789,19,74.81548247777505,74.81548247777505,74.81548247777505,1.714412640580131e-06,23.314777221898627
5461,8494.947368421053,3402.684210526316,19,74.72672457217087,74.72672457217087,74.72672457217087,1.712378734358054e-06,23.316066057803756
5965,8712.0,3453.529411764706,17,74.71629514771539,74.71629514771539,74.71629514771539,1.7121397418857971e-06,23.31621760190084
9855,8923.0,3269.0555555555557,18,74.66961935444671,74.66961935444671,74.66961935444671,1.711070156188576e-06,23.31689608086528
10428,8927.0,3445.157894736842,19,74.53410107121123,74.53410107121123,74.53410107121123,1.707964726000678e-06,23.31886837949908
5268,8860.0,3383.05,20,74.49274520793344,74.49274520793344,74.49274520793344,1.7070170476269323e-06,23.31947097641787
7825,8806.47619047619,3707.5238095238096,21,74.46282959736354,74.46282959736354,74.46282959736354,1.7063315250691255e-06,23.319907085800985
610,8937.695652173912,2717.173913043478,23,74.4598046494815,74.4598046494815,74.4598046494815,1.7062622077471715e-06,23.319951193205476
9509,8950.9,3116.6,20,74.4140271745184,74.4140271745184,74.4140271745184,1.7052132072043507e-06,23.32061890307614
4798,8643.2,3335.7,20,74.35391556158399,74.35391556158399,74.35391556158399,1.7038357368513256e-06,23.32149631465878
9020,8646.95652173913,4032.0434782608695,23,74.22084566368756,74.22084566368756,74.22084566368756,1.7007864119324878e-06,23.32344117855559
4311,8256.1,3283.7,20,74.21445536305535,74.21445536305535,74.21445536305535,1.7006399768388663e-06,23.323534662797037
9999,8904.894736842105,3296.157894736842,19,74.14895451721665,74.14895451721665,74.14895451721665,1.6991390110714143e-06,23.324493344515762
10263,8652.631578947368,3381.105263157895,19,74.13135546079374,74.13135546079374,74.13135546079374,1.6987357249627846e-06,23.324751071692354
9918,8703.6,3280.95,20,74.09156266188842,74.09156266188842,74.09156266188842,1.6978238645404767e-06,23.325334037998044
3049,9024.894736842105,3153.5263157894738,19,73.98988082302976,73.98988082302976,73.98988082302976,1.695493803648221e-06,23.326825104921333
9536,8840.444444444445,3134.722222222222,18,73.98267468512795,73.98267468512795,73.98267468512795,1.6953286734706228e-06,23.326930853785314
2853,8770.833333333334,3130.833333333333,18,73.97404833310125,73.97404833310125,73.97404833310125,1.6951309987852922e-06,23.327057457599317
5516,8839.526315789473,3407.0526315789475,19,73.93435952884238,73.93435952884238,73.93435952884238,1.6942215214223527e-06,23.327640136750077
7038,8956.166666666666,3584.8888888888887,18,73.90141589687445,73.90141589687445,73.90141589687445,1.6934666111123215e-06,23.328124026315145
1369,9217.0,2915.7916666666665,24,73.87399591578694,73.87399591578694,73.87399591578694,1.6928382764331344e-06,23.328526946749296
3024,9066.166666666666,3150.5555555555557,18,73.80626632146988,73.80626632146988,73.80626632146988,1.691286238421844e-06,23.32952283444241
10276,8881.0,3386.0,17,73.77681994403824,73.77681994403824,73.77681994403824,1.69061146844087e-06,23.329956095452324
3216,8532.75,3170.65,20,73.76093656714627,73.76093656714627,73.76093656714627,1.6902474974923866e-06,23.330189868254894
6363,8904.315789473683,3500.7368421052633,19,73.70857593537777,73.70857593537777,73.70857593537777,1.6890476425158533e-06,23.330960872851563
10406,8905.35294117647,3433.235294117647,17,73.3534335496495,73.3534335496495,73.3534335496495,1.680909479462782e-06,23.336204806304504
2491,8919.3,3088.5,20,73.29113740936212,73.29113740936212,73.29113740936212,1.6794819502023813e-06,23.3371272704442
5635,9119.681818181818,3419.5454545454545,22,73.25516759318111,73.25516759318111,73.25516759318111,1.678657694239608e-06,23.337660258737422
10644,8845.578947368422,3587.0,19,73.2260910517991,73.2260910517991,73.2260910517991,1.67799139913011e-06,23.338091296187457
9841,8992.5,3256.166666666667,18,73.16222436681508,73.16222436681508,73.16222436681508,1.676527880505057e-06,23.339038672026383
9602,8614.0,3174.8,20,72.96235442992204,72.96235442992204,72.96235442992204,1.671947818532147e-06,23.34200882480761
10044,8745.444444444445,3310.6111111111113,18,72.9455865428663,72.9455865428663,72.9455865428663,1.6715635788457593e-06,23.342258372597982
10255,8964.75,3372.45,20,72.90492728056412,72.90492728056412,72.90492728056412,1.6706318632310373e-06,23.342863721638267
7701,8746.9,3686.6,20,72.86892354622498,72.86892354622498,72.86892354622498,1.6698068300264802e-06,23.34340003948199
4930,8723.157894736842,3346.157894736842,19,72.8644129670977,72.8644129670977,72.8644129670977,1.6697034691496132e-06,23.34346724852532
6814,8864.681818181818,3555.090909090909,22,72.79439796774149,72.79439796774149,72.79439796774149,1.668099060597384e-06,23.344511027820843
1493,8758.8,2937.35,20,72.57811527563808,72.57811527563808,72.57811527563808,1.663142896859605e-06,23.347741709017754
4315,9198.173913043478,3284.0434782608695,23,72.57249664270597,72.57249664270597,72.57249664270597,1.6630141446949116e-06,23.34782576451181
10228,8493.818181818182,3366.863636363636,22,72.48023888094123,72.48023888094123,72.48023888094123,1.6609000385270059e-06,23.349206884354373
9525,8912.722222222223,3132.0,18,72.48006399612527,72.48006399612527,72.48006399612527,1.6608960310043755e-06,23.34920950408919
9896,8578.7,3273.65,20,72.47422901466112,72.47422901466112,72.47422901466112,1.6607623211672084e-06,23.349296914410083
9529,8857.285714285714,3132.785714285714,14,72.47044983821563,72.47044983821563,72.47044983821563,1.6606757205378393e-06,23.349353531717103
9730,8789.380952380952,3229.095238095238,21,72.34479032909934,72.34479032909934,72.34479032909934,1.657796206248774e-06,23.35123776866073
9583,8757.375,3161.8125,16,72.30005392685193,72.30005392685193,72.30005392685193,1.656771062107923e-06,23.351909371349223
3753,8856.277777777777,3226.8888888888887,18,72.20484429200948,72.20484429200948,72.20484429200948,1.654589313142695e-06,23.35334008496271
3631,9037.136363636364,3214.772727272727,22,72.0943648557745,72.0943648557745,72.0943648557745,1.6520576534416208e-06,23.355002624181708
3530,8937.70588235294,3205.6470588235297,17,72.06836996013179,72.06836996013179,72.06836996013179,1.651461974897495e-06,23.355394176127223
1105,8679.095238095239,2861.285714285714,21,71.97611519628109,71.97611519628109,71.97611519628109,1.649347937427425e-06,23.35678491803256
10518,8528.888888888889,3478.0555555555557,18,71.93141130014783,71.93141130014783,71.93141130014783,1.6483235381710706e-06,23.357459471216377
5330,8780.588235294117,3389.764705882353,17,71.89091864548229,71.89091864548229,71.89091864548229,1.64739564040566e-06,23.35807084140313
6310,9019.277777777777,3492.166666666667,18,71.82990820116717,71.82990820116717,71.82990820116717,1.645997573141009e-06,23.358992645899995
9648,8886.4375,3191.0,16,71.79390109733677,71.79390109733677,71.79390109733677,1.6451724627238455e-06,23.359537043340325
5109,8994.64705882353,3363.8823529411766,17,71.7741330890892,71.7741330890892,71.7741330890892,1.644719474624373e-06,23.359836035278295
3655,8710.473684210527,3217.894736842105,19,71.74163744658236,71.74163744658236,71.74163744658236,1.6439748300878085e-06,23.36032771220046
10433,8705.944444444445,3440.777777777778,18,71.71389305404631,71.71389305404631,71.71389305404631,1.6433390614515085e-06,23.360747676376477
8640,8690.473684210527,3895.2631578947367,19,71.61751400797783,71.61751400797783,71.61751400797783,1.6411305151801411e-06,23.362207820215332
10412,8723.888888888889,3424.5,18,71.42663982183672,71.42663982183672,71.42663982183672,1.6367565927426565e-06,23.365105375017798
9863,8714.55,3259.7,20,71.40078805031827,71.40078805031827,71.40078805031827,1.6361641939181781e-06,23.365498411635755
3892,8611.7,3240.75,20,71.31326387038327,71.31326387038327,71.31326387038327,1.6341585587813394e-06,23.366830140103723
5070,8636.611111111111,3362.3888888888887,18,71.29367592179564,71.29367592179564,71.29367592179564,1.6337096967871438e-06,23.367128405323122
9537,8843.85,3139.45,20,71.09588226762162,71.09588226762162,71.09588226762162,1.6291772132728766e-06,23.370144804450526
9826,8478.35,3256.15,20,71.0175486756404,71.0175486756404,71.0175486756404,1.6273821824072458e-06,23.371341730383726
1620,8868.9,2958.55,20,70.93060657037768,70.93060657037768,70.93060657037768,1.6253898856349122e-06,23.37267173996423
10451,8646.666666666666,3443.0,18,70.7304400614217,70.7304400614217,70.7304400614217,1.6208030276503117e-06,23.375740024091122
4590,8927.866666666667,3311.6,15,70.68712874898188,70.68712874898188,70.68712874898188,1.6198105397444962e-06,23.376405071041898
10457,8837.166666666666,3444.333333333333,18,70.60452117397703,70.60452117397703,70.60452117397703,1.617917569651868e-06,23.377674644229533
9983,8943.411764705883,3286.823529411765,17,70.5705251883059,70.5705251883059,70.5705251883059,1.6171385444336468e-06,23.378197550708038
9701,8823.2,3213.0,15,70.55847154994044,70.55847154994044,70.55847154994044,1.616862332755337e-06,23.378383013255167
6996,8999.411764705883,3578.4117647058824,17,70.52975418364727,70.52975418364727,70.52975418364727,1.6162042682191392e-06,23.378824998892995
2659,8887.857142857143,3110.333333333333,21,70.44986031971094,70.44986031971094,70.44986031971094,1.6143734833909061e-06,23.380055583473684
4796,8563.0,3335.6315789473683,19,70.40548283009662,70.40548283009662,70.40548283009662,1.6133565638091256e-06,23.380739721507314
10528,8761.941176470587,3479.0,17,70.2760458927118,70.2760458927118,70.2760458927118,1.610390488950537e-06,23.382737629975942
4165,8942.777777777777,3267.5,18,70.26058298352025,70.26058298352025,70.26058298352025,1.6100361531085405e-06,23.3829765518932
10465,8814.8125,3450.5,16,70.19926022041118,70.19926022041118,70.19926022041118,1.6086309289925196e-06,23.383924585819408
10330,8975.0,3398.2631578947367,19,70.10579089075843,70.10579089075843,70.10579089075843,1.6064890594896287e-06,23.385371191617953
9443,8798.666666666666,3057.9523809523807,21,70.06418914546109,70.06418914546109,70.06418914546109,1.605535746677282e-06,23.386015673729815
7683,8834.7,3683.75,20,70.03590790000598,70.03590790000598,70.03590790000598,1.6048876759425384e-06,23.386454017073905
3001,8348.857142857143,3148.4285714285716,21,69.94969801304886,69.94969801304886,69.94969801304886,1.6029121581078953e-06,23.387791314672477
9512,8973.25,3116.7,20,69.84517131282064,69.84517131282064,69.84517131282064,1.600516906614294e-06,23.389414957149466
10126,8962.722222222223,3328.722222222222,18,69.83823607174105,69.83823607174105,69.83823607174105,1.6003579840948027e-06,23.38952277013135
10487,8743.461538461539,3471.153846153846,13,69.83374275684966,69.83374275684966,69.83374275684966,1.6002550188315607e-06,23.3895926274456
5262,8976.761904761905,3380.7619047619046,21,69.82382645175241,69.82382645175241,69.82382645175241,1.6000277845981701e-06,23.389746811591017
3067,8805.454545454546,3156.909090909091,22,69.81851183158591,69.81851183158591,69.81851183158591,1.5999059989504462e-06,23.38982945523052
5064,9067.470588235294,3360.0,17,69.81627500068248,69.81627500068248,69.81627500068248,1.5998547414961243e-06,23.38986424037756
3697,8832.444444444445,3220.0555555555557,18,69.81012069783361,69.81012069783361,69.81012069783361,1.5997137143417358e-06,23.389959952214696
3174,8731.666666666666,3166.5333333333333,15,69.65507333351668,69.65507333351668,69.65507333351668,1.5961607711210255e-06,23.392374039936197
1902,8934.636363636364,3002.409090909091,22,69.65104062170539,69.65104062170539,69.65104062170539,1.5960683606750038e-06,23.392436900941988
10395,8975.0,3428.214285714286,14,69.51778521174506,69.51778521174506,69.51778521174506,1.5930147847078964e-06,23.394516106057402
3553,9106.052631578947,3205.684210526316,19,69.46320148534285,69.46320148534285,69.46320148534285,1.591763987046574e-06,23.395368935388966
10467,8909.588235294117,3450.470588235294,17,69.4619567779187,69.4619567779187,69.4619567779187,1.591735464312093e-06,23.395388390812755
8816,9484.0,3946.5,18,69.3622553951185,69.3622553951185,69.3622553951185,1.5894507859902392e-06,23.396947908679095
10466,8818.5,3452.5,14,69.3589569106862,69.3589569106862,69.3589569106862,1.589375200520251e-06,23.39699954150309
10376,8794.4375,3417.25,16,69.34951986706753,69.34951986706753,69.34951986706753,1.5891589486652374e-06,23.397147277822835
10298,8325.0,3390.8,20,69.33154691545785,69.33154691545785,69.33154691545785,1.5887470946691434e-06,23.397428698853563
5180,9111.318181818182,3372.4545454545455,22,69.23240941986334,69.23240941986334,69.23240941986334,1.5864753379421429e-06,23.398982309033713
9772,8621.588235294117,3243.3529411764703,17,69.20347744463072,69.20347744463072,69.20347744463072,1.5858123555966036e-06,23.39943612912551
5863,8556.57142857143,3444.2380952380954,21,69.15936159601988,69.15936159601988,69.15936159601988,1.5848014315738812e-06,23.400128485194465
4135,8734.8,3265.9333333333334,15,69.15492645879746,69.15492645879746,69.15492645879746,1.5846997994642565e-06,23.400198114863603
10405,8910.666666666666,3429.0666666666666,15,69.07941091578498,69.07941091578498,69.07941091578498,1.5829693447881225e-06,23.401384360897456
10262,8651.933333333334,3375.866666666667,15,69.0586014620331,69.0586014620331,69.0586014620331,1.58249249174415e-06,23.40171147690444
5720,8617.421052631578,3428.7368421052633,19,68.99871854277696,68.99871854277696,68.99871854277696,1.5811202619552417e-06,23.402653361877405
4728,8539.684210526317,3327.105263157895,19,68.96661103748133,68.96661103748133,68.96661103748133,1.5803845116651506e-06,23.40315871031066
10154,8860.470588235294,3348.7058823529414,17,68.94700015258562,68.94700015258562,68.94700015258562,1.5799351240805935e-06,23.40346748690926
7538,8681.952380952382,3660.4285714285716,21,68.92792802173628,68.92792802173628,68.92792802173628,1.5794980821592156e-06,23.40376786498918
7598,8423.78947368421,3668.5263157894738,19,68.92647082842893,68.92647082842893,68.92647082842893,1.5794646902656777e-06,23.403790818591595
5146,8999.625,3369.6875,16,68.91077593536141,68.91077593536141,68.91077593536141,1.5791050384639868e-06,23.404038074164482
10256,8970.315789473683,3376.6315789473683,19,68.88896428637518,68.88896428637518,68.88896428637518,1.578605219903771e-06,23.40438178594724
10338,8705.5625,3400.75,16,68.85691009754235,68.85691009754235,68.85691009754235,1.5778706913717272e-06,23.40488709899729
10665,8711.380952380952,3594.5238095238096,21,68.85318005858335,68.85318005858335,68.85318005858335,1.5777852167382772e-06,23.404945915868865
9093,8759.333333333334,4070.6190476190477,21,68.83683314221815,68.83683314221815,68.83683314221815,1.5774106236845022e-06,23.405203718720426
9813,8697.64705882353,3255.8823529411766,17,68.8327436675685,68.8327436675685,68.8327436675685,1.5773169125060065e-06,23.405268222306326
10257,8624.944444444445,3376.4444444444443,18,68.8252601900327,68.8252601900327,68.8252601900327,1.5771454270319046e-06,23.405386269674132
9966,8832.642857142857,3293.357142857143,14,68.79322036210422,68.79322036210422,68.79322036210422,1.5764112275830285e-06,23.40589182389425
6423,8694.933333333334,3505.133333333333,15,68.52476497639756,68.52476497639756,68.52476497639756,1.5702595155116128e-06,23.410137037691115
9702,8827.0,3215.529411764706,17,68.49846933636928,68.49846933636928,68.49846933636928,1.5696569453461391e-06,23.41055375721901
10273,8884.70588235294,3378.764705882353,17,68.46094076400652,68.46094076400652,68.46094076400652,1.5687969701550315e-06,23.41114876753217
9943,8730.8125,3278.3125,16,68.29935917937922,68.29935917937922,68.29935917937922,1.5650942938907661e-06,23.413714352108343
10655,8680.888888888889,3581.6111111111113,18,68.28862849499312,68.28862849499312,68.28862849499312,1.5648483979833372e-06,23.413884948260492
2102,8575.526315789473,3033.210526315789,19,68.2401718475735,68.2401718475735,68.2401718475735,1.5637380036357368e-06,23.414655644824762
9853,8926.105263157895,3262.210526315789,19,68.18240549216775,68.18240549216775,68.18240549216775,1.562414275356135e-06,23.415575126459732
10385,8807.5,3413.722222222222,18,68.03325771052252,68.03325771052252,68.03325771052252,1.5589965223229575e-06,23.417952756275543
5257,9307.863636363636,3380.363636363636,22,67.96345164556793,67.96345164556793,67.96345164556793,1.5573969015468318e-06,23.419067356460328
3549,8691.65,3207.25,20,67.92422552351732,67.92422552351732,67.92422552351732,1.5564980266447755e-06,23.419694186250236
10314,8804.533333333333,3398.8,15,67.84236087358073,67.84236087358073,67.84236087358073,1.5546220808375739e-06,23.421003542660483
7654,8729.55,3677.1,20,67.82350132027369,67.82350132027369,67.82350132027369,1.5541899101756404e-06,23.4213054093148
9555,8834.8,3146.9333333333334,15,67.77832287910877,67.77832287910877,67.77832287910877,1.55315463661929e-06,23.422028878506342
9364,8847.136363636364,2889.681818181818,22,67.71814616052039,67.71814616052039,67.71814616052039,1.5517756743564028e-06,23.42299327332509
10114,8789.461538461539,3337.076923076923,13,67.58253658976332,67.58253658976332,67.58253658976332,1.5486681522955963e-06,23.425169703879515
4990,8932.75,3353.25,16,67.51688988182894,67.51688988182894,67.51688988182894,1.5471638440673013e-06,23.426224852890858
9977,8647.952380952382,3285.904761904762,21,67.49998263257449,67.49998263257449,67.49998263257449,1.546776410866588e-06,23.426496771687262
10295,8666.058823529413,3385.6470588235297,17,67.4455835621526,67.4455835621526,67.4455835621526,1.5455298446361987e-06,23.427372132695808
3619,8970.0,3213.2,15,67.41845474778249,67.41845474778249,67.41845474778249,1.5449081821040631e-06,23.427808939078297
4251,8685.166666666666,3277.222222222222,18,67.40977310550096,67.40977310550096,67.40977310550096,1.5447092404308222e-06,23.42794876103554
10060,8787.846153846154,3318.0,13,67.3756099847252,67.3756099847252,67.3756099847252,1.5439263852762488e-06,23.428499149171667
10650,8587.0,3588.764705882353,17,67.36276942587916,67.36276942587916,67.36276942587916,1.543632141148313e-06,23.42870609035252
9856,8927.1875,3270.25,16,67.3216188933368,67.3216188933368,67.3216188933368,1.5426891679718962e-06,23.429369546970978
4024,8637.277777777777,3256.222222222222,18,67.22351827145079,67.22351827145079,67.22351827145079,1.5404411714257252e-06,23.430952828507717
7174,9298.866666666667,3604.7333333333336,15,67.21975694587405,67.21975694587405,67.21975694587405,1.5403549798527976e-06,23.43101357988931
4505,9132.42857142857,3304.9523809523807,21,67.10451173062862,67.10451173062862,67.10451173062862,1.5377141113154352e-06,23.432876622726646
10381,8778.315789473683,3430.9473684210525,19,67.04739521608033,67.04739521608033,67.04739521608033,1.5364052742768376e-06,23.433801148853675
9808,9034.70588235294,3248.235294117647,17,67.04084328813747,67.04084328813747,67.04084328813747,1.5362551354591302e-06,23.433907253094638
5775,8987.8,3435.35,20,66.99984188574156,66.99984188574156,66.99984188574156,1.5353155796316325e-06,23.434571479905443
5260,8712.555555555555,3381.0,18,66.99147348229079,66.99147348229079,66.99147348229079,1.5351238158925995e-06,23.43470709882357
10649,8585.809523809523,3582.857142857143,21,66.90474464235217,66.90474464235217,66.90474464235217,1.5331364061403764e-06,23.436113630778035
3642,8908.64705882353,3215.8823529411766,17,66.83132812167766,66.83132812167766,66.83132812167766,1.531454051006074e-06,23.43730569483201
3528,8768.125,3203.3125,16,66.82148112700759,66.82148112700759,66.82148112700759,1.531228405035815e-06,23.43746568007588
10169,8781.0,3354.785714285714,14,66.7939816530492,66.7939816530492,66.7939816530492,1.5305982487606407e-06,23.437912592046825
3112,9021.944444444445,3160.833333333333,18,66.72047068341895,66.72047068341895,66.72047068341895,1.528913729308496e-06,23.439108170920015
9993,8784.0,3298.7692307692305,13,66.67764883607171,66.67764883607171,66.67764883607171,1.5279324575990352e-06,23.43980523069543
3227,8826.052631578947,3172.0,19,66.67196737842153,66.67196737842153,66.67196737842153,1.5278022657926095e-06,23.43989774786114
5528,8704.631578947368,3408.842105263158,19,66.66059089759354,66.66059089759354,66.66059089759354,1.5275415713228169e-06,23.440083026795367
6805,8793.277777777777,3552.5555555555557,18,66.64095087952964,66.64095087952964,66.64095087952964,1.527091516145535e-06,23.440402961261903
10478,8750.857142857143,3456.785714285714,14,66.62094724038815,66.62094724038815,66.62094724038815,1.5266331285141785e-06,23.440728916027854
3990,8848.8125,3252.6875,16,66.59067061869936,66.59067061869936,66.59067061869936,1.5259393333100542e-06,23.441222452934312
9895,8576.058823529413,3269.7058823529414,17,66.46550406249149,66.46550406249149,66.46550406249149,1.5230711151413832e-06,23.4432651676315
10343,8924.8,3403.8,15,66.44882378136582,66.44882378136582,66.44882378136582,1.5226888829634542e-06,23.44353767979046
7546,8716.052631578947,3662.789473684211,19,66.43140067768104,66.43140067768104,66.43140067768104,1.5222896288491176e-06,23.44382240078119
5882,8895.466666666667,3445.4,15,66.41471881920828,66.41471881920828,66.41471881920828,1.5219073605259456e-06,23.444095078641418
10024,8915.222222222223,3309.5555555555557,18,66.3786297739397,66.3786297739397,66.3786297739397,1.5210803724033565e-06,23.444685216391882
10397,8744.058823529413,3416.823529411765,17,66.37337348529593,66.37337348529593,66.37337348529593,1.520959923434841e-06,23.444771195401554
10170,8778.461538461539,3357.2307692307695,13,66.36431737633305,66.36431737633305,66.36431737633305,1.5207524007782166e-06,23.44491934541572
10760,8777.842105263158,3771.421052631579,19,66.35673833189949,66.35673833189949,66.35673833189949,1.520578725368394e-06,23.44504334748764
10544,8788.315789473683,3495.0,19,66.28999353343507,66.28999353343507,66.28999353343507,1.5190492541628266e-06,23.446135982779424
9767,8944.235294117647,3245.2941176470586,17,66.2690845953666,66.2690845953666,66.2690845953666,1.5185701214146509e-06,23.44647849559066
9800,8862.117647058823,3244.823529411765,17,66.20359910089107,66.20359910089107,66.20359910089107,1.5170695074269396e-06,23.44755192410507
9727,8756.8125,3222.4375,16,66.18448796947317,66.18448796947317,66.18448796947317,1.5166315717992657e-06,23.44786539109289
10329,8586.588235294117,3399.0,17,66.18119523249649,66.18119523249649,66.18119523249649,1.5165561180334414e-06,23.447919408775757
5707,8735.0,3427.5,16,66.16352478988408,66.16352478988408,66.16352478988408,1.5161511960951463e-06,23.448209340091633
6173,8851.333333333334,3477.133333333333,15,66.03568569134815,66.03568569134815,66.03568569134815,1.5132217360524945e-06,23.450309195006405
5830,8897.42857142857,3439.142857142857,14,66.02485000464054,66.02485000464054,66.02485000464054,1.5129734339946094e-06,23.450487366287117
10555,8674.619047619048,3501.4761904761904,21,66.02352990701566,66.02352990701566,66.02352990701566,1.512943183677697e-06,23.45050907466076
10690,8804.619047619048,3624.904761904762,21,65.96230274539678,65.96230274539678,65.96230274539678,1.5115401502900902e-06,23.451516403243183
9734,8807.875,3230.1875,16,65.94855271318323,65.94855271318323,65.94855271318323,1.5112250653871453e-06,23.45174275167816
3610,8677.235294117647,3211.9411764705883,17,65.92905384673031,65.92905384673031,65.92905384673031,1.5107782447289505e-06,23.45206381642852
4964,8367.78947368421,3350.315789473684,19,65.92753912950515,65.92753912950515,65.92753912950515,1.5107435346626419e-06,23.452088761458484
10097,8953.222222222223,3323.777777777778,18,65.90803871914605,65.90803871914605,65.90803871914605,1.5102966786255097e-06,23.45240995399292
5950,8837.444444444445,3452.333333333333,18,65.90287039784909,65.90287039784909,65.90287039784909,1.5101782454473943e-06,23.45249509768232
5056,8435.526315789473,3360.9473684210525,19,65.87865885083005,65.87865885083005,65.87865885083005,1.5096234327150193e-06,23.452894051217275
3125,8642.047619047618,3161.714285714286,21,65.78533638524549,65.78533638524549,65.78533638524549,1.5074849286333834e-06,23.45443317505122
9558,8766.75,3146.3125,16,65.74531088903925,65.74531088903925,65.74531088903925,1.5065677359030973e-06,23.45509396601647
5717,8470.375,3427.8125,16,65.72587127086857,65.72587127086857,65.72587127086857,1.5061222729318497e-06,23.455415044705525
3355,8983.35,3187.15,20,65.71820414233008,65.71820414233008,65.71820414233008,1.5059465790560902e-06,23.455541706618952
3235,9042.529411764706,3173.470588235294,17,65.68605711321175,65.68605711321175,65.68605711321175,1.5052099230692237e-06,23.45607294044276
10242,8457.57142857143,3368.666666666667,21,65.67152513952581,65.67152513952581,65.67152513952581,1.5048769198116808e-06,23.456313168524776
4407,8929.411764705883,3293.764705882353,17,65.65691739436734,65.65691739436734,65.65691739436734,1.5045421802347824e-06,23.456554702765917
9884,8671.133333333333,3274.4,15,65.6202209909072,65.6202209909072,65.6202209909072,1.5037012743704838e-06,23.45716170281709
1453,8502.736842105263,2931.789473684211,19,65.59566126051759,65.59566126051759,65.59566126051759,1.5031384829423632e-06,23.45756813820154
3004,8669.9375,3147.6875,16,65.57211577084436,65.57211577084436,65.57211577084436,1.5025989330552605e-06,23.45795793196721
4649,9029.266666666666,3317.8,15,65.46143798398732,65.46143798398732,65.46143798398732,1.5000627281076347e-06,23.45979207147403
6374,8699.625,3500.6875,16,65.39171866311335,65.39171866311335,65.39171866311335,1.4984650950905049e-06,23.4609490446789
18,8902.583333333334,2084.0833333333335,12,65.36583112174058,65.36583112174058,65.36583112174058,1.497871876592232e-06,23.46137895547693
10254,8797.466666666667,3387.9333333333334,15,65.26743604982164,65.26743604982164,65.26743604982164,1.495617132661138e-06,23.463014543630976
9390,8861.526315789473,3004.684210526316,19,65.24253591957898,65.24253591957898,65.24253591957898,1.4950465408982263e-06,23.46342884106477
806,9110.333333333334,2780.4761904761904,21,65.22710202577811,65.22710202577811,65.22710202577811,1.4946928699500577e-06,23.463685715194597
5419,9136.470588235294,3397.7058823529414,17,65.20648110253299,65.20648110253299,65.20648110253299,1.494220337122613e-06,23.464029014559568
10368,8910.285714285714,3407.642857142857,14,65.18754429533936,65.18754429533936,65.18754429533936,1.493786396171492e-06,23.464344372218854
7607,8711.764705882353,3669.2941176470586,17,65.15524091316149,65.15524091316149,65.15524091316149,1.493046157321122e-06,23.464882537062095
7305,8746.526315789473,3625.842105263158,19,65.12639662390937,65.12639662390937,65.12639662390937,1.4923851843184138e-06,23.46536329997305
4111,8513.555555555555,3265.5555555555557,18,65.1182348766807,65.1182348766807,65.1182348766807,1.4921981561505181e-06,23.465499374748187
10188,8722.0625,3360.0625,16,65.10395542064259,65.10395542064259,65.10395542064259,1.4918709393884046e-06,23.465737486585063
4906,8990.35294117647,3345.0,17,65.10374375115641,65.10374375115641,65.10374375115641,1.4918660889372586e-06,23.465741016594826
10279,9052.65,3380.5,20,65.07673138730938,65.07673138730938,65.07673138730938,1.491247094893545e-06,23.46619159571269
3060,9104.0,3155.2631578947367,19,65.04729182547258,65.04729182547258,65.04729182547258,1.4905724810933714e-06,23.466682874692463
6514,8576.384615384615,3514.3846153846152,13,65.04324502583694,65.04324502583694,65.04324502583694,1.4904797478218683e-06,23.466750423908348
10685,8691.0,3617.875,16,65.01793455612733,65.01793455612733,65.01793455612733,1.4898997530430862e-06,23.467173001863713
7975,8703.08695652174,3737.913043478261,23,64.95558037189724,64.95558037189724,64.95558037189724,1.488470893693434e-06,23.468214755648216
5923,8765.1875,3449.1875,16,64.89019785153499,64.89019785153499,64.89019785153499,1.4869726393793575e-06,23.469308178576348
9874,8810.75,3269.333333333333,12,64.8708750765177,64.8708750765177,64.8708750765177,1.4865298538937388e-06,23.469631533433
5104,8606.470588235294,3365.764705882353,17,64.8426547959408,64.8426547959408,64.8426547959408,1.4858831801821026e-06,23.47010395571376
9660,8951.5,3198.1111111111113,18,64.82836965852648,64.82836965852648,64.82836965852648,1.4855558332300486e-06,23.47034317478385
8000,8602.238095238095,3742.666666666667,21,64.81314667635617,64.81314667635617,64.81314667635617,1.4852069953666042e-06,23.470598157036907
9371,8730.761904761905,2898.857142857143,21,64.80358037923558,64.80358037923558,64.80358037923558,1.4849877816401947e-06,23.470758421462406
9515,8666.736842105263,3118.0,19,64.76065482187784,64.76065482187784,64.76065482187784,1.4840041333938584e-06,23.471477845821536
5074,9325.882352941177,3361.470588235294,17,64.70272191326914,64.70272191326914,64.70272191326914,1.482676588512305e-06,23.472449547040956
2088,8840.222222222223,3029.722222222222,18,64.7013167914954,64.7013167914954,64.7013167914954,1.482644389848998e-06,23.472473125773075
1461,8920.8,2933.7,20,64.69118582821626,64.69118582821626,64.69118582821626,1.4824122366778658e-06,23.472643144180957
1630,9289.05,2961.0,20,64.66504813016525,64.66504813016525,64.66504813016525,1.481813285786282e-06,23.473081911522907
10425,8822.92857142857,3432.857142857143,14,64.62370205107194,64.62370205107194,64.62370205107194,1.4808658316191977e-06,23.47377634064321
5881,8694.947368421053,3446.0526315789475,19,64.60249313124908,64.60249313124908,64.60249313124908,1.4803798247255287e-06,23.474132728019462
5293,8836.0625,3383.9375,16,64.49803515659681,64.49803515659681,64.49803515659681,1.4779861480930692e-06,23.47588971276941
605,9348.631578947368,2713.157894736842,19,64.40640117183473,64.40640117183473,64.40640117183473,1.4758863359074095e-06,23.477433342367185
3858,8512.5,3238.4,20,64.40243787933014,64.40243787933014,64.40243787933014,1.4757955162195166e-06,23.47750015595227
10286,8749.25,3386.75,16,64.32853253735897,64.32853253735897,64.32853253735897,1.4741019596415794e-06,23.478746813443614
5688,7388.888888888889,3424.666666666667,9,64.3006437444655,64.3006437444655,64.3006437444655,1.4734628820404788e-06,23.479217622221235
10367,8906.6,3406.666666666667,15,64.23548623745735,64.23548623745735,64.23548623745735,1.4719697839551108e-06,23.48031838463629
2569,8874.470588235294,3096.823529411765,17,64.13819118566809,64.13819118566809,64.13819118566809,1.469740247218474e-06,23.481964154744595
10675,8857.6,3605.866666666667,15,64.04238506990058,64.04238506990058,64.04238506990058,1.4675448297664043e-06,23.483587180493657
9985,8766.714285714286,3292.0,14,64.0136979890579,64.0136979890579,64.0136979890579,1.4668874592277242e-06,23.48407363302378
3189,8889.85,3168.7,20,63.999529901641864,63.999529901641864,63.999529901641864,1.4665627945011936e-06,23.484313964523515
4611,8442.7,3315.35,20,63.997343323092764,63.997343323092764,63.997343323092764,1.466512688590224e-06,23.4843510599218
10050,8399.277777777777,3318.166666666667,18,63.9382087071498,63.9382087071498,63.9382087071498,1.4651576063303642e-06,23.48535476213025
5209,8945.4,3374.6,15,63.92072640480265,63.92072640480265,63.92072640480265,1.4647569956661303e-06,23.485651670104694
7201,8754.666666666666,3608.6111111111113,18,63.90182320174413,63.90182320174413,63.90182320174413,1.4643238247608888e-06,23.48597280111263
10223,8895.0,3363.4375,16,63.765189017218205,63.765189017218205,63.765189017218205,1.4611928234583685e-06,23.488296795933362
9964,8828.5,3292.25,12,63.763163586160516,63.763163586160516,63.763163586160516,1.4611464102763249e-06,23.488331283696823
9482,8902.388888888889,3092.8888888888887,18,63.71812195036022,63.71812195036022,63.71812195036022,1.4601142716439051e-06,23.489098507474637
10035,8764.076923076924,3309.6153846153848,13,63.65785257205235,63.65785257205235,63.65785257205235,1.4587331860639036e-06,23.49012596420179
9556,8693.0,3143.55,20,63.616195888649415,63.616195888649415,63.616195888649415,1.4577786143332212e-06,23.490836685224696
10277,8604.866666666667,3380.5333333333333,15,63.574488525457795,63.574488525457795,63.574488525457795,1.456822881264438e-06,23.491548737307028
5175,8905.583333333334,3372.166666666667,12,63.437634189171064,63.437634189171064,63.437634189171064,1.4536868351376504e-06,23.493888478774405
4414,9170.6,3296.1,20,63.424125265470714,63.424125265470714,63.424125265470714,1.4533772752873961e-06,23.49411970885772
2040,8708.842105263158,3022.315789473684,19,63.42302811140417,63.42302811140417,63.42302811140417,1.4533521337693836e-06,23.494138490830526
10127,8962.133333333333,3335.7333333333336,15,63.34026830789847,63.34026830789847,63.34026830789847,1.4514556753283884e-06,23.49555617765738
10002,8895.857142857143,3296.642857142857,14,63.213974475502596,63.213974475502596,63.213974475502596,1.4485616253869058e-06,23.497723182552257
7061,8864.357142857143,3588.142857142857,14,63.16416205915087,63.16416205915087,63.16416205915087,1.4474201633068261e-06,23.49857907658841
9615,8970.055555555555,3184.166666666667,18,63.03221934818198,63.03221934818198,63.03221934818198,1.4443966681153774e-06,23.500849427431355
7626,9017.117647058823,3672.9411764705883,17,63.0179773002143,63.0179773002143,63.0179773002143,1.4440703085671275e-06,23.501094775833586
2616,8867.8125,3104.5625,16,63.008850127124674,63.008850127124674,63.008850127124674,1.4438611574609743e-06,23.501252039211394
10251,8796.764705882353,3377.5882352941176,17,63.00105141592641,63.00105141592641,63.00105141592641,1.4436824483406727e-06,23.501386430921972
10682,8625.384615384615,3609.846153846154,13,62.943239765993866,62.943239765993866,62.943239765993866,1.442357682127388e-06,23.502383192350504
4259,8824.933333333334,3279.0666666666666,15,62.92738950061607,62.92738950061607,62.92738950061607,1.441994469936271e-06,23.502656635125312
5463,8801.333333333334,3403.6,15,62.91345212175057,62.91345212175057,62.91345212175057,1.4416750919450822e-06,23.502897134421097
4090,8816.533333333333,3260.333333333333,15,62.888712680918985,62.888712680918985,62.888712680918985,1.4411081824140882e-06,23.503324162159206
10164,8881.133333333333,3352.0666666666666,15,62.883655951397344,62.883655951397344,62.883655951397344,1.4409923063851597e-06,23.50341146709561
7702,8774.166666666666,3686.8888888888887,18,62.867905219068184,62.867905219068184,62.867905219068184,1.4406313750149514e-06,23.50368345004789
10611,8844.125,3541.5625,16,62.84597276502218,62.84597276502218,62.84597276502218,1.4401287881811823e-06,23.504062292225708
10798,8717.190476190477,3925.5714285714284,21,62.82320581469061,62.82320581469061,62.82320581469061,1.4396070786881306e-06,23.504455688646324
4088,8507.684210526317,3261.894736842105,19,62.810190378968976,62.810190378968976,62.810190378968976,1.4393088272195197e-06,23.504680650006318
9883,8671.529411764706,3269.3529411764703,17,62.7645309075216,62.7645309075216,62.7645309075216,1.4382625307522765e-06,23.505470206103553
6286,9143.090909090908,3490.863636363636,22,62.755316319499734,62.755316319499734,62.755316319499734,1.4380513765144205e-06,23.505629616938833
5047,8951.555555555555,3360.0555555555557,18,62.69698669845762,62.69698669845762,62.69698669845762,1.436714740883359e-06,23.50663925302227
5605,8780.125,3416.875,16,62.686607331433635,62.686607331433635,62.686607331433635,1.4364768954877562e-06,23.50681900946766
10772,8704.9,3818.6,20,62.622449372288756,62.622449372288756,62.622449372288756,1.435006702253562e-06,23.507930798622986
5727,9085.3125,3427.5625,16,62.55871520473401,62.55871520473401,62.55871520473401,1.4335462202934921e-06,23.509036372283486
201,9615.666666666666,2500.7333333333336,15,62.55211384868106,62.55211384868106,62.55211384868106,1.4333949488201642e-06,23.50915094799732
5929,8309.368421052632,3449.9473684210525,19,62.51552081756544,62.51552081756544,62.51552081756544,1.4325564117550534e-06,23.50978629030573
4260,9156.684210526317,3279.0526315789475,19,62.479342441153776,62.479342441153776,62.479342441153776,1.4317273765903836e-06,23.510414798920756
10778,8828.0,3830.333333333333,18,62.47540121431123,62.47540121431123,62.47540121431123,1.4316370625418141e-06,23.510483289840757
1494,8836.470588235294,2936.8823529411766,17,62.448784339869,62.448784339869,62.448784339869,1.4310271312216484e-06,23.510945952927948
10122,8849.0,3330.8125,16,62.44798628702344,62.44798628702344,62.44798628702344,1.431008843671519e-06,23.51095982798434
10303,8569.466666666667,3388.4,15,62.44171918828369,62.44171918828369,62.44171918828369,1.4308652317753798e-06,23.511068794787974
9704,8915.5625,3216.5625,16,62.35654160647569,62.35654160647569,62.35654160647569,1.4289133694320597e-06,23.512550873114613
10394,8968.833333333334,3426.333333333333,18,62.348116410872464,62.348116410872464,62.348116410872464,1.4287203042888147e-06,23.512697580383737
10687,8694.176470588236,3624.176470588235,17,62.31347345861623,62.31347345861623,62.31347345861623,1.4279264536941501e-06,23.51330102381025
4563,8961.333333333334,3310.5,18,62.273033582508575,62.273033582508575,62.273033582508575,1.4269997653605815e-06,23.514005868021567
4476,8772.923076923076,3301.3076923076924,13,62.27108756342241,62.27108756342241,62.27108756342241,1.4269551719206994e-06,23.514039797577734
121,8257.23076923077,2430.846153846154,13,62.20164970791431,62.20164970791431,62.20164970791431,1.425363988742094e-06,23.515251166479544
10543,8788.076923076924,3490.153846153846,13,62.1332265033235,62.1332265033235,62.1332265033235,1.4237960565043473e-06,23.516446157945058
10123,8844.0,3335.133333333333,15,62.1232265332697,62.1232265332697,62.1232265332697,1.423566905070742e-06,23.516620914737032
3153,9057.875,3163.0625,16,62.11512028668778,62.11512028668778,62.11512028668778,1.4233811487119316e-06,23.5167625979715
9926,8694.333333333334,3276.9333333333334,15,62.078957532628934,62.078957532628934,62.078957532628934,1.4225524715367883e-06,23.517394885970162
10568,8636.666666666666,3509.5555555555557,18,62.07112298805347,62.07112298805347,62.07112298805347,1.4223729412870522e-06,23.517531917676774
10085,8730.461538461539,3328.0,13,62.06743396377641,62.06743396377641,62.06743396377641,1.4222884065137333e-06,23.51759644730105
5030,9149.388888888889,3355.222222222222,18,62.03365220894127,62.03365220894127,62.03365220894127,1.4215142904405321e-06,23.51818754728771
6841,8840.666666666666,3557.5555555555557,18,61.95448975802617,61.95448975802617,61.95448975802617,1.4197002660967278e-06,23.519573962945387
1209,8793.809523809523,2882.9523809523807,21,61.94774754656724,61.94774754656724,61.94774754656724,1.4195457668919131e-06,23.519692124864775
9524,8907.777777777777,3131.0555555555557,18,61.87864023181773,61.87864023181773,61.87864023181773,1.4179621581248598e-06,23.520904020370633
9765,8949.888888888889,3240.3888888888887,18,61.82251957037438,61.82251957037438,61.82251957037438,1.4166761412712658e-06,23.521889172623723
6506,8981.133333333333,3513.2,15,61.75502808567508,61.75502808567508,61.75502808567508,1.4151295595923416e-06,23.52307511549322
10324,8820.214285714286,3393.714285714286,14,61.69360226789743,61.69360226789743,61.69360226789743,1.4137219739567446e-06,23.5241556011913
9722,8631.882352941177,3222.8823529411766,17,61.65827807287178,61.65827807287178,61.65827807287178,1.4129125125396071e-06,23.524777444302014
2310,8899.777777777777,3062.6111111111113,18,61.5636273044424,61.5636273044424,61.5636273044424,1.4107435701167046e-06,23.526445423481345
1854,8826.35,2996.55,20,61.53586591834422,61.53586591834422,61.53586591834422,1.410107412069326e-06,23.526935133742583
8,8600.818181818182,2010.8181818181818,11,61.517825841176546,61.517825841176546,61.517825841176546,1.4096940198768413e-06,23.527253478763814
3103,8730.3125,3159.3125,16,61.51319615252389,61.51319615252389,61.51319615252389,1.409587929579951e-06,23.527335191822974
10472,9151.944444444445,3454.222222222222,18,61.506737189120955,61.506737189120955,61.506737189120955,1.4094399210643828e-06,23.527449201483485
3905,8916.9375,3241.9375,16,61.491305471245255,61.491305471245255,61.491305471245255,1.4090862999780011e-06,23.527721641182925
9469,8860.35294117647,3086.1176470588234,17,61.45543745335654,61.45543745335654,61.45543745335654,1.4082643767446752e-06,23.528355138350776
9881,8670.846153846154,3264.2307692307695,13,61.42296166343189,61.42296166343189,61.42296166343189,1.4075201871342403e-06,23.528929041363405
4692,9099.5,3321.5,18,61.26455315448702,61.26455315448702,61.26455315448702,1.4038902225718757e-06,23.531732748800668
5594,8665.111111111111,3415.833333333333,18,61.264147214244545,61.264147214244545,61.264147214244545,1.403880920365167e-06,23.531739942935864
2017,8974.78947368421,3017.421052631579,19,61.09894709274164,61.09894709274164,61.09894709274164,1.4000953245613293e-06,23.53467160894086
6734,8310.70588235294,3543.7058823529414,17,61.09273789737149,61.09273789737149,61.09273789737149,1.3999530395331792e-06,23.534781952753896
10601,8777.263157894737,3532.315789473684,19,60.98356375976327,60.98356375976327,60.98356375976327,1.397451291026838e-06,23.536723924190063
5016,8393.333333333334,3355.133333333333,15,60.981943231651925,60.981943231651925,60.981943231651925,1.3974141562816423e-06,23.536752776052936
9630,8870.823529411764,3185.9411764705883,17,60.948822885446745,60.948822885446745,60.948822885446745,1.396655196527404e-06,23.53734261832193
3072,8965.2,3154.9333333333334,15,60.93203461379491,60.93203461379491,60.93203461379491,1.396270489723676e-06,23.53764172410174
6899,9050.666666666666,3565.4444444444443,18,60.80819917035056,60.80819917035056,60.80819917035056,1.393432774286154e-06,23.53985056938771
2732,8873.666666666666,3115.2666666666664,15,60.79988224475234,60.79988224475234,60.79988224475234,1.3932421901730247e-06,23.539999079045014
9658,8947.07142857143,3192.5714285714284,14,60.79957623674136,60.79957623674136,60.79957623674136,1.3932351779345847e-06,23.540004543608436
10526,8537.05,3481.95,20,60.776578566503815,60.776578566503815,60.776578566503815,1.3927081814459789e-06,23.540415305135483
828,8689.0,2787.4736842105262,19,60.76647937249002,60.76647937249002,60.76647937249002,1.3924767562742963e-06,23.54059573601802
10608,8871.222222222223,3541.1111111111113,18,60.763137037120245,60.763137037120245,60.763137037120245,1.3924001659507802e-06,23.540655456350024
2829,8818.333333333334,3127.3888888888887,18,60.74727243722718,60.74727243722718,60.74727243722718,1.392036625281207e-06,23.540938967378423
4740,8495.052631578947,3330.421052631579,19,60.67607836534795,60.67607836534795,60.67607836534795,1.3904051980321695e-06,23.54221216548654
9479,8949.3125,3091.0625,16,60.66142958640544,60.66142958640544,60.66142958640544,1.3900695181574115e-06,23.54247432201174
755,8964.411764705883,2764.529411764706,17,60.58668180398512,60.58668180398512,60.58668180398512,1.3883566568779992e-06,23.543813004865434
2945,8763.421052631578,3140.578947368421,19,60.573341573704084,60.573341573704084,60.573341573704084,1.3880509626732088e-06,23.544052093149684
10474,9185.842105263158,3459.5263157894738,19,60.51396027938793,60.51396027938793,60.51396027938793,1.386690227726136e-06,23.545116984765997
10074,9063.555555555555,3323.833333333333,18,60.50502098365158,60.50502098365158,60.50502098365158,1.3864853818693599e-06,23.545277384679174
2319,8933.642857142857,3064.142857142857,14,60.44825498287531,60.44825498287531,60.44825498287531,1.3851845769281508e-06,23.546296503942784
659,8776.42857142857,2733.857142857143,21,60.427249834075546,60.427249834075546,60.427249834075546,1.384703239490672e-06,23.54667385170737
2895,8742.785714285714,3134.857142857143,14,60.4205322146435,60.4205322146435,60.4205322146435,1.3845493038173665e-06,23.54679455831052
9847,8618.5625,3259.1875,16,60.41703349262622,60.41703349262622,60.41703349262622,1.3844691298606712e-06,23.546857430963467
9647,8890.5,3189.0714285714284,14,60.34075562125193,60.34075562125193,60.34075562125193,1.3827212062685261e-06,23.54822906352142
3172,8700.466666666667,3165.666666666667,15,60.31234168432837,60.31234168432837,60.31234168432837,1.3820700948806544e-06,23.54874044766815
9921,8759.142857142857,3279.0,14,60.30678980985448,60.30678980985448,60.30678980985448,1.3819428725001828e-06,23.54884039650794
5510,8447.555555555555,3407.5555555555557,18,60.27860055358279,60.27860055358279,60.27860055358279,1.381296909717077e-06,23.54934802179463
10076,9068.29411764706,3326.470588235294,17,60.271354778892146,60.271354778892146,60.271354778892146,1.3811308712540608e-06,23.54947854029878
2810,8936.833333333334,3124.777777777778,18,60.18821585601226,60.18821585601226,60.18821585601226,1.3792257252122395e-06,23.550977249823518
10696,8900.105263157895,3627.3684210526317,19,60.18013456268806,60.18013456268806,60.18013456268806,1.3790405406626194e-06,23.551123038192735
5218,8848.777777777777,3376.6111111111113,18,60.11187550973105,60.11187550973105,60.11187550973105,1.3774763699943585e-06,23.55235522864342
6199,8717.5,3480.333333333333,12,60.107761972089506,60.107761972089506,60.107761972089506,1.377382107407303e-06,23.552429529595283
10307,8707.35294117647,3391.6470588235297,17,60.105455570565695,60.105455570565695,60.105455570565695,1.3773292557274671e-06,23.552471191297528
9768,8931.857142857143,3251.0,14,60.074860576179475,60.074860576179475,60.074860576179475,1.3766281649454916e-06,23.553023995531564
10571,8732.0,3514.3529411764703,17,59.98896636356602,59.98896636356602,59.98896636356602,1.3746598808553513e-06,23.554577477120496
9494,8606.411764705883,3098.2941176470586,17,59.95957097771684,59.95957097771684,59.95957097771684,1.3739862793572984e-06,23.555109632593428
10146,8663.5,3339.714285714286,14,59.950635250079046,59.950635250079046,59.950635250079046,1.3737815152642572e-06,23.55527145106302
9531,8862.277777777777,3140.722222222222,18,59.930265712248115,59.930265712248115,59.930265712248115,1.3733147429868679e-06,23.555640416339934
10258,8629.058823529413,3379.176470588235,17,59.83705639195031,59.83705639195031,59.83705639195031,1.3711788316534631e-06,23.55733037237004
4968,8708.142857142857,3349.9285714285716,14,59.78585114012324,59.78585114012324,59.78585114012324,1.3700054524532087e-06,23.55825988328605
8922,8746.526315789473,3989.6315789473683,19,59.777591078287585,59.777591078287585,59.777591078287585,1.369816171385253e-06,23.558409899846904
6016,9012.05,3460.9,20,59.75819776729451,59.75819776729451,59.75819776729451,1.3693717695527965e-06,23.55876219634762
2648,8498.166666666666,3107.9444444444443,18,59.75674877622977,59.75674877622977,59.75674877622977,1.3693385656153866e-06,23.558788523131085
9474,8944.45,3085.0,20,59.751634539317635,59.751634539317635,59.751634539317635,1.3692213717924144e-06,23.55888144903343
7829,8920.117647058823,3707.8823529411766,17,59.74887989694224,59.74887989694224,59.74887989694224,1.3691582485784453e-06,23.558931504298425
8298,8759.6875,3803.1875,16,59.73960399566239,59.73960399566239,59.73960399566239,1.3689456893342851e-06,23.559100075888647
10414,8506.21052631579,3427.578947368421,19,59.7363162680568,59.7363162680568,59.7363162680568,1.368870350359261e-06,23.559159830270715
10048,8740.461538461539,3324.846153846154,13,59.6978730247543,59.6978730247543,59.6978730247543,1.3679894152896746e-06,23.559858779587834
3616,8639.833333333334,3213.166666666667,12,59.69766951775959,59.69766951775959,59.69766951775959,1.367984751883751e-06,23.55986248081331
9794,8572.473684210527,3241.315789473684,19,59.63605602674794,59.63605602674794,59.63605602674794,1.366572865676213e-06,23.5609836392039
4151,8601.058823529413,3267.6470588235297,17,59.56000271583616,59.56000271583616,59.56000271583616,1.3648300879346693e-06,23.56236915220199
2702,9020.764705882353,3111.764705882353,17,59.50283527403465,59.50283527403465,59.50283527403465,1.3635200838872686e-06,23.563411774184043
3589,8879.083333333334,3209.666666666667,12,59.49253973464042,59.49253973464042,59.49253973464042,1.3632841594195714e-06,23.563599651064045
6281,8729.3125,3489.3125,16,59.49163308396534,59.49163308396534,59.49163308396534,1.3632633833271576e-06,23.56361619752463
5098,8675.117647058823,3364.1176470588234,17,59.41997245878338,59.41997245878338,59.41997245878338,1.3616212649102867e-06,23.56492480898067
9770,9160.222222222223,3240.166666666667,18,59.40922105528155,59.40922105528155,59.40922105528155,1.361374894219929e-06,23.565121279018385
10275,8884.533333333333,3384.0666666666666,15,59.31475830696053,59.31475830696053,59.31475830696053,1.3592102603176666e-06,23.56684901166425
5174,8705.625,3372.0625,16,59.31075155397954,59.31075155397954,59.31075155397954,1.3591184447237442e-06,23.566922356373695
9493,8849.0,3099.7333333333336,15,59.138318798456666,59.138318798456666,59.138318798456666,1.3551671115781442e-06,23.5700834891247
9737,8920.722222222223,3227.166666666667,18,59.131725698867484,59.131725698867484,59.131725698867484,1.3550160293034338e-06,23.570204540350534
2997,8895.375,3147.125,16,59.11685712427888,59.11685712427888,59.11685712427888,1.3546753127648527e-06,23.570477581252057
10121,8853.866666666667,3327.2666666666664,15,59.11104418300749,59.11104418300749,59.11104418300749,1.3545421079833748e-06,23.570584346587985
1455,8741.222222222223,2931.166666666667,18,59.10596184992318,59.10596184992318,59.10596184992318,1.3544256452433802e-06,23.570677701566645
3331,8928.4,3185.5333333333333,15,59.09579666830879,59.09579666830879,59.09579666830879,1.3541927079518418e-06,23.570864445078286
4705,8885.23076923077,3323.3846153846152,13,59.02511996701017,59.02511996701017,59.02511996701017,1.352573136359333e-06,23.57216372830053
3071,8951.166666666666,3156.5,18,59.01595831251187,59.01595831251187,59.01595831251187,1.3523631951043904e-06,23.57233226522258
9839,8625.29411764706,3265.764705882353,17,58.97867348099031,58.97867348099031,58.97867348099031,1.3515088052863276e-06,23.573018423435094
4652,9404.666666666666,3317.166666666667,18,58.977413723387016,58.977413723387016,58.977413723387016,1.351479937673801e-06,23.573041614513595
4797,8585.666666666666,3336.166666666667,18,58.916995672143514,58.916995672143514,58.916995672143514,1.3500954452219634e-06,23.57415444202993
10417,8559.2,3428.0,15,58.90036906517668,58.90036906517668,58.90036906517668,1.3497144429987622e-06,23.574460884281567
9519,8655.444444444445,3126.666666666667,18,58.84325749302413,58.84325749302413,58.84325749302413,1.3484057192162106e-06,23.575514157537576
9528,8853.583333333334,3133.0,12,58.77071410574925,58.77071410574925,58.77071410574925,1.3467433721188501e-06,23.576853505081026
9860,9067.142857142857,3259.5,14,58.711276969789196,58.711276969789196,58.711276969789196,1.34538135754867e-06,23.577952108455623
3065,8782.588235294117,3154.235294117647,17,58.70446826294054,58.70446826294054,58.70446826294054,1.3452253345879036e-06,23.578078027846196
9655,8818.857142857143,3194.0,14,58.665825392711184,58.665825392711184,58.665825392711184,1.3443398250249707e-06,23.57879296113081
4647,8945.764705882353,3319.764705882353,17,58.66398067016634,58.66398067016634,58.66398067016634,1.344297552816806e-06,23.578827102192182
7318,8843.6875,3628.75,16,58.66338797370194,58.66338797370194,58.66338797370194,1.3442839710516827e-06,23.57883807170453
3663,8558.357142857143,3217.285714285714,14,58.601988232922665,58.601988232922665,58.601988232922665,1.3428769829760314e-06,23.579975047166094
10346,8413.0,3402.764705882353,17,58.56816256139869,58.56816256139869,58.56816256139869,1.342101860542596e-06,23.58060192623035
4879,8558.266666666666,3343.4,15,58.54672229879535,58.54672229879535,58.54672229879535,1.3416105523800719e-06,23.58099945844217
9728,8754.153846153846,3228.4615384615386,13,58.51898058366845,58.51898058366845,58.51898058366845,1.34097484509717e-06,23.581514044427948
5008,8493.6875,3354.25,16,58.44288027658336,58.44288027658336,58.44288027658336,1.3392309904283524e-06,23.58292689592752
4575,8855.818181818182,3310.4545454545455,11,58.436238459658114,58.436238459658114,58.436238459658114,1.339078791785559e-06,23.58305029283857
10706,8859.444444444445,3651.277777777778,18,58.402053605201495,58.402053605201495,58.402053605201495,1.3382954385990813e-06,23.583685627959294
10393,8977.0,3424.076923076923,13,58.33320479490742,58.33320479490742,58.33320479490742,1.336717753516423e-06,23.5849663319331
9761,8673.29411764706,3237.6470588235297,17,58.330678713068465,58.330678713068465,58.330678713068465,1.3366598678155973e-06,23.58501335005776
7542,7622.933333333333,3660.6,15,58.32306013674175,58.32306013674175,58.32306013674175,1.336485286524063e-06,23.585155167443812
10617,8705.6875,3555.6875,16,58.31316217638142,58.31316217638142,58.31316217638142,1.3362584726642076e-06,23.585339442512556
10027,8739.533333333333,3305.2,15,58.27967641406394,58.27967641406394,58.27967641406394,1.335491139322294e-06,23.585963094975796
3510,8805.23076923077,3201.2307692307695,13,58.227722371045985,58.227722371045985,58.227722371045985,1.3343006014131696e-06,23.586931417843108
9901,8902.75,3269.0,16,58.183669125643235,58.183669125643235,58.183669125643235,1.3332911119562314e-06,23.58775316226415
10029,8835.416666666666,3302.833333333333,12,58.17561116897275,58.17561116897275,58.17561116897275,1.3331064621709784e-06,23.587903538156564
6564,8957.777777777777,3522.333333333333,18,58.15293960748354,58.15293960748354,58.15293960748354,1.33258693853347e-06,23.58832674183742
167,7998.066666666667,2471.5333333333333,15,58.08815766410907,58.08815766410907,58.08815766410907,1.3311024465683807e-06,23.58953691810501
6407,8948.266666666666,3506.0666666666666,15,58.08081953093128,58.08081953093128,58.08081953093128,1.3309342916910531e-06,23.589674085136508
3365,8881.75,3187.916666666667,12,58.06017244976897,58.06017244976897,58.06017244976897,1.3304611594493908e-06,23.590060120822862
4502,8751.714285714286,3305.0714285714284,14,58.01593953707251,58.01593953707251,58.01593953707251,1.329447552878331e-06,23.590887599901187
5752,9094.888888888889,3430.8888888888887,18,57.960463761359094,57.960463761359094,57.960463761359094,1.328176313717943e-06,23.591926295033296
10606,8894.0625,3531.0,16,57.9486380441055,57.9486380441055,57.9486380441055,1.3279053249002273e-06,23.592147841214125
6674,8845.5625,3536.5,16,57.826749834157994,57.826749834157994,57.826749834157994,1.3251122307310656e-06,23.5944339659906
9712,8926.92857142857,3222.9285714285716,14,57.80198941792767,57.80198941792767,57.80198941792767,1.3245448405443633e-06,23.59489895905255
4943,8844.133333333333,3347.333333333333,15,57.786635290317975,57.786635290317975,57.786635290317975,1.3241929974553747e-06,23.595187404950725
3548,8563.35294117647,3206.3529411764703,17,57.775997358792644,57.775997358792644,57.775997358792644,1.3239492269994125e-06,23.595387296337215
10235,8475.75,3370.4375,16,57.74377762473035,57.74377762473035,57.74377762473035,1.3232109049633427e-06,23.595992943858448
3082,8685.823529411764,3157.9411764705883,17,57.72488573250908,57.72488573250908,57.72488573250908,1.3227779932483346e-06,23.596348219670045
1713,8594.2,2973.9333333333334,15,57.71647604735033,57.71647604735033,57.71647604735033,1.3225852835302125e-06,23.596506407333855
10280,9054.052631578947,3386.9473684210525,19,57.674362451517744,57.674362451517744,57.674362451517744,1.321620241554347e-06,23.59729891839163
10021,8861.083333333334,3307.083333333333,12,57.644051000397894,57.644051000397894,57.644051000397894,1.3209256482264267e-06,23.59786969004331
3958,9026.0,3248.9444444444443,18,57.62288389890453,57.62288389890453,57.62288389890453,1.3204405996086432e-06,23.59826844947453
6319,8620.833333333334,3493.083333333333,12,57.59683901102953,57.59683901102953,57.59683901102953,1.319843775481917e-06,23.59875930082328
5808,8815.6,3438.5333333333333,15,57.52865830732739,57.52865830732739,57.52865830732739,1.3182814002034402e-06,23.60004531076641
1547,8707.111111111111,2946.277777777778,18,57.500018163621135,57.500018163621135,57.500018163621135,1.3176251052391909e-06,23.60058596971387
7684,9013.588235294117,3683.470588235294,17,57.43672581135678,57.43672581135678,57.43672581135678,1.3161747475701578e-06,23.60178173710569
9539,8715.3125,3135.9375,16,57.41768626980098,57.41768626980098,57.41768626980098,1.3157384524393495e-06,23.602141704466177
4152,8612.538461538461,3267.0,13,57.415794128283196,57.415794128283196,57.415794128283196,1.315695093615368e-06,23.602177484389305
4028,8819.5,3255.142857142857,14,57.41158438744225,57.41158438744225,57.41158438744225,1.3155986265116046e-06,23.602257093766525
3765,8483.75,3229.0625,16,57.39858709047509,57.39858709047509,57.39858709047509,1.3153007906963977e-06,23.60250291930201
2592,8953.8125,3099.1875,16,57.36203638340362,57.36203638340362,57.36203638340362,1.3144632234957305e-06,23.603194522852387
4890,8534.0625,3343.3125,16,57.34706168891332,57.34706168891332,57.34706168891332,1.3141200751971064e-06,23.603477997630392
2800,9114.0625,3123.1875,16,57.29049448828841,57.29049448828841,57.29049448828841,1.312823825803508e-06,23.604549497490524
5150,9397.6,3369.45,20,57.27218551583636,57.27218551583636,57.27218551583636,1.3124042718185805e-06,23.60489653396753
9699,8659.722222222223,3210.5555555555557,18,57.26987862142103,57.26987862142103,57.26987862142103,1.3123514088440311e-06,23.604940267748766
1681,9122.9375,2970.0,16,57.269641130970314,57.269641130970314,57.269641130970314,1.312345966700009e-06,23.60494477015948
10720,8674.8125,3685.1875,16,57.24070132717236,57.24070132717236,57.24070132717236,1.3116828049612358e-06,23.60549355890182
10569,8639.875,3511.6875,16,57.22641568507518,57.22641568507518,57.22641568507518,1.3113554464442673e-06,23.605764561427584
10309,8718.0,3392.0,11,57.20373113550161,57.20373113550161,57.20373113550161,1.3108356251820528e-06,23.606195032553728
3410,8652.142857142857,3192.642857142857,14,57.195188306539634,57.195188306539634,57.195188306539634,1.3106398644454554e-06,23.606357188957958
4573,8793.42857142857,3311.0714285714284,14,57.17507864018302,57.17507864018302,57.17507864018302,1.3101790471779884e-06,23.60673899786051
8463,8716.25,3842.85,20,57.150999487289546,57.150999487289546,57.150999487289546,1.3096272682850661e-06,23.607196349479516
6152,8889.1875,3474.625,16,57.14765623114674,57.14765623114674,57.14765623114674,1.3095506568618406e-06,23.607259865436276
5226,8575.529411764706,3376.9411764705883,17,57.14004902890487,57.14004902890487,57.14004902890487,1.3093763362098715e-06,23.60740440267909
8358,8741.944444444445,3819.222222222222,18,57.09216172077058,57.09216172077058,57.09216172077058,1.3082789883926845e-06,23.60831470611968
9565,8790.0,3153.875,16,57.08131575427244,57.08131575427244,57.08131575427244,1.3080304507712203e-06,23.60852098622603
2973,9083.842105263158,3145.2631578947367,19,57.025359225261745,57.025359225261745,57.025359225261745,1.3067481950471138e-06,23.609585850035625
2897,8802.846153846154,3135.0,13,56.98944858893368,56.98944858893368,56.98944858893368,1.305925295203216e-06,23.610269787149303
2382,8828.529411764706,3073.0588235294117,17,56.97777263697492,56.97777263697492,56.97777263697492,1.3056577382889787e-06,23.61049225469172
5312,8987.0,3387.0,14,56.97124071444934,56.97124071444934,56.97124071444934,1.3055080578996493e-06,23.610616730447532
2760,8437.055555555555,3118.833333333333,18,56.95032869547159,56.95032869547159,56.95032869547159,1.305028854551784e-06,23.611015336900927
5680,8825.363636363636,3422.818181818182,11,56.915155321456865,56.915155321456865,56.915155321456865,1.3042228492300833e-06,23.61168611096658
9998,8755.4,3298.4,15,56.90587095200192,56.90587095200192,56.90587095200192,1.3040100959358958e-06,23.611863237749002
5360,8084.1,3394.6,20,56.901845316817194,56.901845316817194,56.901845316817194,1.303917847652272e-06,23.611940047617654
10011,8644.0625,3300.625,16,56.87737394452694,56.87737394452694,56.87737394452694,1.3033570809687288e-06,23.612407082906838
3779,8848.25,3230.0625,16,56.83090085997165,56.83090085997165,56.83090085997165,1.3022921403846456e-06,23.61329457351989
7820,8950.111111111111,3707.0,18,56.78481191228474,56.78481191228474,56.78481191228474,1.301236002378332e-06,23.61417544537585
5724,8937.333333333334,3428.5,18,56.78371096026805,56.78371096026805,56.78371096026805,1.3012107738294866e-06,23.614196495988008
3498,8993.461538461539,3200.4615384615386,13,56.75286940736129,56.75286940736129,56.75286940736129,1.3005040331067467e-06,23.614786363875822
4926,8568.235294117647,3347.470588235294,17,56.71758977510519,56.71758977510519,56.71758977510519,1.29969559285492e-06,23.61546150656126
9705,8986.266666666666,3214.4,15,56.62390439634706,56.62390439634706,56.62390439634706,1.2975487725409804e-06,23.61725639432912
3406,8937.823529411764,3191.3529411764703,17,56.62069119234582,56.62069119234582,56.62069119234582,1.2974751412901475e-06,23.617318007722684
7533,8922.1875,3658.3125,16,56.613910259779566,56.613910259779566,56.613910259779566,1.2973197547829504e-06,23.617448044017305
10647,8717.611111111111,3578.166666666667,18,56.58536485482202,56.58536485482202,56.58536485482202,1.2966656307772108e-06,23.61799562314743
10637,8876.142857142857,3571.5714285714284,14,56.580453378509084,56.580453378509084,56.580453378509084,1.296553083256351e-06,23.618089866581325
10073,9071.357142857143,3316.642857142857,14,56.520524468714065,56.520524468714065,56.520524468714065,1.2951797995844949e-06,23.619240466592114
1258,8831.722222222223,2892.1111111111113,18,56.51381498779371,56.51381498779371,56.51381498779371,1.2950260504069097e-06,23.619369360632525
9612,8959.357142857143,3176.857142857143,14,56.48864364648655,56.48864364648655,56.48864364648655,1.2944492437849626e-06,23.619853056958462
7532,8770.111111111111,3660.833333333333,18,56.46833736574241,56.46833736574241,56.46833736574241,1.2939839210571267e-06,23.620243422639767
6650,8679.823529411764,3531.7058823529414,17,56.44713937357335,56.44713937357335,56.44713937357335,1.2934981645729611e-06,23.620651080270076
10023,8914.92857142857,3303.785714285714,14,56.4431749687935,56.4431749687935,56.4431749687935,1.293407319397045e-06,23.6207273365517
5561,8979.846153846154,3411.3846153846152,13,56.39149835715996,56.39149835715996,56.39149835715996,1.292223138886905e-06,23.621721838870158
8182,8916.578947368422,3778.7368421052633,19,56.390397022636975,56.390397022636975,56.390397022636975,1.2921979015728467e-06,23.621743043670115
1791,8770.722222222223,2986.0555555555557,18,56.38494947960411,56.38494947960411,56.38494947960411,1.2920730699694628e-06,23.621847935295563
10626,8721.0,3562.8888888888887,18,56.33410772893651,56.33410772893651,56.33410772893651,1.2909080204753336e-06,23.622827374523027
2566,8662.76923076923,3097.076923076923,13,56.32626034869352,56.32626034869352,56.32626034869352,1.2907281960935552e-06,23.622978628863866
4433,8687.764705882353,3297.8823529411766,17,56.32000308568239,56.32000308568239,56.32000308568239,1.2905848095852225e-06,23.623099249589202
3353,8723.6,3187.5333333333333,15,56.29638757740028,56.29638757740028,56.29638757740028,1.2900436552068543e-06,23.623554604490216
9962,8835.916666666666,3283.5,12,56.270796263905396,56.270796263905396,56.270796263905396,1.2894572248331985e-06,23.624048272628997
10348,8589.0,3404.0714285714284,14,56.185200152589985,56.185200152589985,56.185200152589985,1.2874957717974953e-06,23.625701093606985
3877,8499.888888888889,3241.5,18,56.15057358657667,56.15057358657667,56.15057358657667,1.2867022966970606e-06,23.626370431900682
1754,8745.1875,2980.0625,16,56.14004393148736,56.14004393148736,56.14004393148736,1.2864610074185825e-06,23.626574054038315
9783,8788.25,3249.25,16,56.135169586712095,56.135169586712095,56.135169586712095,1.2863493107747796e-06,23.626668326895782
4850,8850.0,3339.6923076923076,13,56.11340137670689,56.11340137670689,56.11340137670689,1.2858504876280223e-06,23.627089437539933
6384,8590.642857142857,3503.785714285714,14,56.080962650291355,56.080962650291355,56.080962650291355,1.2851071473357556e-06,23.627717274793476
5121,8580.8125,3366.5,16,55.98148380006187,55.98148380006187,55.98148380006187,1.2828275683949332e-06,23.629644911055117
10507,8654.35294117647,3474.0,17,55.9779488580775,55.9779488580775,55.9779488580775,1.282746564450014e-06,23.62971347186155
5335,8671.9375,3390.0,16,55.960819235118905,55.960819235118905,55.960819235118905,1.282354035508731e-06,23.63004576517301
9459,8735.235294117647,3078.7058823529414,17,55.95387534532113,55.95387534532113,55.95387534532113,1.282194914802029e-06,23.630180496945155
10439,8870.176470588236,3440.5882352941176,17,55.94828471073069,55.94828471073069,55.94828471073069,1.2820668042252704e-06,23.630288983758714
5661,9068.176470588236,3421.0,17,55.87490519983677,55.87490519983677,55.87490519983677,1.2803852971779356e-06,23.63171392617297
4342,8723.117647058823,3287.2941176470586,17,55.85071868381465,55.85071868381465,55.85071868381465,1.2798310580361611e-06,23.632184009500495
6083,8726.923076923076,3465.5384615384614,13,55.82549964746987,55.82549964746987,55.82549964746987,1.2792531584723165e-06,23.63267437748901
6866,8656.466666666667,3560.666666666667,15,55.816969922586956,55.816969922586956,55.816969922586956,1.2790576980184687e-06,23.632840282653518
4280,9099.941176470587,3280.0588235294117,17,55.81372225028159,55.81372225028159,55.81372225028159,1.2789832769191405e-06,23.63290345731159
2631,8846.125,3105.0,16,55.809747511417825,55.809747511417825,55.809747511417825,1.2788921949355007e-06,23.632980780080715
10267,8665.57142857143,3376.785714285714,14,55.782549656048616,55.782549656048616,55.782549656048616,1.2782689503142354e-06,23.63351002264674
4441,8630.70588235294,3297.823529411765,17,55.765963212033896,55.765963212033896,55.765963212033896,1.2778888684335957e-06,23.633832904636733
10355,8759.0,3417.0,13,55.76221770185444,55.76221770185444,55.76221770185444,1.2778030392738493e-06,23.63390583034888
6122,9083.764705882353,3471.2941176470586,17,55.68521207953344,55.68521207953344,55.68521207953344,1.2760384391144898e-06,23.635406229336873
7185,8832.368421052632,3606.5263157894738,19,55.640596710201116,55.640596710201116,55.640596710201116,1.2750160684685447e-06,23.636276477213674
3022,8909.923076923076,3150.2307692307695,13,55.63734575360546,55.63734575360546,55.63734575360546,1.274941572109008e-06,23.636339916224113
7794,8771.222222222223,3699.8888888888887,18,55.622887953610714,55.622887953610714,55.622887953610714,1.2746102685573223e-06,23.636622089943526
2289,9090.176470588236,3060.4117647058824,17,55.60673200616848,55.60673200616848,55.60673200616848,1.274240051596899e-06,23.63693749329004
10156,8804.5,3346.5,10,55.59127635423789,55.59127635423789,55.59127635423789,1.273885882056576e-06,23.637239310943517
9716,8863.0,3220.5,14,55.56836029869146,55.56836029869146,55.56836029869146,1.2733607557859178e-06,23.6376869696851
10509,8847.461538461539,3472.5384615384614,13,55.56254742389851,55.56254742389851,55.56254742389851,1.2732275525278073e-06,23.637800551923412
6842,8854.57142857143,3557.4285714285716,14,55.555053355563345,55.555053355563345,55.555053355563345,1.2730558243632928e-06,23.637947001833552
3844,9014.384615384615,3235.153846153846,13,55.43202650081143,55.43202650081143,55.43202650081143,1.270236637907065e-06,23.640354034530393
5865,8832.0,3443.333333333333,12,55.37327022986767,55.37327022986767,55.37327022986767,1.268890225503065e-06,23.641505492420617
9659,8964.2,3194.4,15,55.35604039317397,55.35604039317397,55.35604039317397,1.2684954001427982e-06,23.641843380510885
3247,8713.466666666667,3175.7333333333336,15,55.33083322403142,55.33083322403142,55.33083322403142,1.2679177725184084e-06,23.642337898708682
7749,8691.722222222223,3694.9444444444443,18,55.317827576733784,55.317827576733784,55.317827576733784,1.2676197453536082e-06,23.64259313364962
4200,8483.642857142857,3272.4285714285716,14,55.28441439958951,55.28441439958951,55.28441439958951,1.2668540753163254e-06,23.64324914019338
10424,8818.0,3431.909090909091,11,55.272910565211305,55.272910565211305,55.272910565211305,1.2665904625129329e-06,23.64347508866901
8166,8757.631578947368,3775.684210526316,19,55.27176196871797,55.27176196871797,55.27176196871797,1.2665641421808053e-06,23.643497651000942
9635,8991.5,3181.625,16,55.22936122051446,55.22936122051446,55.22936122051446,1.2655925200474889e-06,23.644330873838214
8515,8721.444444444445,3853.777777777778,18,55.220265033431986,55.220265033431986,55.220265033431986,1.265384078992258e-06,23.644509707574425
3726,8742.6875,3224.3125,16,55.21879729481323,55.21879729481323,55.21879729481323,1.2653504454506737e-06,23.64453856651118
1240,8837.111111111111,2888.5,18,55.187941308079935,55.187941308079935,55.187941308079935,1.2646433739737392e-06,23.645145440026806
5488,8946.333333333334,3403.666666666667,9,55.161755090858904,55.161755090858904,55.161755090858904,1.2640433112550892e-06,23.64566073504916
8199,9138.125,3779.75,16,55.071140294178576,55.071140294178576,55.071140294178576,1.2619668539803734e-06,23.6474457518948
7698,8623.736842105263,3689.210526315789,19,55.06654510559399,55.06654510559399,55.06654510559399,1.2618615542598564e-06,23.647536350541372
4267,8545.117647058823,3279.7058823529414,17,55.06480559276415,55.06480559276415,55.06480559276415,1.2618216929546136e-06,23.647570648714343
2402,8660.529411764706,3076.4117647058824,17,55.05581535145489,55.05581535145489,55.05581535145489,1.2616156796692345e-06,23.6477479276003
6165,8753.0,3478.133333333333,15,55.046189580471435,55.046189580471435,55.046189580471435,1.26139510308665e-06,23.647937770611577
6531,8718.5,3516.142857142857,14,55.019875132800266,55.019875132800266,55.019875132800266,1.2607921019400525e-06,23.648456923343414
10756,8869.92857142857,3755.0714285714284,14,54.92523844406748,54.92523844406748,54.92523844406748,1.2586234821563824e-06,23.65032604696863
10354,8754.666666666666,3413.5,12,54.91942095227006,54.91942095227006,54.91942095227006,1.2584901730986359e-06,23.65044105049281
9784,8722.5,3240.214285714286,14,54.88198603104564,54.88198603104564,54.88198603104564,1.2576323439432156e-06,23.651181377087653
2767,8854.0,3120.285714285714,14,54.857106094189405,54.857106094189405,54.857106094189405,1.257062214916034e-06,23.65167369114195
10105,8699.07142857143,3332.785714285714,14,54.82898276690926,54.82898276690926,54.82898276690926,1.2564177629097456e-06,23.652230452999582
685,8877.368421052632,2743.0526315789475,19,54.80656060961586,54.80656060961586,54.80656060961586,1.2559039544222536e-06,23.65267455255985
10517,8531.07142857143,3472.714285714286,14,54.78875502512787,54.78875502512787,54.78875502512787,1.2554959356792322e-06,23.653027344424792
5322,8724.066666666666,3386.7333333333336,15,54.781140123333245,54.781140123333245,54.781140123333245,1.2553214385903796e-06,23.65317825767658
2281,9001.333333333334,3058.0,15,54.76484534633006,54.76484534633006,54.76484534633006,1.2549480403211378e-06,23.6535012604666
10753,8495.25,3748.375,16,54.71378223768062,54.71378223768062,54.71378223768062,1.2537779183619305e-06,23.654514080430317
10729,8919.777777777777,3693.8888888888887,18,54.66543271990136,54.66543271990136,54.66543271990136,1.2526699789127485e-06,23.655473948818017
10221,8803.1875,3367.9375,16,54.62394191219181,54.62394191219181,54.62394191219181,1.251719208258743e-06,23.65629833040883
5668,8668.23076923077,3422.153846153846,13,54.61886399336903,54.61886399336903,54.61886399336903,1.2516028466724872e-06,23.65639926667221
10089,8898.5,3324.083333333333,12,54.60614905418197,54.60614905418197,54.60614905418197,1.251311481145666e-06,23.656652048878296
10196,8885.416666666666,3355.833333333333,12,54.59865897002274,54.59865897002274,54.59865897002274,1.2511398442793876e-06,23.656800984730268
7824,8720.0,3707.2,15,54.56690900038002,54.56690900038002,54.56690900038002,1.2504122869945747e-06,23.657432540872996
10537,8477.625,3485.3125,16,54.54290934122609,54.54290934122609,54.54290934122609,1.2498623297175452e-06,23.65791017523554
9859,9049.625,3257.375,16,54.502384978325246,54.502384978325246,54.502384978325246,1.248933705351201e-06,23.658717156779794
2041,8783.384615384615,3021.3846153846152,13,54.49695838124769,54.49695838124769,54.49695838124769,1.2488093537288229e-06,23.658825264824102
9866,9313.176470588236,3264.764705882353,17,54.48205469626712,54.48205469626712,54.48205469626712,1.248467832628167e-06,23.65912222971691
4642,8505.722222222223,3318.5,18,54.469598161726545,54.469598161726545,54.469598161726545,1.2481823884985977e-06,23.659370495993567
5000,8829.07142857143,3353.214285714286,14,54.45798581983723,54.45798581983723,54.45798581983723,1.2479162892225863e-06,23.659601988139052
9920,8761.666666666666,3273.333333333333,15,54.4424415520659,54.4424415520659,54.4424415520659,1.2475600890314875e-06,23.65991194053901
9693,8962.333333333334,3208.2666666666664,15,54.423451438009664,54.423451438009664,54.423451438009664,1.2471249265423098e-06,23.66029072316792
9453,8801.588235294117,3075.470588235294,17,54.406885693151715,54.406885693151715,54.406885693151715,1.2467453189872355e-06,23.660621256538743
3912,8240.466666666667,3243.6,15,54.389051859326926,54.389051859326926,54.389051859326926,1.2463366529046727e-06,23.66097720437397
5046,8730.533333333333,3358.7333333333336,15,54.37451260645278,54.37451260645278,54.37451260645278,1.246003482842989e-06,23.661267481608025
10291,9031.722222222223,3393.4444444444443,18,54.35703887935674,54.35703887935674,54.35703887935674,1.2456030686824522e-06,23.66161644854622
10042,9001.416666666666,3309.416666666667,12,54.35363618995497,54.35363618995497,54.35363618995497,1.2455250953334985e-06,23.661684416536964
10614,8969.25,3549.083333333333,12,54.328178804443716,54.328178804443716,54.328178804443716,1.2449417339479781e-06,23.662193057391644
4216,8948.384615384615,3272.846153846154,13,54.295602937228665,54.295602937228665,54.295602937228665,1.244195251045219e-06,23.662844273891935
4645,8681.533333333333,3317.0666666666666,15,54.20692693279028,54.20692693279028,54.20692693279028,1.242163221605718e-06,23.66461895638207
5802,9342.111111111111,3436.4444444444443,18,54.18391073430416,54.18391073430416,54.18391073430416,1.2416358005383684e-06,23.665080056617214
2754,8800.3125,3118.1875,16,54.16055118191208,54.16055118191208,54.16055118191208,1.2411005114434786e-06,23.6655482358246
1591,8923.894736842105,2955.0,19,54.152082823830895,54.152082823830895,54.152082823830895,1.240906457222901e-06,23.665718011087968
10374,9081.1875,3410.1875,16,54.13567394954356,54.13567394954356,54.13567394954356,1.2405304443902062e-06,23.666047054916383
5792,9087.5,3434.6875,16,54.1061653971214,54.1061653971214,54.1061653971214,1.2398542496561445e-06,23.666639034962206
4369,8407.733333333334,3289.4666666666667,15,54.06363135239556,54.06363135239556,54.06363135239556,1.2388795730047623e-06,23.667492891696
5591,8553.0625,3414.5625,16,54.02249279978997,54.02249279978997,54.02249279978997,1.237936874351136e-06,23.668319373697877
9854,8929.285714285714,3266.0714285714284,14,54.01630119621535,54.01630119621535,54.01630119621535,1.2377949924427097e-06,23.668443818777742
5517,8955.142857142857,3407.714285714286,14,53.98232556844805,53.98232556844805,53.98232556844805,1.2370164337301701e-06,23.669126949137237
6007,8909.42857142857,3458.0714285714284,14,53.926550564065295,53.926550564065295,53.926550564065295,1.235738337681393e-06,23.670249321070706
10040,8631.214285714286,3308.9285714285716,14,53.90035792934421,53.90035792934421,53.90035792934421,1.235138127904369e-06,23.670776801507106
5955,8431.470588235294,3453.4117647058824,17,53.886214097424315,53.886214097424315,53.886214097424315,1.2348140189976744e-06,23.67106174368847
3135,8617.666666666666,3164.2,15,53.8821436022514,53.8821436022514,53.8821436022514,1.2347207427379117e-06,23.671143761900066
6181,8327.285714285714,3477.785714285714,14,53.84949485241687,53.84949485241687,53.84949485241687,1.2339725897144771e-06,23.671801840275727
9478,8943.8125,3091.4375,16,53.84762361974613,53.84762361974613,53.84762361974613,1.233929710021158e-06,23.671839569512816
4434,8696.266666666666,3296.5333333333333,15,53.82943286304376,53.82943286304376,53.82943286304376,1.2335128649751941e-06,23.6722064139266
1265,8872.588235294117,2894.1176470588234,17,53.81613897696818,53.81613897696818,53.81613897696818,1.2332082327576959e-06,23.672474583870624
10192,8845.0,3357.2,10,53.81409992392477,53.81409992392477,53.81409992392477,1.2331615074249616e-06,23.672515722378456
3534,8343.882352941177,3206.9411764705883,17,53.809783790851135,53.809783790851135,53.809783790851135,1.2330626023206329e-06,23.672602806802164
10567,8535.875,3510.25,16,53.79770409997906,53.79770409997906,53.79770409997906,1.2327857936436115e-06,23.67284656972302
1621,9027.5,2959.0,12,53.79286782605093,53.79286782605093,53.79286782605093,1.2326749694013412e-06,23.672944178976497
9744,8883.57142857143,3231.785714285714,14,53.76348072674509,53.76348072674509,53.76348072674509,1.2320015577911856e-06,23.673537479862823
8887,8375.07142857143,3973.9285714285716,14,53.762332456859625,53.762332456859625,53.762332456859625,1.2319752449433467e-06,23.673560669051547
5452,8960.642857142857,3401.857142857143,14,53.729075591769075,53.729075591769075,53.729075591769075,1.2312131568299104e-06,23.67423250290866
9507,8948.722222222223,3111.166666666667,18,53.7105375737446,53.7105375737446,53.7105375737446,1.2307883542171371e-06,23.67460717658702
5913,9034.384615384615,3446.923076923077,13,53.700385108769396,53.700385108769396,53.700385108769396,1.2305557083300815e-06,23.6748124238477
9600,9014.142857142857,3169.9285714285716,14,53.6991645898593,53.6991645898593,53.6991645898593,1.2305277398805274e-06,23.67483710107537
6091,8698.133333333333,3467.8,15,53.693851453409536,53.693851453409536,53.693851453409536,1.2304059882324873e-06,23.67494453198329
4656,8560.058823529413,3320.0,17,53.68145154209231,53.68145154209231,53.68145154209231,1.230121841636084e-06,23.675195297891968
10094,8865.357142857143,3324.0,14,53.66822699026221,53.66822699026221,53.66822699026221,1.2298187982275186e-06,23.675462804511135
5654,8147.705882352941,3420.0588235294117,17,53.658129488485244,53.658129488485244,53.658129488485244,1.2295874118338019e-06,23.675667101454568
6530,8491.666666666666,3517.7333333333336,15,53.654974741163926,53.654974741163926,53.654974741163926,1.2295151201301814e-06,23.675730937523966
7320,8952.555555555555,3627.833333333333,18,53.63390333982106,53.63390333982106,53.63390333982106,1.2290322645016332e-06,23.676157411992268
10064,8422.133333333333,3318.0,15,53.584640615348555,53.584640615348555,53.584640615348555,1.2279033987274912e-06,23.67715511864441
10161,8731.5,3351.0,12,53.5585601714628,53.5585601714628,53.5585601714628,1.2273057598272413e-06,23.677683691293243
10009,8676.461538461539,3299.6153846153848,13,53.55362314811531,53.55362314811531,53.55362314811531,1.227192626890669e-06,23.677783778973836
5023,9165.529411764706,3355.823529411765,17,53.52149564843567,53.52149564843567,53.52149564843567,1.22645641842503e-06,23.67843532138648
5614,8991.285714285714,3416.5,14,53.51924504313756,53.51924504313756,53.51924504313756,1.226404845327534e-06,23.678480978089517
3741,8716.866666666667,3226.4666666666667,15,53.50378561203763,53.50378561203763,53.50378561203763,1.2260505891867443e-06,23.67879464635445
9598,8899.0,3170.714285714286,14,53.496851713108086,53.496851713108086,53.496851713108086,1.2258916974229058e-06,23.678935362995148
4743,8938.133333333333,3328.866666666667,15,53.47815096136354,53.47815096136354,53.47815096136354,1.2254631657324403e-06,23.679314967256417
3346,8816.083333333334,3185.333333333333,12,53.47119749029757,53.47119749029757,53.47119749029757,1.2253038254689468e-06,23.679456148767194
2278,8815.642857142857,3058.142857142857,14,53.460316250118616,53.460316250118616,53.460316250118616,1.2250544795436093e-06,23.679677115553176
6908,8734.157894736842,3566.6315789473683,19,53.42267638345646,53.42267638345646,53.42267638345646,1.2241919540200384e-06,23.680441820332856
3420,9293.35294117647,3193.6470588235297,17,53.37852681333386,53.37852681333386,53.37852681333386,1.2231802572617258e-06,23.681339465452993
3686,8118.117647058823,3220.235294117647,17,53.34717983514382,53.34717983514382,53.34717983514382,1.222461934611478e-06,23.68197726024823
5185,8493.333333333334,3373.666666666667,15,53.340422617099094,53.340422617099094,53.340422617099094,1.2223070915275685e-06,23.68211479368447
7671,8872.117647058823,3680.6470588235297,17,53.3380236445249,53.3380236445249,53.3380236445249,1.2222521185624899e-06,23.682163625505133
9480,8901.166666666666,3085.333333333333,12,53.27905965895189,53.27905965895189,53.27905965895189,1.2209009463337283e-06,23.683364546379288
10198,8892.75,3358.75,12,53.24210936523238,53.24210936523238,53.24210936523238,1.220054222520316e-06,23.684117791459947
10463,8685.9375,3446.4375,16,53.23170978934024,53.23170978934024,53.23170978934024,1.2198159140342156e-06,23.684329884840007
9442,8804.2,3058.5333333333333,15,53.225863722756976,53.225863722756976,53.225863722756976,1.219681950179194e-06,23.684449130205874
4184,9113.944444444445,3270.0,18,53.19107446264328,53.19107446264328,53.19107446264328,1.2188847469089606e-06,23.685159016455785
1831,8859.875,2992.0625,16,53.14637545616717,53.14637545616717,53.14637545616717,1.2178604597001363e-06,23.686071796149925
8217,8672.052631578947,3786.157894736842,19,52.97546966137289,52.97546966137289,52.97546966137289,1.2139441171833216e-06,23.689568885165443
1716,8771.375,2973.5625,16,52.96082656059929,52.96082656059929,52.96082656059929,1.2136085674250078e-06,23.68986903809372
10032,8502.5,3305.5,14,52.946759438394366,52.946759438394366,52.946759438394366,1.2132862163376928e-06,23.69015746283347
9067,9108.4,4059.5333333333333,15,52.9431718932282,52.9431718932282,52.9431718932282,1.213204006979712e-06,23.690231032201687
1832,8884.307692307691,2991.846153846154,13,52.94229982460771,52.94229982460771,52.94229982460771,1.2131840233424097e-06,23.69024891636387
9567,8956.941176470587,3156.4117647058824,17,52.93856793752745,52.93856793752745,52.93856793752745,1.2130985063588696e-06,23.690325452285844
8932,9322.090909090908,3990.3636363636365,11,52.919554461396864,52.919554461396864,52.919554461396864,1.2126628085228055e-06,23.69071547657812
10283,8630.642857142857,3383.9285714285716,14,52.88547644096107,52.88547644096107,52.88547644096107,1.2118819034605622e-06,23.6914148713335
10061,8654.266666666666,3315.0,15,52.880397273249514,52.880397273249514,52.880397273249514,1.2117655132557554e-06,23.69151915140202
9425,8793.0,3043.8,15,52.838559619073195,52.838559619073195,52.838559619073195,1.2108067945414383e-06,23.69237849885621
9462,9272.533333333333,3078.7333333333336,15,52.819356350253685,52.819356350253685,52.819356350253685,1.210366747565675e-06,23.69277316279114
9729,8788.538461538461,3223.153846153846,13,52.80349000445062,52.80349000445062,52.80349000445062,1.210003166888204e-06,23.69309935483765
6344,8775.6875,3498.3125,16,52.666789886068415,52.666789886068415,52.666789886068415,1.2068706546973899e-06,23.695913803628073
5396,9079.733333333334,3395.0,15,52.64358366302316,52.64358366302316,52.64358366302316,1.2063388791769857e-06,23.69639230989663
10492,9164.9375,3462.9375,16,52.6321689153751,52.6321689153751,52.6321689153751,1.2060773078148992e-06,23.696627756417502
6517,8795.733333333334,3515.8,15,52.61993113616818,52.61993113616818,52.61993113616818,1.2057968765101729e-06,23.696880235940554
10612,8848.923076923076,3542.846153846154,13,52.55231535790006,52.55231535790006,52.55231535790006,1.2042474466177712e-06,23.69827628691484
3293,9036.75,3180.25,16,52.546549744741846,52.546549744741846,52.546549744741846,1.2041153263700394e-06,23.6983954116066
2332,8865.76923076923,3065.846153846154,13,52.52281533790682,52.52281533790682,52.52281533790682,1.2035714474061268e-06,23.698885931468737
9504,8876.066666666666,3109.2,15,52.52124077765393,52.52124077765393,52.52124077765393,1.2035353660241518e-06,23.698918480803496
10304,8576.0,3388.9375,16,52.51050733700824,52.51050733700824,52.51050733700824,1.2032894069564502e-06,23.699140388662027
2763,8762.5,3119.214285714286,14,52.43190181371591,52.43190181371591,52.43190181371591,1.2014881447271808e-06,23.70076689750977
10078,8635.066666666666,3319.7333333333336,15,52.40255920402534,52.40255920402534,52.40255920402534,1.2008157526059902e-06,23.701374681137516
10771,8700.875,3814.875,16,52.400381741766964,52.400381741766964,52.400381741766964,1.2007658555967547e-06,23.701419797230393
342,8908.5,2597.1666666666665,18,52.3311012801855,52.3311012801855,52.3311012801855,1.1991782791333433e-06,23.7028562385797
10725,8675.8,3692.0666666666666,15,52.30900404150322,52.30900404150322,52.30900404150322,1.1986719162247024e-06,23.703314796459495
9932,8685.916666666666,3292.666666666667,12,52.301194192710014,52.301194192710014,52.301194192710014,1.1984929518840519e-06,23.703476911353594
9614,8967.916666666666,3179.5,12,52.28672975400751,52.28672975400751,52.28672975400751,1.1981614962049704e-06,23.70377722451191
6503,8448.5,3513.714285714286,14,52.27151911180281,52.27151911180281,52.27151911180281,1.197812941114454e-06,23.704093120105703
2121,8837.75,3035.25,16,52.258495476410054,52.258495476410054,52.258495476410054,1.1975145017486411e-06,23.70436366885847
7421,8937.6875,3642.5625,16,52.25832718576337,52.25832718576337,52.25832718576337,1.1975106453327977e-06,23.7043671653147
8514,8571.157894736842,3853.5263157894738,19,52.19762304878305,52.19762304878305,52.19762304878305,1.1961195971656554e-06,23.70562910753187
2385,9260.0625,3073.375,16,52.16863656504915,52.16863656504915,52.16863656504915,1.1954553657462547e-06,23.70623220810794
9680,8892.642857142857,3201.142857142857,14,52.13074999169393,52.13074999169393,52.13074999169393,1.1945871868865147e-06,23.70702099177261
10140,8611.833333333334,3337.5,12,52.1152682670763,52.1152682670763,52.1152682670763,1.1942324198850411e-06,23.707343480234684
10546,8627.0,3491.6153846153848,13,52.10411464461156,52.10411464461156,52.10411464461156,1.1939768322618845e-06,23.707575872548517
10387,8819.4,3415.5,10,52.100844493346955,52.100844493346955,52.100844493346955,1.1939018960524398e-06,23.707644017513086
6484,8477.153846153846,3511.4615384615386,13,52.06962727384359,52.06962727384359,52.06962727384359,1.1931865468500039e-06,23.708294752138098
1013,9288.315789473683,2840.7894736842104,19,52.0486763349935,52.0486763349935,52.0486763349935,1.1927064516450137e-06,23.7087317011154
9888,8896.0,3267.0666666666666,15,52.03021725560407,52.03021725560407,52.03021725560407,1.1922834579277959e-06,23.70911682609739
9953,9005.642857142857,3277.714285714286,14,52.01089308918503,52.01089308918503,52.01089308918503,1.1918406405579112e-06,23.709520146424893
9929,8713.25,3288.75,16,52.00069270425388,52.00069270425388,52.00069270425388,1.1916068965749066e-06,23.70973310207158
10437,9138.625,3439.4375,16,51.98230197251855,51.98230197251855,51.98230197251855,1.1911854690586713e-06,23.710117154936135
6947,8831.4375,3570.75,16,51.96086179196431,51.96086179196431,51.96086179196431,1.1906941627763196e-06,23.710565060883027
9548,9226.588235294117,3142.0,17,51.95775146661704,51.95775146661704,51.95775146661704,1.190622889011651e-06,23.71063005391427
10695,8896.1875,3628.5625,16,51.923308155553066,51.923308155553066,51.923308155553066,1.1898336132372275e-06,23.711350037929453
2944,8702.92857142857,3139.857142857143,14,51.9071010688446,51.9071010688446,51.9071010688446,1.189462224409678e-06,23.711688987204287
3290,8848.357142857143,3179.642857142857,14,51.90077064907226,51.90077064907226,51.90077064907226,1.189317161498654e-06,23.711821408105184
4633,8922.266666666666,3316.333333333333,15,51.88827788191952,51.88827788191952,51.88827788191952,1.1890308870910964e-06,23.7120827815324
6914,8510.333333333334,3567.7333333333336,15,51.88461900948131,51.88461900948131,51.88461900948131,1.1889470432535564e-06,23.71215934430351
1077,8666.333333333334,2855.1666666666665,18,51.87609034070679,51.87609034070679,51.87609034070679,1.1887516070006565e-06,23.712337829677136
10460,8660.8,3447.6,15,51.86166293132682,51.86166293132682,51.86166293132682,1.1884209998563505e-06,23.712639828907143
4454,8884.75,3299.5,12,51.84953371981615,51.84953371981615,51.84953371981615,1.1881430564033984e-06,23.71289378652325
10091,8568.57142857143,3323.0,14,51.8370409857364,51.8370409857364,51.8370409857364,1.1878567827537151e-06,23.713155417574153
5143,8751.0,3368.642857142857,14,51.7510348770337,51.7510348770337,51.7510348770337,1.1858859345409696e-06,23.714958327160574
5759,8750.615384615385,3431.6923076923076,13,51.74449305350515,51.74449305350515,51.74449305350515,1.1857360272680583e-06,23.715095583229537
9444,8949.588235294117,3060.0588235294117,17,51.68034916061786,51.68034916061786,51.68034916061786,1.1842661563651382e-06,23.716442326512105
3526,8672.25,3204.375,16,51.66351975949958,51.66351975949958,51.66351975949958,1.183880507070968e-06,23.716795947688688
3425,8559.23076923077,3193.6923076923076,13,51.6567753437663,51.6567753437663,51.6567753437663,1.1837259573547391e-06,23.7169376944064
10391,8975.4,3418.7333333333336,15,51.65189926698574,51.65189926698574,51.65189926698574,1.1836142210216677e-06,23.717040185956538
4858,8477.8125,3341.5625,16,51.6512085775167,51.6512085775167,51.6512085775167,1.1835983937260703e-06,23.71705470452386
3665,8648.0,3218.3076923076924,13,51.64986095839983,51.64986095839983,51.64986095839983,1.183567512748335e-06,23.71708303257258
2492,9088.4375,3088.25,16,51.642136338781256,51.642136338781256,51.642136338781256,1.1833905014522882e-06,23.717245424615005
8974,8876.533333333333,4007.6666666666665,15,51.63231302198332,51.63231302198332,51.63231302198332,1.1831653980654886e-06,23.717451971941983
10302,8997.5,3390.25,12,51.62499186972184,51.62499186972184,51.62499186972184,1.1829976323094578e-06,23.717605933738536
9984,8947.076923076924,3285.846153846154,13,51.62324150484538,51.62324150484538,51.62324150484538,1.1829575223272662e-06,23.71764274665932
3926,8887.411764705883,3244.6470588235297,17,51.511871396180254,51.511871396180254,51.511871396180254,1.1804054526786477e-06,23.719987604830397
9535,8823.285714285714,3138.0,14,51.503129780283686,51.503129780283686,51.503129780283686,1.180205136697305e-06,23.720171870981567
7706,8527.529411764706,3688.176470588235,17,51.49989905794338,51.49989905794338,51.49989905794338,1.180131104010019e-06,23.72023997989551
4333,9087.538461538461,3285.2307692307695,13,51.47195797358976,51.47195797358976,51.47195797358976,1.179490828139024e-06,23.72082920200924
10310,8759.583333333334,3390.916666666667,12,51.463886724878506,51.463886724878506,51.463886724878506,1.1793058737638392e-06,23.720999468197604
10396,8736.909090909092,3415.909090909091,11,51.43818763567327,51.43818763567327,51.43818763567327,1.178716973686934e-06,23.721541778589945
10268,8670.42857142857,3377.142857142857,14,51.424704978608105,51.424704978608105,51.424704978608105,1.1784080157421931e-06,23.721826402298724
9145,8662.0625,4105.5,16,51.41272127668747,51.41272127668747,51.41272127668747,1.1781334066723422e-06,23.722079445175716
9746,8510.6875,3231.8125,16,51.39500586641174,51.39500586641174,51.39500586641174,1.17772745429051e-06,23.722453624491678
5177,8992.307692307691,3372.0,13,51.37591390691348,51.37591390691348,51.37591390691348,1.1772899579914388e-06,23.722857023272795
9486,8935.625,3097.125,16,51.33992929577847,51.33992929577847,51.33992929577847,1.1764653629991582e-06,23.723617758822513
10416,8556.533333333333,3429.0666666666666,15,51.327920689174746,51.327920689174746,51.327920689174746,1.1761901832332148e-06,23.723871746395446
2164,9348.222222222223,3042.333333333333,18,51.325201798842926,51.325201798842926,51.325201798842926,1.176127879284903e-06,23.72392926043105
5973,8488.2,3454.666666666667,15,51.309895088994715,51.309895088994715,51.309895088994715,1.1757771227839706e-06,23.724253107724714
4393,8619.583333333334,3292.25,12,51.29686959739958,51.29686959739958,51.29686959739958,1.1754786408828868e-06,23.72452876689648
10763,8819.058823529413,3770.0,17,51.28020215010302,51.28020215010302,51.28020215010302,1.1750967027948725e-06,23.72488160307754
3861,8783.846153846154,3238.2307692307695,13,51.22917793495972,51.22917793495972,51.22917793495972,1.1739274720886035e-06,23.72596245718533
7670,8786.0,3680.2,15,51.21609230581898,51.21609230581898,51.21609230581898,1.1736276121229139e-06,23.72623982560583
10769,8857.25,3805.3125,16,51.21572315307604,51.21572315307604,51.21572315307604,1.1736191529095555e-06,23.72624765134818
2618,9074.066666666666,3105.0666666666666,15,51.182839267016725,51.182839267016725,51.182839267016725,1.172865611689685e-06,23.726944989787924
2743,8943.125,3115.6875,16,51.18134175229586,51.18134175229586,51.18134175229586,1.172831295822409e-06,23.726976756875466
10321,8785.666666666666,3394.333333333333,15,51.177189997705455,51.177189997705455,51.177189997705455,1.1727361574858689e-06,23.727064833759677
2267,9064.25,3055.25,12,51.16243570679772,51.16243570679772,51.16243570679772,1.1723980597820611e-06,23.727377894664773
4248,8566.466666666667,3276.5333333333333,15,51.150180976373036,51.150180976373036,51.150180976373036,1.1721172400365864e-06,23.727637987798865
697,8722.444444444445,2748.0,18,51.13548899590401,51.13548899590401,51.13548899590401,1.1717805701896903e-06,23.727949891024977
9956,9244.8,3279.9333333333334,15,51.11935264989137,51.11935264989137,51.11935264989137,1.1714108024001813e-06,23.728292560671555
6935,8981.266666666666,3569.8,15,51.09851851584045,51.09851851584045,51.09851851584045,1.1709333838019246e-06,23.728735152044067
4881,8845.0,3342.8,10,51.05748058469416,51.05748058469416,51.05748058469416,1.1699929909103684e-06,23.72960747222894
10049,8398.1875,3313.3125,16,51.02666726737438,51.02666726737438,51.02666726737438,1.1692868972120894e-06,23.730262914546337
3514,8409.133333333333,3202.866666666667,15,51.0210740418527,51.0210740418527,51.0210740418527,1.169158727263592e-06,23.73038193271133
5079,8537.933333333334,3362.133333333333,15,51.012919086334335,51.012919086334335,51.012919086334335,1.1689718547291778e-06,23.73055548527361
10744,8832.76923076923,3723.3076923076924,13,51.00565486177649,51.00565486177649,51.00565486177649,1.1688053934835435e-06,23.730710104796504
8460,8173.0,3841.6923076923076,13,51.005404744669065,51.005404744669065,51.005404744669065,1.1687996619970063e-06,23.73071542894861
9687,8900.666666666666,3204.75,12,50.95230585329115,50.95230585329115,50.95230585329115,1.167582889645025e-06,23.731846317307628
2007,8385.3125,3016.8125,16,50.94723277584902,50.94723277584902,50.94723277584902,1.167466639000033e-06,23.73195442425153
5640,8512.23076923077,3419.923076923077,13,50.91442090756887,50.91442090756887,50.91442090756887,1.1667147480828389e-06,23.732653903069743
10075,9070.307692307691,3322.6153846153848,13,50.899977493135886,50.899977493135886,50.899977493135886,1.1663837741793505e-06,23.73296194865704
3176,8917.0,3166.0,14,50.89364765907908,50.89364765907908,50.89364765907908,1.1662387246901222e-06,23.73309697734875
10683,8622.2,3614.5333333333333,15,50.89053900710924,50.89053900710924,50.89053900710924,1.1661674892712524e-06,23.733163297591673
3364,8769.2,3187.7,10,50.844337447109965,50.844337447109965,50.844337447109965,1.1651087707299289e-06,23.734149443377746
8874,8588.466666666667,3967.6666666666665,15,50.77213090010812,50.77213090010812,50.77213090010812,1.1634541423988293e-06,23.735692446726915
10508,8850.333333333334,3468.75,12,50.76996432145175,50.76996432145175,50.76996432145175,1.1634044947896411e-06,23.735738778898472
10431,8500.692307692309,3436.923076923077,13,50.755431964766494,50.755431964766494,50.755431964766494,1.1630714827555875e-06,23.736049603706427
1456,8895.5,2930.5625,16,50.73185586057672,50.73185586057672,50.73185586057672,1.1625312313303483e-06,23.736554049748783
2395,8819.875,3075.5625,16,50.71089021600859,50.71089021600859,50.71089021600859,1.1620507991407116e-06,23.737002838066687
4977,8588.923076923076,3351.076923076923,13,50.70959439875763,50.70959439875763,50.70959439875763,1.162021105213715e-06,23.737030582278514
3802,9116.23076923077,3231.2307692307695,13,50.69457756930696,50.69457756930696,50.69457756930696,1.161676991383542e-06,23.737352153180737
3304,8733.25,3181.8125,16,50.67609643890262,50.67609643890262,50.67609643890262,1.161253492362643e-06,23.7377480395217
2755,8903.6875,3117.4375,16,50.67268569092464,50.67268569092464,50.67268569092464,1.1611753343497074e-06,23.73782111731284
3604,9302.375,3211.4375,16,50.67247397699892,50.67247397699892,50.67247397699892,1.16117048288022e-06,23.737825653601995
4346,9467.428571428572,3287.5714285714284,14,50.63965873349447,50.63965873349447,50.63965873349447,1.1604185146190453e-06,23.73852899876379
5878,8417.8125,3446.25,16,50.62968449375889,50.62968449375889,50.62968449375889,1.1601899528011364e-06,23.738742871844938
10666,8711.384615384615,3599.846153846154,13,50.59200409522299,50.59200409522299,50.59200409522299,1.1593264984810866e-06,23.739551215893734
6898,8670.6,3566.133333333333,15,50.549680974580234,50.549680974580234,50.549680974580234,1.1583566551997805e-06,23.740459876789203
7105,8294.29411764706,3595.1176470588234,17,50.50812243468777,50.50812243468777,50.50812243468777,1.1574043324484455e-06,23.741352863028744
4307,9067.4375,3285.0625,16,50.50407786690001,50.50407786690001,50.50407786690001,1.1573116503202098e-06,23.741439809628645
7375,8682.0,3633.823529411765,17,50.50180338920899,50.50180338920899,50.50180338920899,1.1572595301817697e-06,23.74148870743035
10202,8593.933333333334,3359.0,15,50.494192982187016,50.494192982187016,50.494192982187016,1.1570851360915852e-06,23.741652335588874
4471,9436.5625,3300.5,16,50.46563292011527,50.46563292011527,50.46563292011527,1.1564306762149667e-06,23.74226661347518
4950,8470.266666666666,3349.866666666667,15,50.334071957732085,50.334071957732085,50.334071957732085,1.1534159288732836e-06,23.7451007602869
9979,9020.5,3285.0,12,50.317065326868516,50.317065326868516,50.317065326868516,1.1530262183219302e-06,23.745467665530562
6745,8601.3125,3545.6875,16,50.27829818906994,50.27829818906994,50.27829818906994,1.152137861141306e-06,23.74630450106006
5402,8495.6875,3396.6875,16,50.276013494616414,50.276013494616414,50.276013494616414,1.1520855068835874e-06,23.74635383908334
5744,8673.357142857143,3431.714285714286,14,50.256369566549736,50.256369566549736,50.256369566549736,1.1516353621077628e-06,23.746778142646583
10018,8708.166666666666,3301.75,12,50.246958864704965,50.246958864704965,50.246958864704965,1.1514197138800822e-06,23.746981470036722
7511,8762.538461538461,3655.6153846153848,13,50.223510854994956,50.223510854994956,50.223510854994956,1.1508823977670007e-06,23.747488252847727
2497,8781.23076923077,3087.4615384615386,13,50.22058750162246,50.22058750162246,50.22058750162246,1.150815408504769e-06,23.747551451993296
7634,8607.285714285714,3673.357142857143,14,50.21649504567034,50.21649504567034,50.21649504567034,1.1507216290090955e-06,23.747639931815357
7145,8899.416666666666,3597.75,12,50.19604875823894,50.19604875823894,50.19604875823894,1.1502530979983419e-06,23.74808209320243
10668,8833.266666666666,3598.9333333333334,15,50.18597948530688,50.18597948530688,50.18597948530688,1.1500223584745902e-06,23.748299912555275
5645,8770.909090909092,3419.181818181818,11,50.17661252236894,50.17661252236894,50.17661252236894,1.1498077125332316e-06,23.748502578720355
4426,8306.75,3297.375,16,50.107446000265,50.107446000265,50.107446000265,1.1482227470171006e-06,23.7500002566209
3829,8713.692307692309,3233.3076923076924,13,50.10410177438075,50.10410177438075,50.10410177438075,1.1481461133720446e-06,23.75007272226386
5113,8904.533333333333,3366.9333333333334,15,50.09266943678091,50.09266943678091,50.09266943678091,1.1478841389324843e-06,23.750320484796347
1278,9043.642857142857,2895.285714285714,14,50.09138281079468,50.09138281079468,50.09138281079468,1.147854655625267e-06,23.750348372197262
7599,8444.1875,3668.4375,16,50.0749172057652,50.0749172057652,50.0749172057652,1.14747734279559e-06,23.750705324658753
9393,8957.583333333334,3006.166666666667,12,49.96039173652703,49.96039173652703,49.96039173652703,1.1448529673905578e-06,23.753191336927003
4985,8606.333333333334,3351.2666666666664,15,49.929934315570975,49.929934315570975,49.929934315570975,1.1441550291328978e-06,23.75385343759215
9339,9692.722222222223,2510.222222222222,18,49.9283071035799,49.9283071035799,49.9283071035799,1.1441177412251812e-06,23.753888822212318
2916,8515.5,3136.5,16,49.923688186048835,49.923688186048835,49.923688186048835,1.1440118977508255e-06,23.75398926939876
5084,9137.6,3362.0,15,49.907554161945455,49.907554161945455,49.907554161945455,1.1436421831683596e-06,23.754340207518695
4225,8877.5,3273.0,8,49.9034012637666,49.9034012637666,49.9034012637666,1.1435470186262477e-06,23.75443055735836
9596,8906.75,3168.5,12,49.896469461661795,49.896469461661795,49.896469461661795,1.1433881749115928e-06,23.754581381371796
5210,9175.0,3375.714285714286,14,49.8763640803161,49.8763640803161,49.8763640803161,1.1429274558360593e-06,23.755018958214272
6367,8829.727272727272,3500.090909090909,11,49.83561236459879,49.83561236459879,49.83561236459879,1.1419936216317308e-06,23.75590642664487
3458,8797.615384615385,3197.6153846153848,13,49.811497336969225,49.811497336969225,49.811497336969225,1.1414410206616263e-06,23.756431932285036
6017,9051.6,3459.0,15,49.806442229040705,49.806442229040705,49.806442229040705,1.1413251817918479e-06,23.756542123556322
9417,8718.3125,3043.625,16,49.788098079371935,49.788098079371935,49.788098079371935,1.1409048217135422e-06,23.756942083385532
10519,8271.75,3475.625,16,49.76202536186703,49.76202536186703,49.76202536186703,1.1403073598649473e-06,23.75751080380536
5029,9039.6,3355.333333333333,15,49.73967856994875,49.73967856994875,49.73967856994875,1.1397952783910026e-06,23.757998488347333
4696,8940.333333333334,3323.083333333333,12,49.71549054331406,49.71549054331406,49.71549054331406,1.139241004633221e-06,23.758526602008814
3414,8954.846153846154,3193.3076923076924,13,49.70996863179205,49.70996863179205,49.70996863179205,1.1391144688601433e-06,23.75864720168851
7339,8850.166666666666,3631.5555555555557,18,49.70523076012697,49.70523076012697,49.70523076012697,1.1390058995265904e-06,23.75875068845584
1142,8790.75,2868.625,16,49.68226300733118,49.68226300733118,49.68226300733118,1.1384795886025041e-06,23.75925250050987
4891,8789.75,3343.5,12,49.66654223557936,49.66654223557936,49.66654223557936,1.1381193437852765e-06,23.75959611030283
10284,8622.785714285714,3385.714285714286,14,49.658999401170234,49.658999401170234,49.658999401170234,1.1379464981358398e-06,23.759761013071753
10535,9112.875,3485.0,16,49.644090281769635,49.644090281769635,49.644090281769635,1.1376048525042969e-06,23.760087032551862
3989,8751.764705882353,3252.3529411764703,17,49.62413791839447,49.62413791839447,49.62413791839447,1.1371476398679953e-06,23.760523486470127
9718,8873.25,3226.583333333333,12,49.55951056888557,49.55951056888557,49.55951056888557,1.135666690454107e-06,23.761938402420085
3057,8902.0,3153.0,12,49.5448205634639,49.5448205634639,49.5448205634639,1.1353300658658395e-06,23.76226027474734
9526,8753.357142857143,3129.5714285714284,14,49.52044344594772,49.52044344594772,49.52044344594772,1.1347714590504245e-06,23.762794611779675
10541,8809.416666666666,3493.75,12,49.51297800175591,49.51297800175591,49.51297800175591,1.1346003868142227e-06,23.76295830405528
10234,8480.333333333334,3365.666666666667,15,49.45440040534333,49.45440040534333,49.45440040534333,1.1332580687749805e-06,23.764243572507645
9449,8588.176470588236,3069.764705882353,17,49.45300845872861,49.45300845872861,49.45300845872861,1.1332261720232355e-06,23.76427413213613
7762,8983.933333333334,3696.8,15,49.44963556941671,49.44963556941671,49.44963556941671,1.1331488815496583e-06,23.764348186132928
6769,9043.785714285714,3547.642857142857,14,49.443462959196864,49.443462959196864,49.443462959196864,1.133007434877983e-06,23.76448372291966
6303,9122.357142857143,3492.0,14,49.407504775965286,49.407504775965286,49.407504775965286,1.1321834454867118e-06,23.765273621167665
9404,8862.9375,3024.875,16,49.342375625350826,49.342375625350826,49.342375625350826,1.1306909971941161e-06,23.766705786690764
4108,9320.357142857143,3262.0714285714284,14,49.27560023607825,49.27560023607825,49.27560023607825,1.1291608249936953e-06,23.76817611637796
10000,8901.363636363636,3298.636363636364,11,49.2642238207703,49.2642238207703,49.2642238207703,1.1289001320253082e-06,23.768426812706135
6986,9409.470588235294,3576.5882352941176,17,49.231638388613696,49.231638388613696,49.231638388613696,1.1281534299398858e-06,23.76914520196508
4026,8720.307692307691,3255.7692307692305,13,49.21703355235036,49.21703355235036,49.21703355235036,1.127818757020936e-06,23.7694673393652
9376,9216.1875,2970.0625,16,49.210907827828066,49.210907827828066,49.210907827828066,1.1276783847449589e-06,23.76960248230956
10500,8810.875,3470.5,16,49.173870022778075,49.173870022778075,49.173870022778075,1.1268296555908576e-06,23.770419952017082
10426,8924.357142857143,3432.5714285714284,14,49.16667616778719,49.16667616778719,49.16667616778719,1.1266648068787672e-06,23.770578800612743
4748,8822.1,3329.8,10,49.15949357559174,49.15949357559174,49.15949357559174,1.126500216256022e-06,23.770737423702094
6138,8482.083333333334,3472.75,12,49.15029713317208,49.15029713317208,49.15029713317208,1.1262894778284871e-06,23.770940555260964
930,8930.5,2818.5625,16,49.08430778985594,49.08430778985594,49.08430778985594,1.1247773180377862e-06,23.77239924754154
10679,8605.857142857143,3605.857142857143,14,49.0660690958217,49.0660690958217,49.0660690958217,1.1243593744977007e-06,23.77280275919981
1274,8562.272727272728,2894.727272727273,11,49.028419238956054,49.028419238956054,49.028419238956054,1.123496620046499e-06,23.77363619674363
5987,8720.533333333333,3456.2,15,49.01050909253286,49.01050909253286,49.01050909253286,1.123086205244567e-06,23.774032890076604
6030,8919.23076923077,3460.6153846153848,13,49.00668409386992,49.00668409386992,49.00668409386992,1.1229985545893714e-06,23.774117629077974
3482,8713.714285714286,3200.142857142857,14,49.005207856119526,49.005207856119526,49.005207856119526,1.122964726288384e-06,23.774150335410656
9922,9076.692307692309,3273.2307692307695,13,49.00246110370472,49.00246110370472,49.00246110370472,1.122901783874534e-06,23.77421119286344
8045,8643.0,3751.4375,16,48.992395507941225,48.992395507941225,48.992395507941225,1.1226711286138797e-06,23.77443423685083
3584,8591.733333333334,3211.2,15,48.98101361627381,48.98101361627381,48.98101361627381,1.1224103101535548e-06,23.774686503910395
6158,9151.266666666666,3476.7333333333336,15,48.978261399921735,48.978261399921735,48.978261399921735,1.122347242532424e-06,23.77474751254765
10008,9164.6,3300.5333333333333,15,48.96772331646764,48.96772331646764,48.96772331646764,1.12210576011618e-06,23.774981142926926
1564,8838.111111111111,2950.0555555555557,18,48.9665263874932,48.9665263874932,48.9665263874932,1.1220783322350023e-06,23.77500768214331
10211,8829.846153846154,3363.4615384615386,13,48.955509445485404,48.955509445485404,48.955509445485404,1.1218258766734906e-06,23.77525198860104
1526,8861.0,2942.214285714286,14,48.90599571752999,48.90599571752999,48.90599571752999,1.1206912591013294e-06,23.776350660679945
4820,9260.25,3336.3125,16,48.898917956480005,48.898917956480005,48.898917956480005,1.1205290707065048e-06,23.776507801689437
7102,8885.176470588236,3593.235294117647,17,48.87552351581579,48.87552351581579,48.87552351581579,1.1199929821394632e-06,23.777027368793505
10325,8815.363636363636,3397.363636363636,11,48.869764510690175,48.869764510690175,48.869764510690175,1.119861013316199e-06,23.77715530867689
10191,8845.363636363636,3354.272727272727,11,48.86887135401369,48.86887135401369,48.86887135401369,1.1198405464416237e-06,23.77717515205881
9904,9239.666666666666,3271.133333333333,15,48.85908297645432,48.85908297645432,48.85908297645432,1.119616243694882e-06,23.777392645528526
10766,8820.461538461539,3797.0,13,48.82930630353782,48.82930630353782,48.82930630353782,1.1189339049228555e-06,23.77805453816658
5548,8677.5,3413.0714285714284,14,48.82604021858431,48.82604021858431,48.82604021858431,1.1188590618937915e-06,23.778127163103346
9640,8412.714285714286,3192.642857142857,14,48.82578979088029,48.82578979088029,48.82578979088029,1.1188533232898676e-06,23.778132731835132
3801,8945.07142857143,3231.142857142857,14,48.81571690774521,48.81571690774521,48.81571690774521,1.1186225010375485e-06,23.778356745050715
4386,9047.727272727272,3291.363636363636,11,48.81063355117559,48.81063355117559,48.81063355117559,1.118506014844171e-06,23.778469812562683
544,8810.8,2687.8,15,48.794631304502815,48.794631304502815,48.794631304502815,1.118139319969462e-06,23.778825822430623
629,9356.933333333334,2723.6,15,48.781359256014085,48.781359256014085,48.781359256014085,1.1178351881648956e-06,23.779121180818716
6209,8827.588235294117,3482.3529411764703,17,48.77091400631625,48.77091400631625,48.77091400631625,1.1175958330538553e-06,23.779353687667175
2507,8486.25,3089.0,16,48.75920095772751,48.75920095772751,48.75920095772751,1.1173274260624785e-06,23.779614474419795
10278,8608.916666666666,3381.166666666667,12,48.747920852297156,48.747920852297156,48.747920852297156,1.1170689400553528e-06,23.77986568107396
10362,8870.142857142857,3412.4285714285716,14,48.74454675757818,48.74454675757818,48.74454675757818,1.116991621959617e-06,23.779940833070544
10069,9125.0,3317.375,16,48.74290218390261,48.74290218390261,48.74290218390261,1.1169539362052198e-06,23.779977464928294
3066,8798.2,3155.7333333333336,15,48.70858350684853,48.70858350684853,48.70858350684853,1.1161675164455534e-06,23.780742174290154
245,8959.615384615385,2538.3846153846152,13,48.68686279714774,48.68686279714774,48.68686279714774,1.115669781778341e-06,23.781226446649924
4422,9055.153846153846,3295.5384615384614,13,48.65974111311665,48.65974111311665,48.65974111311665,1.115048282639436e-06,23.781831439405
6140,8620.923076923076,3473.153846153846,13,48.656056090072816,48.656056090072816,48.656056090072816,1.1149638395552245e-06,23.78191366578655
7899,8764.25,3721.333333333333,12,48.614893390828854,48.614893390828854,48.614893390828854,1.1140205875762614e-06,23.78283258013376
6974,8990.666666666666,3574.7333333333336,15,48.5986694145645,48.5986694145645,48.5986694145645,1.1136488117209584e-06,23.78319497727405
2404,8894.23076923077,3075.6153846153848,13,48.59494293103127,48.59494293103127,48.59494293103127,1.1135634185608437e-06,23.783278233323347
9369,8687.92857142857,2892.357142857143,14,48.56970202413105,48.56970202413105,48.56970202413105,1.1129850178285847e-06,23.783842326715376
10186,8813.363636363636,3358.5454545454545,11,48.54777925749727,48.54777925749727,48.54777925749727,1.1124826529839204e-06,23.784332502974745
10057,8670.4,3313.8,10,48.53946071870118,48.53946071870118,48.53946071870118,1.1122920319040202e-06,23.78451855705901
7504,8837.533333333333,3655.6,15,48.482161777208624,48.482161777208624,48.482161777208624,1.1109790145133233e-06,23.785800983406972
7560,8723.357142857143,3662.142857142857,14,48.472389167453834,48.472389167453834,48.472389167453834,1.110755073089166e-06,23.786019858666737
4789,9180.2,3333.4,15,48.46160893265717,48.46160893265717,48.46160893265717,1.1105080417235754e-06,23.78626135270376
9972,8810.25,3305.5,8,48.44994197799389,48.44994197799389,48.44994197799389,1.1102406909842715e-06,23.786522771183172
5449,8437.1875,3402.75,16,48.43416178128782,48.43416178128782,48.43416178128782,1.1098790844316204e-06,23.786876454199657
10661,9091.266666666666,3593.8,15,48.43012175194062,48.43012175194062,48.43012175194062,1.1097865063027121e-06,23.786967022280546
9568,9190.875,3150.75,16,48.42416275100237,48.42416275100237,48.42416275100237,1.109649954533006e-06,23.787100623041816
8325,8841.357142857143,3807.4285714285716,14,48.40560622227591,48.40560622227591,48.40560622227591,1.1092247277435724e-06,23.78751676562964
1821,9276.92857142857,2990.285714285714,14,48.402618813356575,48.402618813356575,48.402618813356575,1.1091562706349066e-06,23.7875837751843
5271,8944.461538461539,3381.2307692307695,13,48.372819003314135,48.372819003314135,48.372819003314135,1.108473401670734e-06,23.788252431083162
9433,8925.23076923077,3053.6923076923076,13,48.36707053329727,48.36707053329727,48.36707053329727,1.1083416742617205e-06,23.78838146414401
6590,8427.5,3526.0625,16,48.3628878354292,48.3628878354292,48.3628878354292,1.1082458268534133e-06,23.788475360731756
4232,9070.5,3274.5,12,48.35788774131095,48.35788774131095,48.35788774131095,1.108131248636759e-06,23.78858761754905
9675,8702.923076923076,3197.5384615384614,13,48.336156007072304,48.336156007072304,48.336156007072304,1.107633261339925e-06,23.789075650319997
2797,8500.5625,3124.375,16,48.32198347305901,48.32198347305901,48.32198347305901,1.1073084947186756e-06,23.78939404323516
10672,8892.9375,3596.625,16,48.309488956421454,48.309488956421454,48.309488956421454,1.1070221802213023e-06,23.78967481613055
4703,8533.416666666666,3324.166666666667,12,48.30885998999156,48.30885998999156,48.30885998999156,1.107007767322231e-06,23.789688951988424
9554,8831.666666666666,3142.75,12,48.29523631864582,48.29523631864582,48.29523631864582,1.1066955780053583e-06,23.78999518565522
1527,8964.333333333334,2942.0666666666666,15,48.261971078441924,48.261971078441924,48.261971078441924,1.1059332979744244e-06,23.790743286766507
4617,8886.166666666666,3316.75,12,48.249784462174745,48.249784462174745,48.249784462174745,1.105654039079308e-06,23.79101748031922
5242,8370.066666666668,3379.2666666666664,15,48.22179217817515,48.22179217817515,48.22179217817515,1.105012589957572e-06,23.7916475568268
2632,8894.692307692309,3104.5384615384614,13,48.209520394322965,48.209520394322965,48.209520394322965,1.1047313794291912e-06,23.791923896943757
10357,8761.142857142857,3421.0714285714284,14,48.158484924079005,48.158484924079005,48.158484924079005,1.1035618908099045e-06,23.793073885734493
1787,9053.857142857143,2983.9285714285716,14,48.11098919074824,48.11098919074824,48.11098919074824,1.1024735160123473e-06,23.794145208537635
2441,8484.42857142857,3081.714285714286,14,48.1057480884397,48.1057480884397,48.1057480884397,1.102353415041923e-06,23.794263492626158
9754,8591.733333333334,3233.2666666666664,15,48.08097072742948,48.08097072742948,48.08097072742948,1.1017856365619974e-06,23.79482285630616
5436,8674.42857142857,3399.4285714285716,14,48.07024581738247,48.07024581738247,48.07024581738247,1.1015398729747729e-06,23.795065066932246
892,8764.0,2805.0625,16,48.01645467946424,48.01645467946424,48.01645467946424,1.1003072376465758e-06,23.796280698059803
10578,8763.8,3515.333333333333,15,48.01545934300486,48.01545934300486,48.01545934300486,1.100284429300615e-06,23.79630320459507
4672,8879.25,3320.083333333333,12,47.99082507427664,47.99082507427664,47.99082507427664,1.0997199298106643e-06,23.796860383079483
9816,9016.833333333334,3254.916666666667,12,47.94430188774838,47.94430188774838,47.94430188774838,1.09865384112925e-06,23.797913426183378
4145,8295.70588235294,3267.5882352941176,17,47.939231247650525,47.939231247650525,47.939231247650525,1.0985376463365187e-06,23.79802826086584
3518,8876.92857142857,3203.5,14,47.83954872127303,47.83954872127303,47.83954872127303,1.0962534001135887e-06,23.80028823884806
9579,8878.615384615385,3154.2307692307695,13,47.835341858383785,47.835341858383785,47.835341858383785,1.0961569989586986e-06,23.800383719351306
9721,8635.0,3219.75,12,47.83354439486166,47.83354439486166,47.83354439486166,1.0961158097010577e-06,23.800424517803123
5917,9195.785714285714,3448.0,14,47.81936351997027,47.81936351997027,47.81936351997027,1.0957908519468186e-06,23.800746446111066
9496,8604.583333333334,3102.0,12,47.79696407919731,47.79696407919731,47.79696407919731,1.0952775640132083e-06,23.80125514341976
10068,9120.5,3316.0714285714284,14,47.789678425089626,47.789678425089626,47.789678425089626,1.0951106117048968e-06,23.801420653960733
7611,8433.866666666667,3671.8,15,47.75512286741959,47.75512286741959,47.75512286741959,1.094318763775701e-06,23.80220600745284
5106,8781.8,3365.3,10,47.74944823770542,47.74944823770542,47.74944823770542,1.0941887284328764e-06,23.802335030616135
10260,8902.0,3380.916666666667,12,47.7477393501205,47.7477393501205,47.7477393501205,1.094149568911613e-06,23.802373888328447
6142,8937.2,3472.7333333333336,15,47.74572354113242,47.74572354113242,47.74572354113242,1.0941033762213342e-06,23.80241972679182
10586,8928.76923076923,3517.3846153846152,13,47.712228969633195,47.712228969633195,47.712228969633195,1.0933358410151535e-06,23.803181659548084
10213,8914.583333333334,3370.5,12,47.69865406463373,47.69865406463373,47.69865406463373,1.093024769189443e-06,23.80349061310694
4616,8852.0,3316.1,10,47.6982871893849,47.6982871893849,47.6982871893849,1.0930163621653449e-06,23.803498964103
6691,8768.214285714286,3538.357142857143,14,47.68568972703072,47.68568972703072,47.68568972703072,1.0927276886450524e-06,23.803785752754255
3277,8857.333333333334,3177.916666666667,12,47.67710605021166,47.67710605021166,47.67710605021166,1.0925309918711511e-06,23.803981208616086
88,9153.0,2403.0,9,47.67523649392997,47.67523649392997,47.67523649392997,1.0924881505926424e-06,23.804023784286237
6621,8468.23076923077,3528.3076923076924,13,47.66207188115637,47.66207188115637,47.66207188115637,1.0921864807002627e-06,23.804323631157192
5220,9010.0,3375.7692307692305,13,47.631205922414836,47.631205922414836,47.631205922414836,1.0914791807126454e-06,23.80502698171548
7209,8760.142857142857,3610.857142857143,14,47.62731053368892,47.62731053368892,47.62731053368892,1.0913899170542353e-06,23.805115779331295
2024,8800.909090909092,3019.181818181818,11,47.585024572896174,47.585024572896174,47.585024572896174,1.0904209252987694e-06,23.806080179617307
4269,8958.444444444445,3277.8888888888887,9,47.54846814208233,47.54846814208233,47.54846814208233,1.0895832269373324e-06,23.806914599573354
3173,8720.0,3164.666666666667,12,47.53566766512492,47.53566766512492,47.53566766512492,1.0892899012943713e-06,23.80720692891382
8916,8852.857142857143,3986.0,14,47.514016816897914,47.514016816897914,47.514016816897914,1.0887937675176403e-06,23.80770155675648
10182,8702.076923076924,3350.846153846154,13,47.4909652347574,47.4909652347574,47.4909652347574,1.0882655356263494e-06,23.808228433079336
5773,8661.416666666666,3433.5,12,47.471607359146375,47.471607359146375,47.471607359146375,1.0878219458031845e-06,23.80867108213812
7377,8810.615384615385,3635.3076923076924,13,47.452608998139326,47.452608998139326,47.452608998139326,1.0873865943333806e-06,23.809105685855556
3264,8908.23076923077,3177.6923076923076,13,47.35293757761774,47.35293757761774,47.35293757761774,1.0851026026034929e-06,23.811388609452724
4092,8984.142857142857,3261.357142857143,14,47.342359618833356,47.342359618833356,47.342359618833356,1.0848602064356026e-06,23.811631174251872
9928,8692.666666666666,3286.5,12,47.32993573019421,47.32993573019421,47.32993573019421,1.0845755103937848e-06,23.81191613757144
10107,8933.25,3324.25,12,47.32610529219244,47.32610529219244,47.32610529219244,1.084487735094987e-06,23.81200401036172
9677,8877.857142857143,3198.0,14,47.309611918101396,47.309611918101396,47.309611918101396,1.0841097859313777e-06,23.812382460572667
4758,8711.857142857143,3332.4285714285716,14,47.2999342882739,47.2999342882739,47.2999342882739,1.0838880209923887e-06,23.81260458093024
6939,8676.23076923077,3570.0,13,47.297746742889196,47.297746742889196,47.297746742889196,1.083837892926176e-06,23.812654795633144
4191,8749.727272727272,3270.818181818182,11,47.28074098105836,47.28074098105836,47.28074098105836,1.0834482022888918e-06,23.81304523899828
4653,9412.133333333333,3318.9333333333334,15,47.264286106507505,47.264286106507505,47.264286106507505,1.0830711353504072e-06,23.813423167986727
8351,8399.375,3815.6875,16,47.21781513564592,47.21781513564592,47.21781513564592,1.0820062432020636e-06,23.81449120561375
5513,8746.545454545454,3408.0,11,47.190327312316924,47.190327312316924,47.190327312316924,1.0813763539035313e-06,23.81512345035552
3063,8451.214285714286,3155.857142857143,14,47.173272532608905,47.173272532608905,47.173272532608905,1.0809855400112007e-06,23.8155159108387
10230,8567.0,3365.875,16,47.127867738019766,47.127867738019766,47.127867738019766,1.0799450795181512e-06,23.816561447149777
3630,8996.285714285714,3214.214285714286,14,47.10070426871317,47.10070426871317,47.10070426871317,1.0793226228608e-06,23.817187422101153
2271,8824.714285714286,3057.0714285714284,14,47.045861826124636,47.045861826124636,47.045861826124636,1.0780658966632243e-06,23.818452352617065
1769,8779.333333333334,2984.0666666666666,15,46.990080294839146,46.990080294839146,46.990080294839146,1.0767876510490875e-06,23.819740456586914
2869,8792.0,3132.214285714286,14,46.96230565001629,46.96230565001629,46.96230565001629,1.0761511891752224e-06,23.82038239746013
880,9169.333333333334,2803.0666666666666,15,46.94969137357763,46.94969137357763,46.94969137357763,1.0758621303566197e-06,23.82067407002897
1789,8717.333333333334,2985.25,12,46.893714582430164,46.893714582430164,46.893714582430164,1.0745794103213536e-06,23.821969334951724
9748,8908.181818181818,3235.272727272727,11,46.88627337510455,46.88627337510455,46.88627337510455,1.0744088934780787e-06,23.822141635852873
6541,8638.4,3519.666666666667,15,46.84324180380384,46.84324180380384,46.84324180380384,1.0734228158997663e-06,23.82313856703516
5007,8318.166666666666,3353.5,12,46.809805183109646,46.809805183109646,46.809805183109646,1.0726566086485675e-06,23.82391384028815
7895,8817.066666666666,3722.2666666666664,15,46.78032090852234,46.78032090852234,46.78032090852234,1.0719809702462376e-06,23.82459793265529
10736,8942.357142857143,3704.857142857143,14,46.75721990852951,46.75721990852951,46.75721990852951,1.0714516059343853e-06,23.825134221985742
6117,8874.166666666666,3469.5,12,46.74185059040698,46.74185059040698,46.74185059040698,1.071099414751575e-06,23.825491167251386
10370,8914.363636363636,3412.727272727273,11,46.737232388451815,46.737232388451815,46.737232388451815,1.0709935876747927e-06,23.825598445776333
3335,8741.090909090908,3184.181818181818,11,46.69779733887559,46.69779733887559,46.69779733887559,1.0700899251541978e-06,23.82651493424385
4884,9065.153846153846,3343.0,13,46.6616071881008,46.6616071881008,46.6616071881008,1.069260620177501e-06,23.827356691089218
4571,8563.153846153846,3310.6153846153848,13,46.64035064445694,46.64035064445694,46.64035064445694,1.0687735219738783e-06,23.827851407383662
6593,8719.214285714286,3525.642857142857,14,46.63733279084633,46.63733279084633,46.63733279084633,1.068704367218658e-06,23.827921661978458
10435,8712.166666666666,3447.0,12,46.63312038275038,46.63312038275038,46.63312038275038,1.0686078389941809e-06,23.828019732992942
4375,8996.07142857143,3292.0,14,46.63005399450164,46.63005399450164,46.63005399450164,1.0685375720574391e-06,23.828091128562804
1508,9769.375,2938.4375,16,46.620559300813376,46.620559300813376,46.620559300813376,1.06831999913886e-06,23.82831222593389
9945,8855.5,3278.166666666667,12,46.599701960499516,46.599701960499516,46.599701960499516,1.0678420487641688e-06,23.82879807674755
2004,9181.785714285714,3017.0714285714284,14,46.57684702345594,46.57684702345594,46.57684702345594,1.0673183230369597e-06,23.829330709333192
8085,8808.5625,3758.8125,16,46.56823433665894,46.56823433665894,46.56823433665894,1.0671209614932642e-06,23.829531495156036
10657,8724.857142857143,3584.714285714286,14,46.52299362663803,46.52299362663803,46.52299362663803,1.0660842610328789e-06,23.83058679288366
3030,8777.363636363636,3150.636363636364,11,46.52207193587837,46.52207193587837,46.52207193587837,1.0660631402937385e-06,23.83060830317056
9435,8691.75,3053.333333333333,12,46.51511506558669,46.51511506558669,46.51511506558669,1.0659037221362673e-06,23.83077067536183
10659,8731.133333333333,3592.8,15,46.48059801849974,46.48059801849974,46.48059801849974,1.0651127566852466e-06,23.831576656802945
7035,8815.833333333334,3583.833333333333,12,46.46463986634666,46.46463986634666,46.46463986634666,1.0647470722458035e-06,23.831949485882053
1939,8711.666666666666,3006.7333333333336,15,46.457227087246224,46.457227087246224,46.457227087246224,1.0645772068413346e-06,23.83212271362549
10344,8921.454545454546,3405.181818181818,11,46.42883111017524,46.42883111017524,46.42883111017524,1.063926507007292e-06,23.832786549338497
3517,8666.857142857143,3203.642857142857,14,46.408786921401344,46.408786921401344,46.408786921401344,1.0634671901725131e-06,23.833255383034285
1906,8780.0,3002.916666666667,12,46.38186808092456,46.38186808092456,46.38186808092456,1.0628503392366542e-06,23.833885333550636
9128,8905.733333333334,4092.2,15,46.374120923241165,46.374120923241165,46.374120923241165,1.0626728114760742e-06,23.834066699081657
6462,8924.545454545454,3510.090909090909,11,46.34670060312028,46.34670060312028,46.34670060312028,1.0620444690278657e-06,23.834708868438636
10366,8881.333333333334,3419.916666666667,12,46.32704259322696,46.32704259322696,46.32704259322696,1.0615940015639984e-06,23.835169482473177
4105,9134.666666666666,3262.133333333333,15,46.31937631097696,46.31937631097696,46.31937631097696,1.061418327081119e-06,23.83534916691888
1778,8918.42857142857,2984.357142857143,14,46.31741474129238,46.31741474129238,46.31741474129238,1.0613733772959777e-06,23.83539514751041
801,9045.266666666666,2780.6666666666665,15,46.2963636597337,46.2963636597337,46.2963636597337,1.0608909872995914e-06,23.835888722487827
6255,8809.5,3486.833333333333,12,46.25930122155117,46.25930122155117,46.25930122155117,1.0600416936720361e-06,23.836758253989192
2142,8940.933333333334,3038.7333333333336,15,46.23890421616833,46.23890421616833,46.23890421616833,1.0595742919698724e-06,23.837237090685903
6337,8739.857142857143,3495.642857142857,14,46.22765499090984,46.22765499090984,46.22765499090984,1.0593165135884309e-06,23.83750126600082
6693,8856.2,3538.7,10,46.223670002151124,46.223670002151124,46.223670002151124,1.0592251967262754e-06,23.83759486436891
3970,8280.07142857143,3250.642857142857,14,46.22239357847162,46.22239357847162,46.22239357847162,1.0591959472070796e-06,23.837624846378915
9758,9265.785714285714,3236.285714285714,14,46.19114406929599,46.19114406929599,46.19114406929599,1.058479858079959e-06,23.838359126780894
284,8929.0,2568.133333333333,15,46.16563525648442,46.16563525648442,46.16563525648442,1.05789531822695e-06,23.838958884427626
9898,8917.5,3270.5714285714284,14,46.1651854936743,46.1651854936743,46.1651854936743,1.0578850118168142e-06,23.838969462125572
2420,9005.75,3079.25,12,46.143826002394476,46.143826002394476,46.143826002394476,1.0573955545462903e-06,23.83947192170207
5818,9052.857142857143,3438.4285714285716,14,46.13462563898625,46.13462563898625,46.13462563898625,1.0571847262684712e-06,23.83968842225024
4154,8857.0,3266.5,12,46.119011039197574,46.119011039197574,46.119011039197574,1.0568269144042859e-06,23.840055959771487
7337,8677.923076923076,3629.3076923076924,13,46.093834045058244,46.093834045058244,46.093834045058244,1.0562499782464912e-06,23.84064883974864
2883,9199.357142857143,3133.0,14,46.07870674052248,46.07870674052248,46.07870674052248,1.0559033328563244e-06,23.84100522055842
9749,8828.416666666666,3232.416666666667,12,46.073454161591656,46.073454161591656,46.073454161591656,1.0557829688966678e-06,23.841128992265208
9421,8850.538461538461,3040.923076923077,13,46.036458842957344,46.036458842957344,46.036458842957344,1.0549352133277882e-06,23.84200114940221
1310,8942.2,2902.8,15,46.03295789159617,46.03295789159617,46.03295789159617,1.054854988285205e-06,23.84208371991869
3266,8591.692307692309,3177.6153846153848,13,46.00759201975114,46.00759201975114,46.00759201975114,1.0542737239547453e-06,23.84268216584608
10587,8931.857142857143,3518.785714285714,14,45.98484553148055,45.98484553148055,45.98484553148055,1.0537524833541587e-06,23.84321909446776
4824,8806.3,3337.6,10,45.971147428572635,45.971147428572635,45.971147428572635,1.0534385884222603e-06,23.84354256498654
9678,8883.181818181818,3197.272727272727,11,45.95898994363864,45.95898994363864,45.95898994363864,1.0531599970778192e-06,23.8438297357013
7208,8734.714285714286,3609.714285714286,14,45.95568617412217,45.95568617412217,45.95568617412217,1.0530842904990067e-06,23.843907786831522
5404,8845.25,3396.416666666667,12,45.916181511612365,45.916181511612365,45.916181511612365,1.052179032783282e-06,23.84484151433849
4218,9145.25,3271.75,12,45.910435013192654,45.910435013192654,45.910435013192654,1.0520473505538351e-06,23.8449774048162
1956,9158.375,3009.8125,16,45.90657219828634,45.90657219828634,45.90657219828634,1.0519588333314062e-06,23.845068760396735
7976,8802.0,3737.666666666667,15,45.904607202752686,45.904607202752686,45.904607202752686,1.051913805042207e-06,23.845115235495026
10109,8927.7,3330.5,10,45.90439311367952,45.90439311367952,45.90439311367952,1.0519088991457121e-06,23.845120299143623
3874,9325.2,3240.2666666666664,15,45.901640089452094,45.901640089452094,45.901640089452094,1.0518458130119469e-06,23.845185415955076
4085,8225.57142857143,3261.0714285714284,14,45.86908923268983,45.86908923268983,45.86908923268983,1.051099903229015e-06,23.845955632023443
4785,8922.363636363636,3333.636363636364,11,45.842980740051956,45.842980740051956,45.842980740051956,1.0505016215856644e-06,23.846573804451193
10430,8496.307692307691,3435.0,13,45.839494978238434,45.839494978238434,45.839494978238434,1.0504217446147857e-06,23.846656363692187
2942,8573.090909090908,3139.818181818182,11,45.827830714525355,45.827830714525355,45.827830714525355,1.0501544555391763e-06,23.84693267399987
2192,8942.866666666667,3045.4,15,45.80235850626816,45.80235850626816,45.80235850626816,1.0495707544872905e-06,23.847536320018015
2349,9015.714285714286,3068.214285714286,14,45.78471630072527,45.78471630072527,45.78471630072527,1.0491664796074295e-06,23.84795460571099
5631,8847.0,3419.0,13,45.763120327353306,45.763120327353306,45.763120327353306,1.0486716032996341e-06,23.848466852236207
10305,8572.666666666666,3390.75,12,45.74892232146495,45.74892232146495,45.74892232146495,1.0483462529849683e-06,23.848803754106296
1950,9128.846153846154,3007.7692307692305,13,45.70487215625478,45.70487215625478,45.70487215625478,1.047336834111296e-06,23.849849678185574
1027,9171.3125,2844.8125,16,45.66118877317211,45.66118877317211,45.66118877317211,1.0463358201278268e-06,23.850887889392027
10667,8833.384615384615,3593.6153846153848,13,45.656994369719584,45.656994369719584,45.656994369719584,1.0462397044835705e-06,23.85098762890791
10454,8655.6,3446.8,10,45.63876490084512,45.63876490084512,45.63876490084512,1.0458219723399767e-06,23.851421217385003
2509,8675.666666666666,3090.4666666666667,15,45.63099017083692,45.63099017083692,45.63099017083692,1.045643812753729e-06,23.851606192262295
8340,8870.615384615385,3812.7692307692305,13,45.62441525559275,45.62441525559275,45.62441525559275,1.0454931471771396e-06,23.851762645975974
10319,9127.642857142857,3392.5714285714284,14,45.604835222902025,45.604835222902025,45.604835222902025,1.0450444665773996e-06,23.852228697173317
5197,8936.714285714286,3374.714285714286,14,45.59952238409137,45.59952238409137,45.59952238409137,1.0449227217498227e-06,23.85235518984548
9437,8688.5,3055.75,12,45.57315494527903,45.57315494527903,45.57315494527903,1.044318506299992e-06,23.852983186841556
10704,8786.384615384615,3640.6153846153848,13,45.56832985987614,45.56832985987614,45.56832985987614,1.0442079384451492e-06,23.853098145906113
6460,8818.538461538461,3509.846153846154,13,45.557151367257205,45.557151367257205,45.557151367257205,1.0439517809171373e-06,23.85336452352187
2815,8686.5,3126.25,12,45.556946578293264,45.556946578293264,45.556946578293264,1.0439470881346168e-06,23.85336940414512
5329,8635.142857142857,3388.4285714285716,14,45.554277089231704,45.554277089231704,45.554277089231704,1.0438859162268852e-06,23.85343302662337
2912,9108.833333333334,3135.833333333333,12,45.506396517814764,45.506396517814764,45.506396517814764,1.0427887227830042e-06,23.854574807649662
10108,8928.92857142857,3326.214285714286,14,45.495234970575055,45.495234970575055,45.495234970575055,1.0425329535619494e-06,23.854841143446105
7133,8759.153846153846,3598.076923076923,13,45.4629789252048,45.4629789252048,45.4629789252048,1.0417937994445603e-06,23.855611201613453
5026,9316.8,3355.8,15,45.45695237901068,45.45695237901068,45.45695237901068,1.0416556998609974e-06,23.85575513571697
6248,9307.4,3487.0666666666666,15,45.4533779726512,45.4533779726512,45.4533779726512,1.041573791581557e-06,23.855840513525678
5427,8919.909090909092,3398.090909090909,11,45.4348381864222,45.4348381864222,45.4348381864222,1.041148948450002e-06,23.856283460219252
6532,8901.0,3516.166666666667,12,45.4145178142485,45.4145178142485,45.4145178142485,1.0406833028140705e-06,23.856769155772916
9497,8604.846153846154,3107.153846153846,13,45.36695622891256,45.36695622891256,45.36695622891256,1.0395934190038552e-06,23.85790681828443
3800,8730.3,3230.2,10,45.35151789303876,45.35151789303876,45.35151789303876,1.0392396462646442e-06,23.858276356253924
9732,8295.92857142857,3226.142857142857,14,45.33766934328779,45.33766934328779,45.33766934328779,1.0389223038114453e-06,23.8586079475367
9689,9193.416666666666,3204.666666666667,12,45.32255584504265,45.32255584504265,45.32255584504265,1.0385759747953548e-06,23.85896994249851
5642,8563.333333333334,3418.916666666667,12,45.32067251707085,45.32067251707085,45.32067251707085,1.0385328179356477e-06,23.859015059986085
5699,8718.642857142857,3426.0714285714284,14,45.2960337862075,45.2960337862075,45.2960337862075,1.037968216194925e-06,23.85960548450907
7081,8407.818181818182,3590.4545454545455,11,45.292592862288444,45.292592862288444,45.292592862288444,1.0378893666939027e-06,23.85968796584954
4843,8634.285714285714,3339.714285714286,14,45.291835589574646,45.291835589574646,45.291835589574646,1.0378720136291372e-06,23.85970611904466
6239,8750.3,3484.9,10,45.27850419188262,45.27850419188262,45.27850419188262,1.0375665218249961e-06,23.860025746447487
3484,8929.636363636364,3199.4545454545455,11,45.27664144405081,45.27664144405081,45.27664144405081,1.0375238365635597e-06,23.860070414318038
7668,8641.357142857143,3680.714285714286,14,45.272735300340784,45.272735300340784,45.272735300340784,1.0374343264524088e-06,23.860164087887135
6846,8577.25,3557.5,12,45.25740062614998,45.25740062614998,45.25740062614998,1.037082929142638e-06,23.860531908192407
5920,8625.923076923076,3449.5384615384614,13,45.254556846785704,45.254556846785704,45.254556846785704,1.037017763335673e-06,23.860600133304345
10007,9160.307692307691,3298.7692307692305,13,45.253801608207716,45.253801608207716,45.253801608207716,1.0370004568835608e-06,23.860618252953877
3929,9321.214285714286,3244.285714285714,14,45.22857823023632,45.22857823023632,45.22857823023632,1.0364224578304218e-06,23.86122358485227
1443,8965.642857142857,2929.285714285714,14,45.18990127651666,45.18990127651666,45.18990127651666,1.0355361672370833e-06,23.862152443017845
7660,8573.333333333334,3679.2,15,45.18596658983755,45.18596658983755,45.18596658983755,1.0354460030577454e-06,23.862246982232467
6964,8796.692307692309,3572.6923076923076,13,45.18487724761538,45.18487724761538,45.18487724761538,1.0354210405498025e-06,23.86227315745093
4148,8419.357142857143,3267.4285714285716,14,45.18130601277916,45.18130601277916,45.18130601277916,1.0353392049464898e-06,23.86235897315808
10712,8701.866666666667,3664.0,15,45.16400429456281,45.16400429456281,45.16400429456281,1.034942732405894e-06,23.86277482434145
5847,9009.785714285714,3442.9285714285716,14,45.12914536838848,45.12914536838848,45.12914536838848,1.0341439327231134e-06,23.863613151506424
7125,8593.785714285714,3598.5,14,45.08225681897073,45.08225681897073,45.08225681897073,1.0330694716736356e-06,23.864741802631258
8347,8721.923076923076,3814.6923076923076,13,45.081479242930016,45.081479242930016,45.081479242930016,1.03305165335383e-06,23.864760529505197
10016,8991.5,3303.416666666667,12,45.080548626465756,45.080548626465756,45.080548626465756,1.0330303280802767e-06,23.86478294257668
5216,8599.636363636364,3375.090909090909,11,45.067513680398065,45.067513680398065,45.067513680398065,1.03273162952795e-06,23.865096926318742
5814,8831.0,3438.416666666667,12,45.05925874170852,45.05925874170852,45.05925874170852,1.0325424658579733e-06,23.86529581696106
5624,9282.066666666666,3420.0,15,45.05389725111058,45.05389725111058,45.05389725111058,1.0324196061643771e-06,23.865425013733635
10004,9100.466666666667,3296.6,15,45.04537123319528,45.04537123319528,45.04537123319528,1.0322242306564783e-06,23.865630498340032
9592,8857.416666666666,3165.166666666667,12,45.02185033807113,45.02185033807113,45.02185033807113,1.0316852443586812e-06,23.86619757452024
2565,8594.642857142857,3097.4285714285716,14,45.004006516275375,45.004006516275375,45.004006516275375,1.0312763493996465e-06,23.86662797716867
5429,9051.5,3398.75,12,44.987589732955406,44.987589732955406,44.987589732955406,1.0309001553297925e-06,23.867024109628964
2273,9095.76923076923,3056.7692307692305,13,44.96899047065656,44.96899047065656,44.96899047065656,1.030473949291489e-06,23.86747307940308
4709,8423.916666666666,3325.416666666667,12,44.96419421776304,44.96419421776304,44.96419421776304,1.0303640421397104e-06,23.867588886831378
6081,8436.384615384615,3466.0,13,44.95068710631957,44.95068710631957,44.95068710631957,1.030054523817707e-06,23.86791508778522
9731,8299.0,3225.0,15,44.94539179334109,44.94539179334109,44.94539179334109,1.0299331805982892e-06,23.868042997992056
6219,8563.076923076924,3483.153846153846,13,44.94435497341702,44.94435497341702,44.94435497341702,1.0299094216499411e-06,23.868068044517827
4241,8946.083333333334,3276.416666666667,12,44.94358599740751,44.94358599740751,44.94358599740751,1.0298918004016736e-06,23.86808662109406
10281,8732.333333333334,3379.1111111111113,9,44.9381632177614,44.9381632177614,44.9381632177614,1.0297675362565464e-06,23.868217631187896
4716,8659.363636363636,3325.636363636364,11,44.92420011191328,44.92420011191328,44.92420011191328,1.0294475687260972e-06,23.868555041625605
9546,8881.92857142857,3141.357142857143,14,44.917931756077635,44.917931756077635,44.917931756077635,1.0293039280233392e-06,23.868706546954886
7140,8281.42857142857,3598.142857142857,14,44.915437621067,44.915437621067,44.915437621067,1.0292467743908567e-06,23.86876683574735
800,8975.4,2780.3333333333335,15,44.89674222963366,44.89674222963366,44.89674222963366,1.0288183655330586e-06,23.869218851580133
5597,8766.384615384615,3415.3846153846152,13,44.88662964951172,44.88662964951172,44.88662964951172,1.0285866336158703e-06,23.869463431265178
5846,8950.083333333334,3439.916666666667,12,44.88139943058876,44.88139943058876,44.88139943058876,1.0284667820405339e-06,23.869589949316385
3436,8809.416666666666,3194.583333333333,12,44.80806167284801,44.80806167284801,44.80806167284801,1.0267862317755552e-06,23.871365530873486
9812,8697.307692307691,3249.153846153846,13,44.800317195196854,44.800317195196854,44.800317195196854,1.0266087654284822e-06,23.87155320215825
5968,8875.23076923077,3453.6923076923076,13,44.732885555695546,44.732885555695546,44.732885555695546,1.0250635551149561e-06,23.873188639827095
10473,9185.692307692309,3452.2307692307695,13,44.73056068122983,44.73056068122983,44.73056068122983,1.0250102801237407e-06,23.873245069586638
6772,8659.0,3547.583333333333,12,44.724249933317196,44.724249933317196,44.724249933317196,1.024865667997552e-06,23.873398259950626
10399,8696.5,3424.0,10,44.71983626803649,44.71983626803649,44.71983626803649,1.024764527922023e-06,23.87350541239409
10438,8869.5,3437.4285714285716,14,44.715722948036614,44.715722948036614,44.715722948036614,1.0246702703222726e-06,23.873605282747402
1261,9131.466666666667,2892.6666666666665,15,44.70444634247764,44.70444634247764,44.70444634247764,1.0244118645154413e-06,23.873879122957817
9621,8938.076923076924,3184.5384615384614,13,44.67315288090096,44.67315288090096,44.67315288090096,1.0236947682097333e-06,23.874639412916142
4996,8635.75,3352.333333333333,12,44.636537167809465,44.636537167809465,44.636537167809465,1.022855711382337e-06,23.875529686022503
3850,8533.166666666666,3235.75,12,44.63469155332781,44.63469155332781,44.63469155332781,1.0228134187352514e-06,23.87557457955633
2342,9197.5,3066.666666666667,12,44.62226985360126,44.62226985360126,44.62226985360126,1.0225287728528298e-06,23.875876778712385
6412,8975.692307692309,3504.4615384615386,13,44.618596203148314,44.618596203148314,44.618596203148314,1.0224445903739495e-06,23.87596616859572
6094,8954.384615384615,3467.0,13,44.615376316742385,44.615376316742385,44.615376316742385,1.0223708059943968e-06,23.876044523221182
3121,8912.692307692309,3160.4615384615386,13,44.61058316038364,44.61058316038364,44.61058316038364,1.022260969800369e-06,23.876161173205766
9624,9079.4,3180.6,15,44.59530566416727,44.59530566416727,44.59530566416727,1.021910882736003e-06,23.87653306190372
3291,8955.333333333334,3179.5555555555557,9,44.583603867609625,44.583603867609625,44.583603867609625,1.021642733587304e-06,23.876817996185224
5487,8698.923076923076,3404.3076923076924,13,44.56964764181956,44.56964764181956,44.56964764181956,1.0213229237148436e-06,23.877157922760848
10022,8911.363636363636,3302.0,11,44.54711361047751,44.54711361047751,44.54711361047751,1.0208065516098116e-06,23.877707000484158
1764,8960.846153846154,2980.076923076923,13,44.54442763847787,44.54442763847787,44.54442763847787,1.0207450019920597e-06,23.877772467014537
7202,8805.818181818182,3608.636363636364,11,44.528711765869154,44.528711765869154,44.528711765869154,1.020384869439735e-06,23.878155596927144
7656,8890.307692307691,3677.6153846153848,13,44.439190492766144,44.439190492766144,44.439190492766144,1.0183334704896017e-06,23.880340576400407
6822,8876.785714285714,3554.9285714285716,14,44.43830393590428,44.43830393590428,44.43830393590428,1.0183131548511772e-06,23.880362236931877
5512,8656.090909090908,3408.181818181818,11,44.430194743222074,44.430194743222074,44.430194743222074,1.0181273309818544e-06,23.880560382376927
370,8651.07142857143,2613.0,14,44.4147081926846,44.4147081926846,44.4147081926846,1.0177724533934044e-06,23.88093889162664
1370,8460.25,2914.8125,16,44.41010417567395,44.41010417567395,44.41010417567395,1.0176669513676327e-06,23.88105144459077
3467,9007.363636363636,3197.5454545454545,11,44.37303768424384,44.37303768424384,44.37303768424384,1.0168175648590497e-06,23.881958022871835
9532,8920.181818181818,3132.5454545454545,11,44.30801812515266,44.30801812515266,44.30801812515266,1.0153276278794415e-06,23.88355011266661
5228,8992.785714285714,3376.714285714286,14,44.294319404385504,44.294319404385504,44.294319404385504,1.015013718789168e-06,23.883885841895186
4456,8997.76923076923,3299.6923076923076,13,44.26253668269072,44.26253668269072,44.26253668269072,1.0142854109841388e-06,23.884665175187628
6121,8858.909090909092,3470.5454545454545,11,44.257961572224374,44.257961572224374,44.257961572224374,1.0141805713579573e-06,23.88477740598561
10026,8914.909090909092,3314.909090909091,11,44.22114442241838,44.22114442241838,44.22114442241838,1.0133368985655473e-06,23.885680980097447
5761,8915.363636363636,3432.0,11,44.189606256816774,44.189606256816774,44.189606256816774,1.0126141948152352e-06,23.88645559470969
2908,8779.42857142857,3135.785714285714,14,44.17395594551681,44.17395594551681,44.17395594551681,1.0122555646141984e-06,23.88684019010961
5003,9055.76923076923,3352.6153846153848,13,44.14554588188281,44.14554588188281,44.14554588188281,1.0116045419835779e-06,23.88753869576448
1222,9139.083333333334,2883.8333333333335,12,44.144677097530135,44.144677097530135,44.144677097530135,1.0115846336059689e-06,23.887560063263486
1435,8940.25,2927.75,12,44.1224169689978,44.1224169689978,44.1224169689978,1.0110745380418842e-06,23.88810768813407
5494,8088.0,3406.0714285714284,14,44.102073287446125,44.102073287446125,44.102073287446125,1.0106083582666152e-06,23.888608407875857
3996,8956.833333333334,3253.416666666667,12,44.08641841684923,44.08641841684923,44.08641841684923,1.0102496235883226e-06,23.88899387903287
6060,8756.909090909092,3464.636363636364,11,44.08356692332657,44.08356692332657,44.08356692332657,1.0101842810097832e-06,23.88906410632721
10036,9077.090909090908,3305.727272727273,11,44.06414430604314,44.06414430604314,44.06414430604314,1.0097392076174708e-06,23.889542572275403
3963,8722.444444444445,3248.0,9,44.06399020548365,44.06399020548365,44.06399020548365,1.0097356763704834e-06,23.88954636930475
4339,8357.07142857143,3287.357142857143,14,44.05615570499657,44.05615570499657,44.05615570499657,1.009556147131042e-06,23.88973942846868
6191,8464.933333333334,3480.866666666667,15,44.04386272864771,44.04386272864771,44.04386272864771,1.0092744509721072e-06,23.890042423401262
5941,8528.92857142857,3451.785714285714,14,44.03535527177448,44.03535527177448,44.03535527177448,1.009079500794422e-06,23.890252163091873
3599,8769.2,3209.7,10,44.031579243195736,44.031579243195736,44.031579243195736,1.0089929722990866e-06,23.89034526888608
4588,8879.545454545454,3312.5454545454545,11,44.018833306963955,44.018833306963955,44.018833306963955,1.008700896468415e-06,23.89065960527875
6835,9198.76923076923,3555.3846153846152,13,44.01494915984837,44.01494915984837,44.01494915984837,1.0086118904138886e-06,23.890755413025108
7348,8532.7,3631.2,10,44.01409579374935,44.01409579374935,44.01409579374935,1.0085923353488306e-06,23.89077646358791
2187,9419.333333333334,3044.6,15,43.995712166975295,43.995712166975295,43.995712166975295,1.0081710706442889e-06,23.89123004415844
6200,8976.692307692309,3481.846153846154,13,43.971079583330116,43.971079583330116,43.971079583330116,1.0076066097683735e-06,23.89183810290532
10137,9006.5,3334.0,12,43.96945770997189,43.96945770997189,43.96945770997189,1.0075694441965604e-06,23.891878151025992
1972,8967.923076923076,3010.846153846154,13,43.94340914338106,43.94340914338106,43.94340914338106,1.0069725357712812e-06,23.89252155792807
7837,8799.142857142857,3710.357142857143,14,43.932237731132055,43.932237731132055,43.932237731132055,1.006716540491447e-06,23.892797611811794
4412,8949.066666666666,3295.5333333333333,15,43.92338936829731,43.92338936829731,43.92338936829731,1.0065137783813872e-06,23.893016311244768
9694,8522.416666666666,3208.0,12,43.90414736730727,43.90414736730727,43.90414736730727,1.0060728438497255e-06,23.893492055828705
7509,8709.0,3655.6153846153848,13,43.8820025624575,43.8820025624575,43.8820025624575,1.0055653909522734e-06,23.89403982827121
4988,8854.833333333334,3353.25,12,43.86407056580552,43.86407056580552,43.86407056580552,1.005154475447717e-06,23.89448359555482
10522,9056.461538461539,3476.6153846153848,13,43.84732150391153,43.84732150391153,43.84732150391153,1.0047706671439017e-06,23.894898252367028
9450,8582.357142857143,3070.4285714285716,14,43.83636400572211,43.83636400572211,43.83636400572211,1.004519573750089e-06,23.89516961305381
6073,8926.5,3464.5,10,43.817344984264594,43.817344984264594,43.817344984264594,1.0040837488416828e-06,23.895640777154853
8639,8815.133333333333,3893.7333333333336,15,43.815843762998384,43.815843762998384,43.815843762998384,1.0040493480381346e-06,23.8956779760815
8641,8843.0625,3896.875,16,43.81562682096585,43.81562682096585,43.81562682096585,1.0040443767654712e-06,23.895683351817354
3324,8654.846153846154,3184.2307692307695,13,43.81111051179181,43.81111051179181,43.81111051179181,1.0039408845833676e-06,23.895795270177796
837,8714.5,2787.714285714286,14,43.801825290255096,43.801825290255096,43.801825290255096,1.0037281117635458e-06,23.89602540288907
3656,9168.333333333334,3216.333333333333,12,43.799672241397175,43.799672241397175,43.799672241397175,1.003678774192557e-06,23.89607877282365
3628,8874.3,3214.1,10,43.783177373089885,43.783177373089885,43.783177373089885,1.0033007907886657e-06,23.896487735902706
2482,8702.083333333334,3084.916666666667,12,43.782035205347185,43.782035205347185,43.782035205347185,1.0032746177727216e-06,23.896516059773198
5954,8338.785714285714,3454.5,14,43.74603853043641,43.74603853043641,43.74603853043641,1.0024497463364622e-06,23.89740909657241
9464,8771.214285714286,3082.285714285714,14,43.73158844023968,43.73158844023968,43.73158844023968,1.0021186194564324e-06,23.897767793687876
9690,9197.538461538461,3204.846153846154,13,43.709367354084904,43.709367354084904,43.709367354084904,1.0016094185567056e-06,23.898319622931908
6523,8710.75,3514.75,12,43.70883524817684,43.70883524817684,43.70883524817684,1.001597225237025e-06,23.898332840468576
8332,8883.07142857143,3810.857142857143,14,43.70811484490184,43.70811484490184,43.70811484490184,1.0015807170432653e-06,23.898350735577406
10468,8905.0,3453.333333333333,12,43.70410328042816,43.70410328042816,43.70410328042816,1.0014887911929678e-06,23.89845038985648
10351,8628.7,3414.5,10,43.69182698102314,43.69182698102314,43.69182698102314,1.0012074771897364e-06,23.89875541144667
3847,9060.083333333334,3235.333333333333,12,43.65216840293738,43.65216840293738,43.65216840293738,1.0002986924659614e-06,23.899741369481372
9986,8763.7,3294.8,10,43.64966953488235,43.64966953488235,43.64966953488235,1.000241430374763e-06,23.89980352422137
9582,8754.0,3159.166666666667,12,43.64564873448157,43.64564873448157,43.64564873448157,1.0001492928812383e-06,23.899903541694396
10513,8792.083333333334,3476.916666666667,12,43.62268411367707,43.62268411367707,43.62268411367707,9.996230537273965e-07,23.900474963652343
4288,8939.5,3280.0,10,43.62174529061588,43.62174529061588,43.62174529061588,9.99601540397935e-07,23.900498330512427
6148,8706.545454545454,3473.727272727273,11,43.62006783277934,43.62006783277934,43.62006783277934,9.995631010960184e-07,23.90054008289331
8707,8740.166666666666,3913.75,12,43.615417984987445,43.615417984987445,43.615417984987445,9.99456548848179e-07,23.900655827261595
601,8825.3,2711.6,10,43.60429813925339,43.60429813925339,43.60429813925339,9.99201735225966e-07,23.90093267336261
9785,8725.916666666666,3240.916666666667,12,43.59616914667059,43.59616914667059,43.59616914667059,9.990154576377238e-07,23.90113510213061
7283,9107.733333333334,3620.0666666666666,15,43.58804549293402,43.58804549293402,43.58804549293402,9.98829302390275e-07,23.901337435661713
6979,8230.666666666666,3575.666666666667,15,43.58028331222532,43.58028331222532,43.58028331222532,9.986514303738855e-07,23.90153080132012
10678,8602.866666666667,3601.2666666666664,15,43.550778596406076,43.550778596406076,43.550778596406076,9.979753235563926e-07,23.90226611519553
9559,8766.125,3149.125,8,43.54268485792302,43.54268485792302,43.54268485792302,9.977898538233196e-07,23.902467913690607
6275,9238.92857142857,3488.142857142857,14,43.523117322026636,43.523117322026636,43.523117322026636,9.973414595902711e-07,23.90295593957417
9724,9003.0,3230.818181818182,11,43.520349898977756,43.520349898977756,43.520349898977756,9.972780435044596e-07,23.90302497844624
10071,8772.142857142857,3318.5714285714284,7,43.51876717237201,43.51876717237201,43.51876717237201,9.97241774988778e-07,23.903064464682686
1374,8909.214285714286,2915.0714285714284,14,43.51563690852885,43.51563690852885,43.51563690852885,9.971700443292497e-07,23.90314256347183
3003,8621.538461538461,3147.923076923077,13,43.468701007847976,43.468701007847976,43.468701007847976,9.960944982155396e-07,23.90431426892683
6426,8804.538461538461,3506.6153846153848,13,43.46222049489427,43.46222049489427,43.46222049489427,9.959459958874476e-07,23.90447614751803
7476,8916.384615384615,3650.3846153846152,13,43.44347232541399,43.44347232541399,43.44347232541399,9.95516377609516e-07,23.904944599377345
6957,8896.181818181818,3571.636363636364,11,43.42977077322423,43.42977077322423,43.42977077322423,9.95202403636593e-07,23.905287081616216
6984,8653.166666666666,3575.5,12,43.40104186362606,43.40104186362606,43.40104186362606,9.94544074583114e-07,23.906005536677615
9875,8807.3,3273.3,10,43.39924777535563,43.39924777535563,43.39924777535563,9.94502962670081e-07,23.90605041916817
2290,9143.357142857143,3059.0,14,43.377128145205326,43.377128145205326,43.377128145205326,9.939960866562038e-07,23.90660393580344
10743,8696.0,3727.0,13,43.32494711408779,43.32494711408779,43.32494711408779,9.928003472666599e-07,23.907910821281252
6250,8530.307692307691,3487.3846153846152,13,43.31394545834368,43.31394545834368,43.31394545834368,9.925482419931207e-07,23.908186561094244
5644,8685.454545454546,3419.272727272727,11,43.3124019620617,43.3124019620617,43.3124019620617,9.925128724486244e-07,23.90822525208943
5096,8381.0,3363.75,12,43.2952490541778,43.2952490541778,43.2952490541778,9.92119809928342e-07,23.908655318789805
6811,8317.538461538461,3552.846153846154,13,43.29464091543738,43.29464091543738,43.29464091543738,9.9210587430019e-07,23.90867056949051
9696,8517.142857142857,3220.785714285714,14,43.25013183776514,43.25013183776514,43.25013183776514,9.91085939350168e-07,23.909787335293743
9457,8860.5,3074.5,12,43.22932107491486,43.22932107491486,43.22932107491486,9.906090563079282e-07,23.910309887145086
10759,9287.642857142857,3776.4285714285716,14,43.22885949967939,43.22885949967939,43.22885949967939,9.905984792135613e-07,23.91032148000862
6038,9119.642857142857,3460.9285714285716,14,43.193685427191774,43.193685427191774,43.193685427191774,9.897924578862062e-07,23.91120527175786
8151,8744.785714285714,3771.142857142857,14,43.18518569674326,43.18518569674326,43.18518569674326,9.895976847611812e-07,23.911418945888773
5167,8929.555555555555,3370.1111111111113,9,43.16646635924356,43.16646635924356,43.16646635924356,9.891687271741963e-07,23.911889678348132
4312,8727.916666666666,3283.583333333333,12,43.16189792528053,43.16189792528053,43.16189792528053,9.890640405415037e-07,23.912004591081587
10594,8586.75,3523.5,12,43.15848027045771,43.15848027045771,43.15848027045771,9.889857242567544e-07,23.91209056548661
3307,9198.785714285714,3181.285714285714,14,43.157155504133186,43.157155504133186,43.157155504133186,9.889553669556002e-07,23.91212389309287
5598,8889.666666666666,3414.666666666667,12,43.12786157907131,43.12786157907131,43.12786157907131,9.882840904529964e-07,23.912861112075174
3278,8915.9,3178.6,10,43.09229898932361,43.09229898932361,43.09229898932361,9.874691661702676e-07,23.91375676323516
9644,8756.636363636364,3190.0,11,43.042969106368005,43.042969106368005,43.042969106368005,9.863387614452489e-07,23.915000371038122
9662,8951.5,3202.666666666667,12,43.037093569699294,43.037093569699294,43.037093569699294,9.862041222769723e-07,23.91514858846955
3480,8587.090909090908,3199.636363636364,11,43.01863648663884,43.01863648663884,43.01863648663884,9.857811743060561e-07,23.915614322096054
2879,8719.666666666666,3132.916666666667,12,43.0152327733672,43.0152327733672,43.0152327733672,9.857031774949075e-07,23.915700230930874
725,9086.07142857143,2755.285714285714,14,43.00267219388486,43.00267219388486,43.00267219388486,9.85415349153442e-07,23.916017315519223
8960,8664.153846153846,4004.230769230769,13,42.98846370412791,42.98846370412791,42.98846370412791,9.850897585987047e-07,23.916376112312015
2257,8787.4,3055.9333333333334,15,42.92085818614702,42.92085818614702,42.92085818614702,9.835405638229597e-07,23.918084932078024
3798,8502.538461538461,3231.4615384615386,13,42.912050775471236,42.912050775471236,42.912050775471236,9.83338740140304e-07,23.91830774928858
2617,8969.166666666666,3103.166666666667,12,42.90877626400058,42.90877626400058,42.90877626400058,9.832637040158133e-07,23.91839060226917
3883,8924.0,3239.583333333333,12,42.901591532742145,42.901591532742145,42.901591532742145,9.830990643759862e-07,23.918572415331326
2537,8818.642857142857,3094.0,14,42.88876222480296,42.88876222480296,42.88876222480296,9.82805078064966e-07,23.918897142846838
4688,8613.916666666666,3321.333333333333,12,42.88528431629328,42.88528431629328,42.88528431629328,9.827253810542097e-07,23.91898519025372
3577,8833.727272727272,3208.090909090909,11,42.86577290459891,42.86577290459891,42.86577290459891,9.82278272919148e-07,23.91947927737369
9852,8925.888888888889,3257.666666666667,9,42.84273973182786,42.84273973182786,42.84273973182786,9.817504628824609e-07,23.920062835515598
1875,8886.0,2998.6,10,42.82922105468796,42.82922105468796,42.82922105468796,9.814406795300718e-07,23.920405484783767
1529,8544.4375,2943.1875,16,42.82155826087782,42.82155826087782,42.82155826087782,9.812650849855313e-07,23.920599756750885
5592,8593.0,3414.0,11,42.79451298693486,42.79451298693486,42.79451298693486,9.80645336799993e-07,23.921285703527847
8499,9224.466666666667,3850.0666666666666,15,42.769085258232806,42.769085258232806,42.769085258232806,9.800626550065422e-07,23.921931020158645
3885,9046.083333333334,3240.416666666667,12,42.76640790556616,42.76640790556616,42.76640790556616,9.80001302902633e-07,23.92199898957383
2558,8889.8,3095.4,10,42.73954850455449,42.73954850455449,42.73954850455449,9.793858140347172e-07,23.922681099365946
7925,8986.461538461539,3727.923076923077,13,42.73299614077014,42.73299614077014,42.73299614077014,9.792356652296099e-07,23.922847565419595
7729,8123.0,3691.916666666667,12,42.72176424191849,42.72176424191849,42.72176424191849,9.78978283886454e-07,23.923132976770518
7159,8810.25,3601.75,12,42.72004530106547,42.72004530106547,42.72004530106547,9.78938893992421e-07,23.923176663025014
390,8636.0,2618.0,13,42.69140965102274,42.69140965102274,42.69140965102274,9.78282702001424e-07,23.923904686290285
2581,9358.714285714286,3098.0,14,42.68688493241899,42.68688493241899,42.68688493241899,9.781790171154563e-07,23.924019765909364
4073,8578.307692307691,3260.846153846154,13,42.68591511146715,42.68591511146715,42.68591511146715,9.781567934627596e-07,23.9240444334784
3666,8656.0,3216.846153846154,13,42.67953657031718,42.67953657031718,42.67953657031718,9.780106278401664e-07,23.92420668677729
10244,9068.0,3368.3076923076924,13,42.675596945679,42.675596945679,42.675596945679,9.779203505064494e-07,23.924306912573428
10577,8755.0,3516.6153846153848,13,42.66640328574657,42.66640328574657,42.66640328574657,9.777096758401991e-07,23.92454083934933
9909,8638.090909090908,3273.272727272727,11,42.59332852117241,42.59332852117241,42.59332852117241,9.760351521193828e-07,23.926401974384554
7395,8820.916666666666,3637.666666666667,12,42.59072056931384,42.59072056931384,42.59072056931384,9.759753903497026e-07,23.926468455088028
5806,8582.636363636364,3437.090909090909,11,42.5900283380762,42.5900283380762,42.5900283380762,9.759595277241508e-07,23.926486101810468
5700,8865.181818181818,3426.0,11,42.5578945817271,42.5578945817271,42.5578945817271,9.752231758856048e-07,23.927305588255308
9869,8530.461538461539,3266.6923076923076,13,42.5353847983037,42.5353847983037,42.5353847983037,9.747073594267687e-07,23.927880009351128
6109,8637.8,3469.1,10,42.52307944066938,42.52307944066938,42.52307944066938,9.74425379548053e-07,23.92819415498046
3091,9132.533333333333,3156.8,15,42.52012034603249,42.52012034603249,42.52012034603249,9.743575712671714e-07,23.928269711784296
10609,8779.785714285714,3539.9285714285716,14,42.512272340228606,42.512272340228606,42.512272340228606,9.741777325505323e-07,23.928470126327305
10449,8861.909090909092,3440.818181818182,11,42.50844283075024,42.50844283075024,42.50844283075024,9.740899785290451e-07,23.928567933951754
9960,8372.923076923076,3282.6153846153848,13,42.50567293100727,42.50567293100727,42.50567293100727,9.740265056892636e-07,23.928638684095034
5102,8445.538461538461,3365.3846153846152,13,42.48285862219242,42.48285862219242,42.48285862219242,9.735037109665283e-07,23.929221593840836
335,8827.0,2597.133333333333,15,42.45851527489979,42.45851527489979,42.45851527489979,9.729458780029447e-07,23.92984391610881
2726,8420.07142857143,3115.9285714285716,14,42.44744726529431,42.44744726529431,42.44744726529431,9.726922522166065e-07,23.930126980771217
5138,9460.0,3368.0,15,42.40241280964196,42.40241280964196,42.40241280964196,9.71660278118799e-07,23.931279499903514
10684,8690.0,3612.7692307692305,13,42.3920572793325,42.3920572793325,42.3920572793325,9.714229789465626e-07,23.93154469111753
4279,8882.9,3279.6,10,42.373072152903205,42.373072152903205,42.373072152903205,9.709879307499134e-07,23.93203104298413
2857,9116.642857142857,3130.5,14,42.359686029523374,42.359686029523374,42.359686029523374,9.706811848950354e-07,23.932374093280792
4940,8359.916666666666,3346.916666666667,12,42.34772784236876,42.34772784236876,42.34772784236876,9.704071605014564e-07,23.932680641107712
5534,9366.533333333333,3408.866666666667,15,42.34440958657359,42.34440958657359,42.34440958657359,9.703311219664968e-07,23.932765719854444
8522,8425.307692307691,3856.6923076923076,13,42.34095270668019,42.34095270668019,42.34095270668019,9.7025190683094e-07,23.932854359958384
7769,8844.923076923076,3699.0,13,42.339781782335905,42.339781782335905,42.339781782335905,9.702250748513748e-07,23.932884386031287
1871,8764.727272727272,2998.363636363636,11,42.32698503263894,42.32698503263894,42.32698503263894,9.699318346193768e-07,23.933212587876657
4303,8739.5,3281.5,8,42.32602305160563,42.32602305160563,42.32602305160563,9.69909790620075e-07,23.933237264085093
9925,9076.23076923077,3278.846153846154,13,42.31677484019373,42.31677484019373,42.31677484019373,9.696978658951088e-07,23.933474522735544
10624,8715.090909090908,3557.181818181818,11,42.290503573398105,42.290503573398105,42.290503573398105,9.690958542474282e-07,23.934148783081852
10031,8834.5,3311.833333333333,12,42.27036478847822,42.27036478847822,42.27036478847822,9.686343697219111e-07,23.934665935016177
9980,9017.181818181818,3287.090909090909,11,42.2533172831136,42.2533172831136,42.2533172831136,9.682437225227016e-07,23.935103897338035
2699,8678.133333333333,3112.2,15,42.252017559427834,42.252017559427834,42.252017559427834,9.68213939078923e-07,23.935137295396622
441,9243.923076923076,2636.076923076923,13,42.24442363074609,42.24442363074609,42.24442363074609,9.68039922593398e-07,23.935332451623612
2251,8794.76923076923,3053.5384615384614,13,42.24223193524101,42.24223193524101,42.24223193524101,9.679896994262972e-07,23.9353887824878
1858,8532.666666666666,2996.916666666667,12,42.2371705357169,42.2371705357169,42.2371705357169,9.67873716383272e-07,23.93551888153102
7635,8688.92857142857,3673.4285714285716,14,42.21055512097117,42.21055512097117,42.21055512097117,9.672638185123612e-07,23.93620326515713
6120,8784.1,3470.4,10,42.20271627924342,42.20271627924342,42.20271627924342,9.670841897924696e-07,23.936404913882512
10607,8871.461538461539,3535.2307692307695,13,42.19766138322185,42.19766138322185,42.19766138322185,9.66968355778584e-07,23.936534967414985
4277,8592.615384615385,3279.846153846154,13,42.15735088297291,42.15735088297291,42.15735088297291,9.660446321202432e-07,23.937572643107465
6375,8811.909090909092,3500.363636363636,11,42.13743432685128,42.13743432685128,42.13743432685128,9.655882400147469e-07,23.938085702756503
4951,8625.846153846154,3349.2307692307695,13,42.09252411277188,42.09252411277188,42.09252411277188,9.645591129389207e-07,23.9392435010248
5122,8621.166666666666,3367.25,12,42.09022466619551,42.09022466619551,42.09022466619551,9.645064206331798e-07,23.93930281465938
8658,8719.0,3901.0,13,42.07819340499578,42.07819340499578,42.07819340499578,9.642307217323667e-07,23.939613210797546
1006,8778.42857142857,2838.0714285714284,14,42.07312921577557,42.07312921577557,42.07312921577557,9.64114674762864e-07,23.939743889042866
3754,8909.916666666666,3226.25,12,42.07035292272441,42.07035292272441,42.07035292272441,9.6405105541907e-07,23.939815536229435
5563,9267.142857142857,3413.142857142857,14,42.059534301398216,42.059534301398216,42.059534301398216,9.638031444180177e-07,23.940094775137553
2906,8646.307692307691,3135.076923076923,13,42.045009053638154,42.045009053638154,42.045009053638154,9.63470295286492e-07,23.94046979857633
10448,8772.818181818182,3450.727272727273,11,42.03558605386719,42.03558605386719,42.03558605386719,9.632543652492258e-07,23.94071315774948
9564,8793.833333333334,3149.0,12,42.030224692797916,42.030224692797916,42.030224692797916,9.631315085238065e-07,23.94085164505546
6125,8330.166666666666,3471.166666666667,12,42.00846403609953,42.00846403609953,42.00846403609953,9.626328584626762e-07,23.941413917830108
1036,8757.92857142857,2847.285714285714,14,42.00158465436285,42.00158465436285,42.00158465436285,9.62475215971869e-07,23.94159173450683
4734,8719.0,3328.181818181818,11,42.00140041193839,42.00140041193839,42.00140041193839,9.62470994017656e-07,23.941596497163072
4171,9048.181818181818,3268.4545454545455,11,41.9939557803866,41.9939557803866,41.9939557803866,9.623003987075125e-07,23.94178895794649
9595,8670.333333333334,3171.5,12,41.99365252473987,41.99365252473987,41.99365252473987,9.622934495400825e-07,23.941796798523008
1890,9263.357142857143,3000.4285714285716,14,41.98833745558667,41.98833745558667,41.98833745558667,9.621716536037332e-07,23.941934227107865
10620,8420.76923076923,3549.0,13,41.972670199964945,41.972670199964945,41.972670199964945,9.618126351199715e-07,23.942339427267562
5552,9058.76923076923,3411.846153846154,13,41.969724589510356,41.969724589510356,41.969724589510356,9.617451358319856e-07,23.942415626092362
7272,8722.57142857143,3619.357142857143,14,41.94743218299401,41.94743218299401,41.94743218299401,9.612343006110548e-07,23.942992472933852
5829,8808.111111111111,3439.4444444444443,9,41.94377204745973,41.94377204745973,41.94377204745973,9.611504278294008e-07,23.943087213299133
9620,8937.083333333334,3179.25,12,41.93802699823573,41.93802699823573,41.93802699823573,9.610187788085805e-07,23.943235937051398
8871,9061.785714285714,3967.5714285714284,14,41.931306470830066,41.931306470830066,41.931306470830066,9.60864776498443e-07,23.943409939148065
4261,9181.714285714286,3279.285714285714,14,41.92782306499347,41.92782306499347,41.92782306499347,9.607849535152748e-07,23.94350013946032
5405,8867.454545454546,3396.5454545454545,11,41.889517538171816,41.889517538171816,41.889517538171816,9.599071742480406e-07,23.944492528383876
10143,8967.727272727272,3336.636363636364,11,41.87703805646011,41.87703805646011,41.87703805646011,9.596212042791803e-07,23.944816032797185
230,8814.384615384615,2520.4615384615386,13,41.87311522173634,41.87311522173634,41.87311522173634,9.595313116899114e-07,23.944917743982685
3536,8447.25,3205.166666666667,12,41.872109350515345,41.872109350515345,41.872109350515345,9.595082619376548e-07,23.944943825727826
2662,9297.916666666666,3108.083333333333,12,41.85047902479876,41.85047902479876,41.85047902479876,9.590125984386002e-07,23.94550484106979
8878,8682.083333333334,3969.4166666666665,12,41.850284319984155,41.850284319984155,41.850284319984155,9.590081367364995e-07,23.945509892351478
3407,9152.25,3191.583333333333,12,41.838317432582365,41.838317432582365,41.838317432582365,9.587339129749123e-07,23.945820397790133
3315,8728.307692307691,3182.846153846154,13,41.794104738926336,41.794104738926336,41.794104738926336,9.5772076972745e-07,23.946968357527226
3624,8621.3,3213.2,10,41.78071178077947,41.78071178077947,41.78071178077947,9.574138672524365e-07,23.94731633842096
3435,8674.083333333334,3195.083333333333,12,41.774255345798224,41.774255345798224,41.774255345798224,9.572659166761876e-07,23.947484131802206
3945,8998.538461538461,3246.153846153846,13,41.75357152833237,41.75357152833237,41.75357152833237,9.567919426143423e-07,23.948021848890622
3611,8793.333333333334,3212.333333333333,12,41.7484059613611,41.7484059613611,41.7484059613611,9.566735725521837e-07,23.948156179675465
8056,8765.066666666666,3753.0,15,41.707094797826684,41.707094797826684,41.707094797826684,9.55726918482533e-07,23.949231076576577
5774,8720.090909090908,3432.5454545454545,11,41.634451685360034,41.634451685360034,41.634451685360034,9.540622861612629e-07,23.951123800686783
7662,8836.916666666666,3677.416666666667,12,41.625927257183214,41.625927257183214,41.625927257183214,9.538669470825583e-07,23.951346122046505
960,9143.25,2826.1666666666665,12,41.62330241541562,41.62330241541562,41.62330241541562,9.538067982770323e-07,23.951414588403516
5935,8897.833333333334,3450.25,12,41.610080404875134,41.610080404875134,41.610080404875134,9.535038131026571e-07,23.951759536912824
3879,8602.23076923077,3240.7692307692305,13,41.5957153044459,41.5957153044459,41.5957153044459,9.531746337811658e-07,23.95213443170574
10490,8638.461538461539,3463.2307692307695,13,41.59343786182586,41.59343786182586,41.59343786182586,9.531224457007487e-07,23.952193879405673
3190,8923.0,3167.4,10,41.577424367271064,41.577424367271064,41.577424367271064,9.527554930784388e-07,23.952611968879598
7196,8651.636363636364,3607.636363636364,11,41.56949183353865,41.56949183353865,41.56949183353865,9.52573717386399e-07,23.9528191356511
5691,8778.454545454546,3424.727272727273,11,41.56275808089521,41.56275808089521,41.56275808089521,9.524194120171343e-07,23.95299502597194
10583,8869.545454545454,3519.727272727273,11,41.55364380453348,41.55364380453348,41.55364380453348,9.522105564422347e-07,23.953233142628612
5069,8615.384615384615,3361.2307692307695,13,41.54339033338823,41.54339033338823,41.54339033338823,9.519755959773809e-07,23.95350108395814
6050,8838.272727272728,3462.727272727273,11,41.53925892615008,41.53925892615008,41.53925892615008,9.518809239047311e-07,23.953609063625585
6678,8933.166666666666,3537.333333333333,12,41.531091920402346,41.531091920402346,41.531091920402346,9.516937752367562e-07,23.953822550477707
6062,9086.583333333334,3463.333333333333,12,41.52697182564339,41.52697182564339,41.52697182564339,9.515993623919653e-07,23.953930266353773
8198,9076.923076923076,3780.2307692307695,13,41.514496491150254,41.514496491150254,41.514496491150254,9.513134874574975e-07,23.95425648704091
10485,8740.76923076923,3466.076923076923,13,41.51210134970768,41.51210134970768,41.51210134970768,9.512586022836119e-07,23.954319129419332
3956,8524.75,3248.416666666667,12,41.48767443063939,41.48767443063939,41.48767443063939,9.506988542550732e-07,23.95495819599317
2818,8811.5,3124.5,10,41.48251875347428,41.48251875347428,41.48251875347428,9.505807108199195e-07,23.955093128916687
1314,8540.615384615385,2904.2307692307695,13,41.472374224610405,41.472374224610405,41.472374224610405,9.503482467905373e-07,23.9553586776246
10622,8431.5,3555.0,14,41.465187326729165,41.465187326729165,41.465187326729165,9.501835575020892e-07,23.955546845087042
3394,9143.538461538461,3191.4615384615386,13,41.459923354000836,41.459923354000836,41.459923354000836,9.500629324511476e-07,23.955684687188974
5227,8677.9,3375.8,10,41.45161890519887,41.45161890519887,41.45161890519887,9.498726342464495e-07,23.955902182618665
6616,8840.0,3527.6153846153848,13,41.44096989611627,41.44096989611627,41.44096989611627,9.49628609945914e-07,23.956181146394236
10110,8789.3,3324.6,10,41.41322924292598,41.41322924292598,41.41322924292598,9.489929269975147e-07,23.95690818335677
3882,8885.818181818182,3239.636363636364,11,41.40536169137994,41.40536169137994,41.40536169137994,9.488126403860509e-07,23.957114467609756
2351,9303.416666666666,3068.083333333333,12,41.4047028214556,41.4047028214556,41.4047028214556,9.487975422420656e-07,23.957131744710924
10301,8993.583333333334,3386.916666666667,12,41.401491388713694,41.401491388713694,41.401491388713694,9.487239515800161e-07,23.957215959879417
10019,8703.454545454546,3302.272727272727,11,41.361260858650894,41.361260858650894,41.361260858650894,9.478020604554431e-07,23.958271501056572
9955,9251.0,3278.5714285714284,14,41.359374606586,41.359374606586,41.359374606586,9.477588365895229e-07,23.95832101644405
5880,8625.583333333334,3443.833333333333,12,41.33132868500921,41.33132868500921,41.33132868500921,9.471161583513354e-07,23.959057507304742
6427,8872.42857142857,3505.5714285714284,14,41.31709768162462,41.31709768162462,41.31709768162462,9.467900518920482e-07,23.959431407121997
8116,8729.714285714286,3764.142857142857,14,41.30897661324134,41.30897661324134,41.30897661324134,9.466039558885179e-07,23.95964483461613
10565,8935.272727272728,3506.727272727273,11,41.29463339866417,41.29463339866417,41.29463339866417,9.46275278085966e-07,23.960021887084256
5633,9091.25,3418.583333333333,12,41.27409907307398,41.27409907307398,41.27409907307398,9.458047296621411e-07,23.960561918656154
9485,8931.615384615385,3094.0,13,41.2584434105466,41.2584434105466,41.2584434105466,9.454459768365937e-07,23.960973826960632
6424,8716.272727272728,3505.909090909091,11,41.258392013963274,41.258392013963274,41.258392013963274,9.454447990729917e-07,23.960975179487814
6309,8881.666666666666,3492.083333333333,12,41.21241066620301,41.21241066620301,41.21241066620301,9.443911267418065e-07,23.96218587751808
3737,8836.272727272728,3225.636363636364,11,41.2120224832498,41.2120224832498,41.2120224832498,9.443822314471453e-07,23.962196104201368
2009,8701.42857142857,3016.285714285714,14,41.208586861637464,41.208586861637464,41.208586861637464,9.443035034496057e-07,23.962286619881908
1665,9026.538461538461,2966.923076923077,13,41.158191458153446,41.158191458153446,41.158191458153446,9.431486820958064e-07,23.96361521672786
9611,8461.846153846154,3177.076923076923,13,41.11584054870167,41.11584054870167,41.11584054870167,9.42178202028051e-07,23.96473299152596
10249,9263.833333333334,3370.166666666667,12,41.101023281639954,41.101023281639954,41.101023281639954,9.418386612123247e-07,23.965124338087456
5440,9057.1,3399.7,10,41.09945361355035,41.09945361355035,41.09945361355035,9.418026919353087e-07,23.96516580367352
5089,8463.357142857143,3363.0,14,41.09445916867853,41.09445916867853,41.09445916867853,9.416882431723341e-07,23.965297751391866
10721,8655.23076923077,3684.3076923076924,13,41.071469687260986,41.071469687260986,41.071469687260986,9.411614343322744e-07,23.96590531497211
10176,8902.666666666666,3354.1111111111113,9,41.06256124996199,41.06256124996199,41.06256124996199,9.409572956031316e-07,23.966140837637468
4345,9287.333333333334,3286.1111111111113,9,41.01292134098874,41.01292134098874,41.01292134098874,9.398197865661984e-07,23.967454161695837
9667,8466.692307692309,3194.153846153846,13,41.00521119472456,41.00521119472456,41.00521119472456,9.396431069301356e-07,23.967658291799975
9840,8988.416666666666,3254.25,12,40.99386188328539,40.99386188328539,40.99386188328539,9.393830350526474e-07,23.96795884052436
4133,8694.272727272728,3266.4545454545455,11,40.94045969647365,40.94045969647365,40.94045969647365,9.381593126215067e-07,23.969374137428684
4350,8746.142857142857,3286.857142857143,7,40.93958306602988,40.93958306602988,40.93958306602988,9.38139224449057e-07,23.969397385814467
6969,8346.636363636364,3574.363636363636,11,40.90765708175998,40.90765708175998,40.90765708175998,9.374076337517499e-07,23.970244407624605
4925,8551.384615384615,3346.846153846154,13,40.894627152333136,40.894627152333136,40.894627152333136,9.371090501568117e-07,23.970590292006104
6675,8877.92857142857,3538.4285714285716,14,40.88727149185282,40.88727149185282,40.88727149185282,9.369404936376312e-07,23.970785599453045
10728,9190.307692307691,3692.3076923076924,13,40.87419147588123,40.87419147588123,40.87419147588123,9.366407622989027e-07,23.9711329867552
5256,8819.666666666666,3379.222222222222,9,40.858534763290606,40.858534763290606,40.858534763290606,9.362819854109334e-07,23.971548953790617
10384,8788.2,3439.7,10,40.842745786131786,40.842745786131786,40.842745786131786,9.359201776523461e-07,23.97196859627934
5747,8606.25,3431.75,12,40.83709304886946,40.83709304886946,40.83709304886946,9.357906439796964e-07,23.972118875261252
5694,9109.5,3424.25,12,40.834636449237244,40.834636449237244,40.834636449237244,9.35734350478367e-07,23.972184190865033
8110,8610.461538461539,3762.153846153846,13,40.828069935855396,40.828069935855396,40.828069935855396,9.355838774322334e-07,23.97235879936501
9605,8766.692307692309,3176.153846153846,13,40.80760814294014,40.80760814294014,40.80760814294014,9.351149911100304e-07,23.972903073887387
6888,8744.538461538461,3563.7692307692305,13,40.80622570992995,40.80622570992995,40.80622570992995,9.350833123645497e-07,23.972939855827388
2701,8856.76923076923,3111.3076923076924,13,40.80543067887554,40.80543067887554,40.80543067887554,9.35065094059405e-07,23.972961009521306
7385,9121.545454545454,3635.272727272727,11,40.789305886822966,40.789305886822966,40.789305886822966,9.346955910313403e-07,23.973390136974633
3791,8951.416666666666,3230.0,12,40.781973074822105,40.781973074822105,40.781973074822105,9.345275580899099e-07,23.9735853404726
2163,9045.5,3041.166666666667,12,40.77420606548567,40.77420606548567,40.77420606548567,9.343495754244925e-07,23.9737921408243
9849,8902.0,3257.333333333333,12,40.76631663167305,40.76631663167305,40.76631663167305,9.341687873762513e-07,23.974002241119685
5725,8991.0,3427.583333333333,12,40.734996866238646,40.734996866238646,40.734996866238646,9.334510883120677e-07,23.974836706319593
6728,8897.92857142857,3544.357142857143,14,40.72544154314793,40.72544154314793,40.72544154314793,9.33232126057879e-07,23.97509142039867
8422,8808.07142857143,3831.0714285714284,14,40.717140275708964,40.717140275708964,40.717140275708964,9.330419007547885e-07,23.97531275391816
5827,8536.909090909092,3439.181818181818,11,40.71484427461375,40.71484427461375,40.71484427461375,9.329892874029788e-07,23.975373979283834
10548,8765.545454545454,3492.727272727273,11,40.703233723655,40.703233723655,40.703233723655,9.327232291665209e-07,23.975683640133816
6176,8944.727272727272,3475.909090909091,11,40.69250854223404,40.69250854223404,40.69250854223404,9.324774593607046e-07,23.975969766103425
7236,9077.0,3612.5,12,40.688778759653346,40.688778759653346,40.688778759653346,9.323919906022179e-07,23.976069286770173
8209,8537.76923076923,3784.076923076923,13,40.68873860355504,40.68873860355504,40.68873860355504,9.323910704167128e-07,23.9760703582929
3843,8977.666666666666,3235.333333333333,12,40.68380938672216,40.68380938672216,40.68380938672216,9.322781163680778e-07,23.976201897228705
5250,9070.0,3381.166666666667,12,40.68196392574781,40.68196392574781,40.68196392574781,9.322358272386443e-07,23.97625114849771
10150,8676.1,3344.2,10,40.67706374685774,40.67706374685774,40.67706374685774,9.321235386006244e-07,23.976381934270094
10481,8871.2,3460.5,10,40.65794072941918,40.65794072941918,40.65794072941918,9.316853306022674e-07,23.976892478356085
9711,8923.5,3221.4,10,40.65156522449087,40.65156522449087,40.65156522449087,9.315392345553372e-07,23.977062744217555
3192,9046.916666666666,3168.333333333333,12,40.650663896193855,40.650663896193855,40.650663896193855,9.315185804263449e-07,23.97708681747545
4062,8405.833333333334,3258.333333333333,12,40.642489377519155,40.642489377519155,40.642489377519155,9.313312595980561e-07,23.977305172172102
5804,8506.75,3436.083333333333,12,40.631173571386476,40.631173571386476,40.631173571386476,9.310719555017685e-07,23.977607508255844
9439,8879.636363636364,3053.727272727273,11,40.622660215261014,40.622660215261014,40.622660215261014,9.308768701414677e-07,23.977835023895967
1846,9357.0,2992.583333333333,12,40.60022439767369,40.60022439767369,40.60022439767369,9.303627486254449e-07,23.97843483958027
7673,9100.133333333333,3680.333333333333,15,40.59603460479914,40.59603460479914,40.59603460479914,9.302667386335601e-07,23.978546889319365
4452,8625.416666666666,3299.5,12,40.575058056469686,40.575058056469686,40.575058056469686,9.297860565819215e-07,23.979108049647074
9804,8861.461538461539,3254.6153846153848,13,40.54984530026235,40.54984530026235,40.54984530026235,9.292083009287575e-07,23.9797829201735
4125,8540.636363636364,3264.5454545454545,11,40.5394326698448,40.5394326698448,40.5394326698448,9.289696932954399e-07,23.980061757775122
10591,8809.4,3532.1,10,40.514472396806696,40.514472396806696,40.514472396806696,9.28397723347621e-07,23.980730455303082
1893,8469.166666666666,3001.166666666667,12,40.48696570814661,40.48696570814661,40.48696570814661,9.27767401746028e-07,23.98146784983824
10337,8708.9,3399.9,10,40.48397294341595,40.48397294341595,40.48397294341595,9.276988219078099e-07,23.981548109572806
3409,8521.666666666666,3193.333333333333,12,40.471819660951724,40.471819660951724,40.471819660951724,9.274203268638543e-07,23.981874096347873
1080,8930.25,2855.75,12,40.46990729510587,40.46990729510587,40.46990729510587,9.273765045951077e-07,23.98192540053705
4247,8447.714285714286,3276.857142857143,14,40.46183355961496,40.46183355961496,40.46183355961496,9.271914932348397e-07,23.982142026223503
2840,8900.692307692309,3128.923076923077,13,40.458000841544376,40.458000841544376,40.458000841544376,9.271036656877817e-07,23.98224487667558
10144,8963.9,3340.8,10,40.450710227678215,40.450710227678215,40.450710227678215,9.269365997255532e-07,23.982440546173862
9809,9037.636363636364,3251.909090909091,11,40.43223803336575,40.43223803336575,40.43223803336575,9.26513305477094e-07,23.982936470986846
5021,8748.375,3354.25,8,40.42782453981502,40.42782453981502,40.42782453981502,9.26412169336794e-07,23.983054994015145
5823,8651.363636363636,3437.727272727273,11,40.423973481190316,40.423973481190316,40.423973481190316,9.263239215120504e-07,23.98315842359571
5632,9000.909090909092,3418.909090909091,11,40.418917245350556,40.418917245350556,40.418917245350556,9.262080567959468e-07,23.983294236114755
6682,8744.2,3537.3,10,40.41754503997436,40.41754503997436,40.41754503997436,9.261766124188671e-07,23.98333109703161
4731,9167.727272727272,3326.636363636364,11,40.416000894379934,40.416000894379934,40.416000894379934,9.261412279952385e-07,23.98337257819535
5949,8682.75,3452.333333333333,12,40.411848975869816,40.411848975869816,40.411848975869816,9.260460859024435e-07,23.983484121141423
10445,8773.0,3440.818181818182,11,40.40497497405951,40.40497497405951,40.40497497405951,9.258885666937896e-07,23.98366881913598
6815,8993.307692307691,3553.846153846154,13,40.3940962319035,40.3940962319035,40.3940962319035,9.256392780111774e-07,23.983961184979204
2211,8937.857142857143,3048.0,14,40.36416714348094,40.36416714348094,40.36416714348094,9.2495344660552e-07,23.984765934734963
7711,8795.083333333334,3688.166666666667,12,40.35883546211717,40.35883546211717,40.35883546211717,9.248312699968439e-07,23.98490935852522
3376,9411.5,3189.642857142857,14,40.352155598883755,40.352155598883755,40.352155598883755,9.246781995148335e-07,23.985089075544586
1359,8947.0,2913.642857142857,14,40.332847123956,40.332847123956,40.332847123956,9.242357417187978e-07,23.98560872380586
6092,8776.666666666666,3467.5,12,40.32771839060227,40.32771839060227,40.32771839060227,9.241182157067934e-07,23.985746795029605
2606,9157.8,3102.5,10,40.315692776060175,40.315692776060175,40.315692776060175,9.238426462003368e-07,23.98607060685752
4238,8602.727272727272,3274.727272727273,11,40.31442207456415,40.31442207456415,40.31442207456415,9.238135278061884e-07,23.986104828478624
4993,9136.5,3351.5,10,40.30388610288721,40.30388610288721,40.30388610288721,9.235720937817657e-07,23.9863886172662
7854,8404.307692307691,3712.846153846154,13,40.294427367210105,40.294427367210105,40.294427367210105,9.233553448486346e-07,23.986643453661177
3074,9391.0,3155.0,11,40.2805223122065,40.2805223122065,40.2805223122065,9.230367075655934e-07,23.987018191017057
2139,8697.583333333334,3037.583333333333,12,40.27874700454613,40.27874700454613,40.27874700454613,9.229960260142212e-07,23.98706604437566
7310,8818.42857142857,3626.0,14,40.27855525990688,40.27855525990688,40.27855525990688,9.229916321451661e-07,23.987071212972197
8790,8675.545454545454,3938.818181818182,11,40.27840998628144,40.27840998628144,40.27840998628144,9.229883031692437e-07,23.98707512892991
903,8715.846153846154,2808.5384615384614,13,40.27481872278292,40.27481872278292,40.27481872278292,9.229060086048886e-07,23.98717193857656
5702,9214.8,3425.2666666666664,15,40.25990392704006,40.25990392704006,40.25990392704006,9.225642328987595e-07,23.98757408893797
1808,9186.384615384615,2985.923076923077,13,40.252022174767255,40.252022174767255,40.252022174767255,9.223836208746316e-07,23.987786666235298
6634,8688.5,3530.916666666667,12,40.249177300212885,40.249177300212885,40.249177300212885,9.223184299711535e-07,23.9878634050497
5238,9218.461538461539,3377.6153846153848,13,40.24020078334232,40.24020078334232,40.24020078334232,9.221127311841966e-07,23.988105576864953
10017,8974.636363636364,3306.090909090909,11,40.20305457857343,40.20305457857343,40.20305457857343,9.212615180275577e-07,23.989108295665233
10491,8642.857142857143,3463.5714285714284,14,40.18519524952396,40.18519524952396,40.18519524952396,9.20852267716517e-07,23.989590717424683
7088,8513.25,3591.583333333333,12,40.17699502776383,40.17699502776383,40.17699502776383,9.20664357896577e-07,23.9898122961958
1239,8812.727272727272,2887.0,11,40.175863419285236,40.175863419285236,40.175863419285236,9.206384268484084e-07,23.9898428770194
4316,9208.692307692309,3284.5384615384614,13,40.17584145276089,40.17584145276089,40.17584145276089,9.206379234808466e-07,23.98984347065586
5477,9014.083333333334,3404.416666666667,12,40.174846925516306,40.174846925516306,40.174846925516306,9.206151336782141e-07,23.98987034769345
366,9082.307692307691,2609.6923076923076,13,40.165746429330675,40.165746429330675,40.165746429330675,9.204065938789709e-07,23.99011631894708
4254,8992.416666666666,3276.166666666667,12,40.162811955023,40.162811955023,40.162811955023,9.203393497781522e-07,23.990195644782453
5658,8892.8,3420.5,10,40.15745589134902,40.15745589134902,40.15745589134902,9.20216614443669e-07,23.990340446895555
5376,8727.444444444445,3393.333333333333,9,40.145480405620276,40.145480405620276,40.145480405620276,9.199421936495969e-07,23.990664276113293
7250,8957.583333333334,3615.5,12,40.132294975242466,40.132294975242466,40.132294975242466,9.196400467174038e-07,23.991020935205984
4401,9594.642857142857,3293.4285714285716,14,40.111335780167686,40.111335780167686,40.111335780167686,9.191597623192745e-07,23.991588111870815
9419,8756.916666666666,3043.666666666667,12,40.101827940541185,40.101827940541185,40.101827940541185,9.18941888158734e-07,23.991845501189
2834,9087.363636363636,3127.4545454545455,11,40.0811550840161,40.0811550840161,40.0811550840161,9.184681652691699e-07,23.992405352380256
2591,8771.363636363636,3098.909090909091,11,40.04064319628899,40.04064319628899,40.04064319628899,9.175398267740763e-07,23.993503311435617
8710,9151.285714285714,3911.214285714286,14,40.03211438496956,40.03211438496956,40.03211438496956,9.173443872547294e-07,23.993734602065487
7981,9001.083333333334,3735.75,12,40.02788867002189,40.02788867002189,40.02788867002189,9.172475541009243e-07,23.99384921639321
1597,8733.285714285714,2955.214285714286,14,40.02656905045471,40.02656905045471,40.02656905045471,9.172173147388057e-07,23.993885010995577
8273,8360.461538461539,3797.4615384615386,13,40.02543449298321,40.02543449298321,40.02543449298321,9.171913161138395e-07,23.993915786743052
9906,8888.3,3275.0,10,40.01660966585541,40.01660966585541,40.01660966585541,9.169890933294937e-07,23.99415519677944
4290,9300.846153846154,3280.4615384615386,13,39.9952623279997,39.9952623279997,39.9952623279997,9.164999145572596e-07,23.99473455025681
3206,8693.75,3170.333333333333,12,39.97582772130367,39.97582772130367,39.97582772130367,9.160545664250163e-07,23.99526226237171
2052,9321.416666666666,3024.0,12,39.96487470191006,39.96487470191006,39.96487470191006,9.15803575663759e-07,23.99555978514599
8177,8847.923076923076,3776.6153846153848,13,39.96040896270037,39.96040896270037,39.96040896270037,9.157012423031087e-07,23.995681113830077
253,9454.181818181818,2542.818181818182,11,39.95752006962208,39.95752006962208,39.95752006962208,9.156350427058237e-07,23.99575960875221
406,9125.23076923077,2623.2307692307695,13,39.93321245413705,39.93321245413705,39.93321245413705,9.150780285441857e-07,23.99642030263156
9348,9029.538461538461,2715.7692307692305,13,39.92251378485475,39.92251378485475,39.92251378485475,9.14832866269647e-07,23.996711225604756
5885,9024.727272727272,3444.272727272727,11,39.90874792181573,39.90874792181573,39.90874792181573,9.145174185999806e-07,23.997085667789932
6489,8904.1,3510.6,10,39.88961165103419,39.88961165103419,39.88961165103419,9.140789068984596e-07,23.99760640386824
958,8761.461538461539,2825.2307692307695,13,39.8276231153926,39.8276231153926,39.8276231153926,9.126584264637239e-07,23.999294952428375
4048,9108.545454545454,3256.090909090909,11,39.80918092523337,39.80918092523337,39.80918092523337,9.122358197667964e-07,23.999797819266142
9447,9204.818181818182,3060.363636363636,11,39.72561315770244,39.72561315770244,39.72561315770244,9.103208466588886e-07,24.002079401438937
3328,8802.23076923077,3184.076923076923,13,39.71959657758501,39.71959657758501,39.71959657758501,9.101829754500856e-07,24.00224385235792
4113,8663.727272727272,3262.727272727273,11,39.71015025119203,39.71015025119203,39.71015025119203,9.099665108783311e-07,24.00250209864535
4110,8471.545454545454,3265.5454545454545,11,39.702371458362016,39.702371458362016,39.702371458362016,9.097882581916603e-07,24.002714803565187
9037,8636.363636363636,4045.909090909091,11,39.69858688105468,39.69858688105468,39.69858688105468,9.097015338003971e-07,24.002818304900465
4443,8864.777777777777,3298.777777777778,9,39.69718236411117,39.69718236411117,39.69718236411117,9.09669348996903e-07,24.00285671840563
5309,8906.9,3384.8,10,39.686545423057325,39.686545423057325,39.686545423057325,9.094256012378046e-07,24.003147682622128
10432,8706.1,3435.2,10,39.6849168728573,39.6849168728573,39.6849168728573,9.093882826647464e-07,24.003192237071865
8503,8628.833333333334,3850.166666666667,12,39.669991657354075,39.669991657354075,39.669991657354075,9.090462681875996e-07,24.003600651556283
3532,9148.5,3203.5,12,39.66854940716233,39.66854940716233,39.66854940716233,9.090132187187234e-07,24.00364012551758
8071,8749.416666666666,3756.416666666667,12,39.65481777564135,39.65481777564135,39.65481777564135,9.086985554715493e-07,24.00401602810899
4297,8970.666666666666,3281.416666666667,12,39.651824668063995,39.651824668063995,39.651824668063995,9.086299677769266e-07,24.004097981528346
10332,8965.666666666666,3405.333333333333,9,39.61887339961169,39.61887339961169,39.61887339961169,9.07874882475237e-07,24.005000619907577
5489,8976.615384615385,3404.4615384615386,13,39.60438538962123,39.60438538962123,39.60438538962123,9.075428866550955e-07,24.00539772947861
2124,8917.333333333334,3036.666666666667,12,39.60292044685755,39.60292044685755,39.60292044685755,9.075093171811231e-07,24.00543789096068
9578,8723.909090909092,3157.4545454545455,11,39.601308241861005,39.601308241861005,39.601308241861005,9.074723731618673e-07,24.00548209136168
3281,9392.461538461539,3179.3076923076924,13,39.59371444693335,39.59371444693335,39.59371444693335,9.072983597413454e-07,24.005690307934636
5178,9055.5,3371.0,10,39.59227173062545,39.59227173062545,39.59227173062545,9.072652995913188e-07,24.0057298707261
9951,8845.875,3299.5,8,39.58172203762055,39.58172203762055,39.58172203762055,9.070235511397572e-07,24.006019212798336
2457,9190.0,3081.6923076923076,13,39.57381258588219,39.57381258588219,39.57381258588219,9.068423043765042e-07,24.006236192651524
5282,9017.090909090908,3382.727272727273,11,39.565212549624405,39.565212549624405,39.565212549624405,9.066452327225966e-07,24.00647216651519
9423,8782.857142857143,3043.785714285714,14,39.54112976858212,39.54112976858212,39.54112976858212,9.060933706898751e-07,24.007133239883785
5153,8310.2,3369.4,10,39.52944230870973,39.52944230870973,39.52944230870973,9.058255500693579e-07,24.0074542062834
196,9462.0,2498.285714285714,7,39.516737777274486,39.516737777274486,39.516737777274486,9.05534423038376e-07,24.00780321163312
2589,8458.785714285714,3100.357142857143,14,39.50870768406572,39.50870768406572,39.50870768406572,9.053504117502548e-07,24.00802386367509
5375,8655.75,3393.125,8,39.49980816931807,39.49980816931807,39.49980816931807,9.051464774832676e-07,24.008268458205254
3895,8852.4,3240.3,10,39.499759251153506,39.499759251153506,39.499759251153506,9.051453565131568e-07,24.008269802825843
1622,9032.272727272728,2959.0,11,39.49509495168514,39.49509495168514,39.49509495168514,9.050384731020875e-07,24.00839801874217
3743,8826.909090909092,3226.090909090909,11,39.49159585651623,39.49159585651623,39.49159585651623,9.049582905945436e-07,24.008494214551174
3894,8715.25,3240.75,12,39.461573586875986,39.461573586875986,39.461573586875986,9.042703239215301e-07,24.009319925967148
8074,8894.833333333334,3755.166666666667,12,39.45745340879698,39.45745340879698,39.45745340879698,9.041759091674424e-07,24.009433293470146
913,8997.083333333334,2810.9166666666665,12,39.44919280871719,39.44919280871719,39.44919280871719,9.039866157655082e-07,24.009660621155255
5221,9133.23076923077,3375.2307692307695,13,39.4203587628723,39.4203587628723,39.4203587628723,9.033258774926482e-07,24.010454493271286
3105,8946.727272727272,3158.636363636364,11,39.391534754547564,39.391534754547564,39.391534754547564,9.026653692316905e-07,24.01124866961709
1633,8747.909090909092,2961.4545454545455,11,39.366970163040435,39.366970163040435,39.366970163040435,9.021024664100316e-07,24.011925946750452
1649,9161.0,2964.5384615384614,13,39.363228143138144,39.363228143138144,39.363228143138144,9.020167172307265e-07,24.01202915610537
1721,8691.846153846154,2975.6923076923076,13,39.35043124520817,39.35043124520817,39.35043124520817,9.017234736019377e-07,24.012382183918373
6983,8531.76923076923,3575.6153846153848,13,39.32132416034284,39.32132416034284,39.32132416034284,9.010564785820449e-07,24.013185588320173
4537,8525.0,3307.833333333333,12,39.30077484070211,39.30077484070211,39.30077484070211,9.005855865663735e-07,24.013753142254973
7934,9078.846153846154,3729.846153846154,13,39.295928520539164,39.295928520539164,39.295928520539164,9.004745321125025e-07,24.01388703655442
10312,8759.5,3396.2,10,39.26512523616802,39.26512523616802,39.26512523616802,8.997686683213686e-07,24.014738456976666
6428,8989.3,3505.5,10,39.26449058506151,39.26449058506151,39.26449058506151,8.997541251567278e-07,24.014756006118517
6560,8687.909090909092,3520.636363636364,11,39.25886605765467,39.25886605765467,39.25886605765467,8.996252379188966e-07,24.01491154590469
3910,9155.75,3242.833333333333,12,39.24736306477935,39.24736306477935,39.24736306477935,8.99361644398721e-07,24.015229717241073
3744,8880.363636363636,3225.5454545454545,11,39.239668028751026,39.239668028751026,39.239668028751026,8.99185311016916e-07,24.01544261303094
5169,9206.384615384615,3370.6923076923076,13,39.227919259158966,39.227919259158966,39.227919259158966,8.989160854711758e-07,24.01576774255368
286,8631.8,2568.0,10,39.22553376546848,39.22553376546848,39.22553376546848,8.988614213775744e-07,24.015833769395513
2791,9144.666666666666,3122.833333333333,12,39.22451836704388,39.22451836704388,39.22451836704388,8.988381533074276e-07,24.01586187529989
7379,9095.538461538461,3635.153846153846,13,39.20451970978004,39.20451970978004,39.20451970978004,8.983798798368536e-07,24.016415580081713
3226,8756.0,3170.916666666667,12,39.199348655907215,39.199348655907215,39.199348655907215,8.98261384041183e-07,24.016558797515536
10341,8371.538461538461,3405.153846153846,13,39.19494926384438,39.19494926384438,39.19494926384438,8.981605710394672e-07,24.01668065788991
7215,9364.714285714286,3609.714285714286,14,39.181500218401844,39.181500218401844,39.181500218401844,8.978523833121841e-07,24.01705327277094
7354,8811.0,3631.0,12,39.16710055987157,39.16710055987157,39.16710055987157,8.975224120844818e-07,24.017452366835755
3159,8299.2,3164.9,10,39.16697770785992,39.16697770785992,39.16697770785992,8.975195969045922e-07,24.017455772374696
8240,8873.461538461539,3789.846153846154,13,39.15671714926313,39.15671714926313,39.15671714926313,8.972844740292839e-07,24.01774023954733
9508,8953.333333333334,3112.416666666667,12,39.147378772370466,39.147378772370466,39.147378772370466,8.970704831432124e-07,24.017999204645257
1172,9329.5,2872.8,10,39.1332305035246,39.1332305035246,39.1332305035246,8.967462725634186e-07,24.018391671899405
3150,8795.461538461539,3165.3846153846152,13,39.12534193371248,39.12534193371248,39.12534193371248,8.965655043139319e-07,24.018610559252217
10056,8673.3,3313.1,10,39.12343494534886,39.12343494534886,39.12343494534886,8.965218052713308e-07,24.018663479857278
7134,8781.181818181818,3597.0,11,39.1112693636677,39.1112693636677,39.1112693636677,8.962430283882119e-07,24.0190011461834
7243,8947.3,3613.8,10,39.1106666393524,39.1106666393524,39.1106666393524,8.962292168327596e-07,24.019017878052846
5378,9281.076923076924,3394.153846153846,13,39.10688151218122,39.10688151218122,39.10688151218122,8.961424798412497e-07,24.01912296060043
10576,8757.2,3512.3,10,39.09258092069199,39.09258092069199,39.09258092069199,8.958147787557933e-07,24.019520064867372
3766,8549.636363636364,3227.4545454545455,11,39.0920055284362,39.0920055284362,39.0920055284362,8.958015935202786e-07,24.019536045618374
4351,8813.222222222223,3287.1111111111113,9,39.08509483949979,39.08509483949979,39.08509483949979,8.956432336183531e-07,24.019727999148554
1367,8995.2,2913.0,10,39.083433895030424,39.083433895030424,39.083433895030424,8.956051727237458e-07,24.019774139137983
9585,8712.416666666666,3158.5,12,39.06407973860068,39.06407973860068,39.06407973860068,8.951616681264082e-07,24.020311929985088
2109,9036.076923076924,3033.3846153846152,13,39.061507606081015,39.061507606081015,39.061507606081015,8.95102727164472e-07,24.02038342147708
3006,8808.272727272728,3147.4545454545455,11,39.0465197234568,39.0465197234568,39.0465197234568,8.947592766569635e-07,24.020800097907244
3972,8836.909090909092,3249.4545454545455,11,39.03035771513075,39.03035771513075,39.03035771513075,8.943889208101028e-07,24.021249595336126
3013,8394.083333333334,3149.166666666667,12,39.02640830376369,39.02640830376369,39.02640830376369,8.94298419211419e-07,24.02135946457953
4897,9226.307692307691,3343.0,13,39.024763447195575,39.024763447195575,39.024763447195575,8.942607269744793e-07,24.02140522636088
5733,8594.76923076923,3428.6923076923076,13,39.023853676969125,39.023853676969125,39.023853676969125,8.942398793968845e-07,24.021430538032224
5415,8999.5,3398.5,12,39.02369537027086,39.02369537027086,39.02369537027086,8.942362517653354e-07,24.02143494250913
6229,8592.416666666666,3484.833333333333,12,39.02039461193846,39.02039461193846,39.02039461193846,8.941606141884441e-07,24.02152678169459
9725,8525.833333333334,3223.25,12,39.01483619442277,39.01483619442277,39.01483619442277,8.940332418727828e-07,24.021681454784826
7073,8608.3,3589.6,10,39.012854452660896,39.012854452660896,39.012854452660896,8.939878298402142e-07,24.021736605687334
8161,8932.42857142857,3773.5,14,39.00164430000298,39.00164430000298,39.00164430000298,8.937309468156974e-07,24.02204863149997
6809,7546.636363636364,3554.090909090909,11,38.95986101380293,38.95986101380293,38.95986101380293,8.927734739550817e-07,24.023212427164047
5539,8716.7,3408.9,10,38.95823975717768,38.95823975717768,38.95823975717768,8.927363225158354e-07,24.023257609400225
1476,8981.23076923077,2933.6923076923076,13,38.91392568612875,38.91392568612875,38.91392568612875,8.917208561839244e-07,24.024493311431563
8357,8727.384615384615,3818.846153846154,13,38.91043517997154,38.91043517997154,38.91043517997154,8.916408704954046e-07,24.024590704301048
5986,8586.0,3455.4444444444443,9,38.90533678272897,38.90533678272897,38.90533678272897,8.915240396418181e-07,24.02473297660243
10613,8969.153846153846,3544.2307692307695,13,38.90453309298558,38.90453309298558,38.90453309298558,8.915056229209798e-07,24.024755405506454
3378,8802.5,3188.875,8,38.89990470139989,38.89990470139989,38.89990470139989,8.913995623466539e-07,24.024884580974145
10369,8910.1,3412.5,10,38.88306278664662,38.88306278664662,38.88306278664662,8.910136262998849e-07,24.025354757864573
5603,8717.142857142857,3416.0,14,38.87559151906318,38.87559151906318,38.87559151906318,8.908424206194295e-07,24.025563398968465
10754,8721.818181818182,3752.181818181818,11,38.87316328951272,38.87316328951272,38.87316328951272,8.907867772245376e-07,24.025631217848492
9458,8866.25,3075.666666666667,12,38.86834220495928,38.86834220495928,38.86834220495928,8.906763010500083e-07,24.0257658801764
2909,8829.9,3135.8,10,38.85111679391913,38.85111679391913,38.85111679391913,8.902815771045309e-07,24.026247156113094
10652,8759.0,3580.363636363636,11,38.84525091043251,38.84525091043251,38.84525091043251,8.90147159140968e-07,24.026411096906585
6740,8918.7,3544.1,10,38.843014787555944,38.843014787555944,38.843014787555944,8.900959179112318e-07,24.02647359899861
6529,8445.0,3516.818181818182,11,38.811966004499794,38.811966004499794,38.811966004499794,8.893844284656894e-07,24.027341818637073
6314,8823.916666666666,3493.25,12,38.799995537957685,38.799995537957685,38.799995537957685,8.89110122687343e-07,24.02767673528542
9347,8621.916666666666,2704.25,12,38.79935741806463,38.79935741806463,38.79935741806463,8.89095500034723e-07,24.027694591874283
4127,8957.583333333334,3265.083333333333,12,38.79866472498961,38.79866472498961,38.79866472498961,8.890796268260698e-07,24.027713975923763
10180,9423.416666666666,3352.916666666667,12,38.78355119763089,38.78355119763089,38.78355119763089,8.887332971428357e-07,24.028136993076533
3896,9012.727272727272,3240.181818181818,11,38.77157688938564,38.77157688938564,38.77157688938564,8.884589033310474e-07,24.02847226272053
5942,8533.888888888889,3450.333333333333,9,38.76624392942965,38.76624392942965,38.76624392942965,8.883366974231596e-07,24.02862161403453
4865,9042.272727272728,3341.727272727273,11,38.75611917661535,38.75611917661535,38.75611917661535,8.881046865661456e-07,24.028905217637842
10761,8777.2,3775.0,10,38.740490155421384,38.740490155421384,38.740490155421384,8.877465442324008e-07,24.02934314632999
4747,8745.333333333334,3328.666666666667,9,38.72100688227488,38.72100688227488,38.72100688227488,8.873000808981281e-07,24.029889319494657
6813,8824.5,3553.9285714285716,14,38.711590808984425,38.711590808984425,38.711590808984425,8.870843095826311e-07,24.03015337809616
2562,8336.23076923077,3097.5384615384614,13,38.67844418266478,38.67844418266478,38.67844418266478,8.863247476139988e-07,24.03108343309524
7355,8837.0,3631.5,12,38.67444836559289,38.67444836559289,38.67444836559289,8.862331826187516e-07,24.03119560480915
1285,9174.76923076923,2898.3846153846152,13,38.672637768585666,38.672637768585666,38.672637768585666,8.861916924045155e-07,24.031246436219135
6277,8382.384615384615,3488.076923076923,13,38.65112782094168,38.65112782094168,38.65112782094168,8.856987873945129e-07,24.031850497062365
1403,8926.076923076924,2922.0,13,38.63212419718791,38.63212419718791,38.63212419718791,8.852633153277522e-07,24.03238445292494
1401,9114.454545454546,2921.6363636363635,11,38.61794234612479,38.61794234612479,38.61794234612479,8.849383352043311e-07,24.0327830998132
9138,8767.0,4100.0,12,38.615635154664815,38.615635154664815,38.615635154664815,8.848854654229406e-07,24.032847968006056
3600,8849.454545454546,3210.5454545454545,11,38.61536311452144,38.61536311452144,38.61536311452144,8.848792315653874e-07,24.03285561684757
5690,8710.1,3425.5,10,38.604785430080355,38.604785430080355,38.604785430080355,8.846368416841318e-07,24.03315306706616
5017,8404.363636363636,3354.4545454545455,11,38.60187113138308,38.60187113138308,38.60187113138308,8.845700599117022e-07,24.033235033045504
1697,8680.3,2971.9,10,38.5960924405324,38.5960924405324,38.5960924405324,8.844376399858754e-07,24.03339757966187
1010,9056.916666666666,2839.9166666666665,12,38.58906686966857,38.58906686966857,38.58906686966857,8.842766475402299e-07,24.03359523207939
4496,8765.454545454546,3303.272727272727,11,38.58305740131266,38.58305740131266,38.58305740131266,8.841389392989497e-07,24.033764326747704
9616,9049.583333333334,3178.416666666667,12,38.58072655849103,38.58072655849103,38.58072655849103,8.840855275415933e-07,24.033829919187838
3612,9029.727272727272,3211.272727272727,11,38.57970008808194,38.57970008808194,38.57970008808194,8.84062005754575e-07,24.033858806433145
9384,9083.307692307691,2990.076923076923,13,38.57796059386273,38.57796059386273,38.57796059386273,8.840221448757986e-07,24.033907761568262
10297,8328.416666666666,3387.666666666667,12,38.541131757365385,38.541131757365385,38.541131757365385,8.83178204280379e-07,24.034944765583354
10125,9126.0,3327.5454545454545,11,38.54069559211915,38.54069559211915,38.54069559211915,8.831682094613019e-07,24.034957052795924
3234,8779.090909090908,3172.181818181818,11,38.540618064753744,38.540618064753744,38.540618064753744,8.831664329052892e-07,24.03495923683414
4704,8664.083333333334,3324.833333333333,12,38.450843653804824,38.450843653804824,38.450843653804824,8.811092332477559e-07,24.037491241558495
9405,8859.5,3025.5,8,38.44315719365527,38.44315719365527,38.44315719365527,8.809330963840309e-07,24.03770830577694
4973,9329.0,3350.6153846153848,13,38.431004103956674,38.431004103956674,38.431004103956674,8.806546057573406e-07,24.038051595365346
5320,8590.166666666666,3386.833333333333,12,38.42742528735471,38.42742528735471,38.42742528735471,8.805725964162587e-07,24.038152707261293
5589,8449.666666666666,3414.916666666667,12,38.42640562514667,38.42640562514667,38.42640562514667,8.805492306406105e-07,24.038181517384686
10651,8754.875,3579.875,8,38.417265517167266,38.417265517167266,38.417265517167266,8.803397831287159e-07,24.038439801405946
4147,8359.416666666666,3266.25,12,38.410464776530354,38.410464776530354,38.410464776530354,8.801839427153806e-07,24.038632018729555
8322,8992.916666666666,3806.666666666667,12,38.39262026355092,38.39262026355092,38.39262026355092,8.797750319177253e-07,24.0391365410189
4671,8874.5,3319.2,10,38.39220486805095,38.39220486805095,38.39220486805095,8.79765513041787e-07,24.039148288390415
10380,8801.3,3429.6,10,38.38985404490899,38.38985404490899,38.38985404490899,8.797116434311545e-07,24.039214771989137
7606,8683.923076923076,3669.076923076923,13,38.385143016634515,38.385143016634515,38.385143016634515,8.796036892195876e-07,24.039348016773545
10710,8810.272727272728,3651.181818181818,11,38.38443008875009,38.38443008875009,38.38443008875009,8.795873523259876e-07,24.039368182356966
4657,8723.181818181818,3318.181818181818,11,38.370919063652565,38.370919063652565,38.370919063652565,8.792777443217717e-07,24.039750420453085
2629,8705.4,3104.1,10,38.365963707756706,38.365963707756706,38.365963707756706,8.791641912909674e-07,24.039890645312806
6194,9025.461538461539,3481.6923076923076,13,38.358994889627496,38.358994889627496,38.358994889627496,8.790044993462663e-07,24.040087877043035
2494,8447.166666666666,3088.833333333333,12,38.34984270171492,38.34984270171492,38.34984270171492,8.787947750201424e-07,24.040346957016837
2225,8855.846153846154,3050.6923076923076,13,38.341247742458215,38.341247742458215,38.341247742458215,8.785978197067908e-07,24.04059031927517
8236,8664.083333333334,3790.5,12,38.33727644376809,38.33727644376809,38.33727644376809,8.785068165554592e-07,24.04070278317083
5843,8877.5,3441.4,10,38.3366621205397,38.3366621205397,38.3366621205397,8.784927392084547e-07,24.04072018133722
3708,8971.333333333334,3223.083333333333,12,38.33244429283589,38.33244429283589,38.33244429283589,8.783960867925145e-07,24.040839641403014
1188,8629.76923076923,2878.4615384615386,13,38.32114503327399,38.32114503327399,38.32114503327399,8.78137161864404e-07,24.04115973118328
7453,8617.818181818182,3646.090909090909,11,38.31599255073158,38.31599255073158,38.31599255073158,8.780190916347065e-07,24.04130572402763
3133,8457.916666666666,3163.916666666667,12,38.30873240597265,38.30873240597265,38.30873240597265,8.778527238785291e-07,24.041511469680735
1421,8812.083333333334,2925.0833333333335,12,38.303644994958994,38.303644994958994,38.303644994958994,8.777361447767072e-07,24.041655665345232
7293,8684.0,3621.363636363636,11,38.2823478858927,38.2823478858927,38.2823478858927,8.772481170078304e-07,24.042259510567998
1052,8828.75,2850.25,12,38.27653357608623,38.27653357608623,38.27653357608623,8.771148808660809e-07,24.042424424332523
9293,8359.416666666666,4253.75,12,38.27147429197906,38.27147429197906,38.27147429197906,8.769989462982835e-07,24.042567943362897
10066,8624.583333333334,3318.75,12,38.26938251398121,38.26938251398121,38.26938251398121,8.769510127620418e-07,24.042627287331598
7280,8889.076923076924,3620.4615384615386,13,38.25297838738003,38.25297838738003,38.25297838738003,8.765751087235816e-07,24.043092786676397
9954,9010.5,3284.5,12,38.25014259413527,38.25014259413527,38.25014259413527,8.765101259202382e-07,24.0431732781219
5313,9047.545454545454,3385.0,11,38.2496638328386,38.2496638328386,38.2496638328386,8.764991550036358e-07,24.04318686792029
2062,8990.777777777777,3024.5555555555557,9,38.23655367526223,38.23655367526223,38.23655367526223,8.761987329636442e-07,24.043559070215913
911,8933.272727272728,2810.818181818182,11,38.228634151159895,38.228634151159895,38.228634151159895,8.760172553900357e-07,24.043783970312745
8598,9592.181818181818,3877.272727272727,11,38.22731011600844,38.22731011600844,38.22731011600844,8.759869148438673e-07,24.043821575051375
7402,8430.3,3637.8,10,38.211944724444066,38.211944724444066,38.211944724444066,8.756348136389696e-07,24.044258072298273
10189,8550.818181818182,3354.5454545454545,11,38.21049492430414,38.21049492430414,38.21049492430414,8.756015911614305e-07,24.044299267018282
10453,8650.888888888889,3446.222222222222,9,38.19696938587505,38.19696938587505,38.19696938587505,8.752916505811451e-07,24.0446836579164
7826,8846.363636363636,3707.0,11,38.19365579289649,38.19365579289649,38.19365579289649,8.752157188956165e-07,24.044777849785063
7324,8779.5,3627.333333333333,12,38.18693444958639,38.18693444958639,38.18693444958639,8.750616978888557e-07,24.04496893513206
2731,8866.090909090908,3115.272727272727,11,38.18078501353213,38.18078501353213,38.18078501353213,8.749207822580972e-07,24.04514379082827
4255,9111.545454545454,3276.636363636364,11,38.17627397890421,38.17627397890421,38.17627397890421,8.748174109433363e-07,24.045272077425132
1287,8588.818181818182,2897.5454545454545,11,38.162249120459364,38.162249120459364,38.162249120459364,8.744960283390426e-07,24.045671018775664
5296,9064.25,3382.666666666667,12,38.1451015528261,38.1451015528261,38.1451015528261,8.741030881917354e-07,24.046158985797245
8287,8868.0,3799.727272727273,11,38.13996995983956,38.13996995983956,38.13996995983956,8.739854966506391e-07,24.0463050577925
8834,9125.857142857143,3953.285714285714,14,38.13471238395531,38.13471238395531,38.13471238395531,8.738650181847353e-07,24.04645473630496
6663,9325.642857142857,3535.642857142857,14,38.129644254672506,38.129644254672506,38.129644254672506,8.737488809278631e-07,24.04659904097633
10745,8828.5,3724.0,10,38.11634685858826,38.11634685858826,38.11634685858826,8.734441682777723e-07,24.046977748480636
8843,8574.5,3956.25,12,38.113479237935486,38.113479237935486,38.113479237935486,8.733784561426275e-07,24.047059435130734
5762,8958.666666666666,3432.083333333333,12,38.087607877940926,38.087607877940926,38.087607877940926,8.727856084440666e-07,24.047796681129576
3866,9006.7,3237.5,10,38.073147478303895,38.073147478303895,38.073147478303895,8.724542453210267e-07,24.04820897167308
7431,8256.272727272728,3642.727272727273,11,38.06774170153518,38.06774170153518,38.06774170153518,8.723303708004395e-07,24.048363139758738
257,8670.333333333334,2544.5,12,38.05331293744833,38.05331293744833,38.05331293744833,8.719997326127383e-07,24.048774742877505
3341,8474.615384615385,3186.076923076923,13,38.03554586799262,38.03554586799262,38.03554586799262,8.715925964498459e-07,24.049281790853097
2885,8363.166666666666,3133.166666666667,12,38.034034243913695,38.034034243913695,38.034034243913695,8.71557957263639e-07,24.04932494147883
9415,8866.916666666666,3036.666666666667,12,38.02709206271755,38.02709206271755,38.02709206271755,8.713988757099057e-07,24.049523134112878
6266,8671.083333333334,3488.75,12,38.016337440406346,38.016337440406346,38.016337440406346,8.711524312598486e-07,24.049830239748854
9403,9416.666666666666,3021.916666666667,12,38.01563516851091,38.01563516851091,38.01563516851091,8.711363385504951e-07,24.04985029662746
10217,8548.0,3364.181818181818,11,38.009487875996285,38.009487875996285,38.009487875996285,8.709954720394016e-07,24.050025879061042
2913,9139.833333333334,3135.916666666667,12,37.989535440120335,37.989535440120335,37.989535440120335,8.705382577417292e-07,24.050595967505764
8769,8730.818181818182,3933.090909090909,11,37.98394255266177,37.98394255266177,37.98394255266177,8.704100955400199e-07,24.05075582330214
9448,9204.416666666666,3064.583333333333,12,37.98186139397484,37.98186139397484,37.98186139397484,8.703624053475387e-07,24.05081531294662
2893,8628.0,3133.818181818182,11,37.97107275920998,37.97107275920998,37.97107275920998,8.701151814948961e-07,24.0511237568948
7601,8795.8,3668.3,10,37.96575776722992,37.96575776722992,37.96575776722992,8.699933873269856e-07,24.05127574320211
8004,8832.111111111111,3742.1111111111113,9,37.96515003010882,37.96515003010882,37.96515003010882,8.699794609020259e-07,24.051293123270764
10239,8876.111111111111,3367.4444444444443,9,37.95439958624635,37.95439958624635,37.95439958624635,8.697331122020073e-07,24.05160061050576
5925,9223.416666666666,3447.833333333333,12,37.94945268833557,37.94945268833557,37.94945268833557,8.696197529877239e-07,24.05174213233923
9422,8846.545454545454,3044.818181818182,11,37.93906830742005,37.93906830742005,37.93906830742005,8.693817926977338e-07,24.05203927077983
7881,8888.23076923077,3717.6153846153848,13,37.9305360944462,37.9305360944462,37.9305360944462,8.691862752287548e-07,24.052283472200003
3032,8863.2,3150.2,10,37.915377785386966,37.915377785386966,37.915377785386966,8.688389193633604e-07,24.052717455372623
6087,9296.636363636364,3465.5454545454545,11,37.87414858673771,37.87414858673771,37.87414858673771,8.678941435364282e-07,24.053898727778584
6238,8661.1,3484.2,10,37.86438361214307,37.86438361214307,37.86438361214307,8.676703770735846e-07,24.05417869587955
6910,9058.111111111111,3565.333333333333,9,37.85766963398365,37.85766963398365,37.85766963398365,8.675165248408128e-07,24.05437123184159
6085,9063.111111111111,3465.333333333333,9,37.83531928784031,37.83531928784031,37.83531928784031,8.670043619210475e-07,24.05501241621144
5125,8757.666666666666,3366.222222222222,9,37.82561064661434,37.82561064661434,37.82561064661434,8.667818863492885e-07,24.055291054693548
4067,9013.181818181818,3260.181818181818,11,37.81678159914996,37.81678159914996,37.81678159914996,8.665795668550354e-07,24.055544510890385
6405,8624.909090909092,3504.4545454545455,11,37.81143281724412,37.81143281724412,37.81143281724412,8.664569983838127e-07,24.055698087600376
4273,9197.076923076924,3278.076923076923,13,37.79843587573221,37.79843587573221,37.79843587573221,8.661591707139381e-07,24.05607135236947
2327,8559.5,3065.916666666667,12,37.784487021662564,37.784487021662564,37.784487021662564,8.658395297660139e-07,24.05647209834408
9742,8630.818181818182,3237.0,11,37.78362156230729,37.78362156230729,37.78362156230729,8.658196975814251e-07,24.056496967579886
9641,8626.363636363636,3187.818181818182,11,37.75475493734539,37.75475493734539,37.75475493734539,8.651582127511928e-07,24.057326785291316
7074,8768.333333333334,3587.8888888888887,9,37.74259214739392,37.74259214739392,37.74259214739392,8.648794998411515e-07,24.057676614312477
9633,8871.9,3197.9,10,37.73771158188629,37.73771158188629,37.73771158188629,8.647676606479478e-07,24.05781702197956
3535,8369.615384615385,3204.846153846154,13,37.71345046261064,37.71345046261064,37.71345046261064,8.642117119568041e-07,24.058515253146837
918,8635.923076923076,2814.4615384615386,13,37.71159962488247,37.71159962488247,37.71159962488247,8.641692996179172e-07,24.058568538402298
4492,8828.57142857143,3302.142857142857,7,37.70918129781455,37.70918129781455,37.70918129781455,8.641138831405119e-07,24.058638165505634
9511,8964.636363636364,3115.636363636364,11,37.70827153464479,37.70827153464479,37.70827153464479,8.640930357246226e-07,24.05866436004745
3180,8601.3,3167.7,10,37.70586156624445,37.70586156624445,37.70586156624445,8.640378107878568e-07,24.058733752609243
5541,9016.7,3409.1,10,37.70208439319803,37.70208439319803,37.70208439319803,8.63951256066802e-07,24.058842521346527
6865,8565.5,3560.0,12,37.700890376960594,37.700890376960594,37.700890376960594,8.639238949316102e-07,24.058876906903915
2762,8648.636363636364,3119.4545454545455,11,37.67845398050467,37.67845398050467,37.67845398050467,8.634097601506907e-07,24.059523238040477
7100,8855.545454545454,3592.272727272727,11,37.67528213375915,37.67528213375915,37.67528213375915,8.633370766101397e-07,24.059614641307977
5647,8910.5,3420.1,10,37.662527094652674,37.662527094652674,37.662527094652674,8.630447921851649e-07,24.059982281620993
3078,8563.666666666666,3155.1111111111113,9,37.656889605042046,37.656889605042046,37.656889605042046,8.62915607915686e-07,24.06014481146665
3199,8869.090909090908,3168.090909090909,11,37.597713893566336,37.597713893566336,37.597713893566336,8.61559583942982e-07,24.061852327622397
3496,8845.166666666666,3200.916666666667,12,37.58204317903265,37.58204317903265,37.58204317903265,8.612004861975194e-07,24.062304956442503
7600,8698.333333333334,3668.333333333333,9,37.57717992034751,37.57717992034751,37.57717992034751,8.610890435938217e-07,24.062445463909647
3808,8938.909090909092,3231.363636363636,11,37.569775922114886,37.569775922114886,37.569775922114886,8.609193794048002e-07,24.062659412402354
6871,9152.583333333334,3560.166666666667,12,37.55434088089767,37.55434088089767,37.55434088089767,8.605656821633431e-07,24.063105564291266
2381,8498.0,3072.7,10,37.55243530193589,37.55243530193589,37.55243530193589,8.605220154174838e-07,24.063160658017175
2460,8510.545454545454,3082.363636363636,11,37.54815883471652,37.54815883471652,37.54815883471652,8.60424019264614e-07,24.063284308578048
5628,8405.083333333334,3419.416666666667,12,37.54408621354196,37.54408621354196,37.54408621354196,8.60330694287073e-07,24.063402078189515
1016,8307.916666666666,2840.9166666666665,12,37.508806355000615,37.508806355000615,37.508806355000615,8.595222488498719e-07,24.06442281493203
5580,8799.454545454546,3414.272727272727,11,37.497760885293474,37.497760885293474,37.497760885293474,8.592691395700822e-07,24.064742586037084
9521,9371.833333333334,3126.416666666667,12,37.481894040864745,37.481894040864745,37.481894040864745,8.589055474664984e-07,24.06520210289471
1447,9146.0,2929.5454545454545,11,37.48006952616521,37.48006952616521,37.48006952616521,8.588637383253927e-07,24.065254954809774
6102,9055.0,3468.0,11,37.47426498636906,37.47426498636906,37.47426498636906,8.587307260655007e-07,24.06542311583908
4591,9042.6,3311.6,10,37.46605139719383,37.46605139719383,37.46605139719383,8.5854250992841e-07,24.065661112997475
4583,9326.166666666666,3310.5,12,37.43836228553553,37.43836228553553,37.43836228553553,8.579080080651424e-07,24.066463817962273
5919,8610.777777777777,3447.5555555555557,9,37.42098313031495,37.42098313031495,37.42098313031495,8.575097610391793e-07,24.0669679414826
4782,8189.583333333333,3334.166666666667,12,37.41731034129653,37.41731034129653,37.41731034129653,8.574255983002536e-07,24.067074509385954
3354,8751.083333333334,3186.75,12,37.416747836360614,37.416747836360614,37.416747836360614,8.574127083804058e-07,24.067090831685963
6990,8670.1,3576.6,10,37.411638973627255,37.411638973627255,37.411638973627255,8.572956377078794e-07,24.06723908764817
9726,8528.5,3227.2,10,37.408998300719894,37.408998300719894,37.408998300719894,8.572351261284297e-07,24.067315726241105
1214,9206.461538461539,2882.846153846154,13,37.401155083550094,37.401155083550094,37.401155083550094,8.57055397144356e-07,24.067543386912522
6681,8676.166666666666,3538.25,12,37.39879093063588,37.39879093063588,37.39879093063588,8.570012220791669e-07,24.0676120192191
8619,8945.7,3886.6,10,37.387100414042415,37.387100414042415,37.387100414042415,8.567333314132381e-07,24.06795146338412
5656,8634.666666666666,3420.333333333333,9,37.383923610495756,37.383923610495756,37.383923610495756,8.566605342865384e-07,24.068043722937148
10698,9119.636363636364,3628.636363636364,11,37.33725473651094,37.33725473651094,37.33725473651094,8.555911071461738e-07,24.06939996741375
3678,8769.0,3218.666666666667,9,37.29905329326061,37.29905329326061,37.29905329326061,8.547157129760403e-07,24.07051140217594
9713,8928.8,3226.6,10,37.292940718218304,37.292940718218304,37.292940718218304,8.545756420231845e-07,24.070689347386566
10764,8813.615384615385,3774.3846153846152,13,37.28291416732097,37.28291416732097,37.28291416732097,8.543458814839148e-07,24.070981296822488
7041,8320.0,3585.0,9,37.28137340729642,37.28137340729642,37.28137340729642,8.543105746413376e-07,24.071026167067913
9397,8776.909090909092,3010.636363636364,11,37.27882656201643,37.27882656201643,37.27882656201643,8.54252213141859e-07,24.071100340745843
10484,8746.583333333334,3464.0,12,37.27334083485319,37.27334083485319,37.27334083485319,8.54126506541033e-07,24.0712601228906
10640,8917.375,3569.75,8,37.26862421999216,37.26862421999216,37.26862421999216,8.54018424311651e-07,24.071397521992473
9563,8923.7,3146.4,10,37.26741101254963,37.26741101254963,37.26741101254963,8.539906234059261e-07,24.07143286659432
10673,8891.75,3603.333333333333,12,37.25563733270297,37.25563733270297,37.25563733270297,8.537208270364212e-07,24.071775931212933
3171,8687.0,3165.909090909091,11,37.206147388045636,37.206147388045636,37.206147388045636,8.525867544635771e-07,24.073219169050958
221,8000.0,2515.0,9,37.192106879867964,37.192106879867964,37.192106879867964,8.522650132423384e-07,24.073628971361316
10231,8571.727272727272,3365.818181818182,11,37.1913840168693,37.1913840168693,37.1913840168693,8.522484486834894e-07,24.0736500738538
920,8871.76923076923,2815.5384615384614,13,37.1488345656695,37.1488345656695,37.1488345656695,8.512734189894906e-07,24.074892940382462
5817,9027.0,3437.4,10,37.13502865227461,37.13502865227461,37.13502865227461,8.509570535574293e-07,24.07529651605922
1441,8864.727272727272,2928.3636363636365,11,37.11811829365204,37.11811829365204,37.11811829365204,8.505695491048864e-07,24.07579104564253
2638,8505.0,3107.181818181818,11,37.09736772927661,37.09736772927661,37.09736772927661,8.50094045523459e-07,24.07639818684192
9597,8907.333333333334,3172.5555555555557,9,37.036674116331056,37.036674116331056,37.036674116331056,8.487032385168043e-07,24.078175973835727
718,8907.25,2752.3333333333335,12,37.02945731410219,37.02945731410219,37.02945731410219,8.485378639638912e-07,24.078387556196947
2444,8693.272727272728,3081.181818181818,11,37.014738799160064,37.014738799160064,37.014738799160064,8.482005860739192e-07,24.078819201770866
8425,9634.888888888889,3830.666666666667,9,37.00698609880279,37.00698609880279,37.00698609880279,8.480229313017925e-07,24.07904663196126
5780,8366.0,3433.3,10,36.99833368691039,36.99833368691039,36.99833368691039,8.478246594491149e-07,24.07930051200448
8264,8794.909090909092,3794.090909090909,11,36.99738326774565,36.99738326774565,36.99738326774565,8.478028803924822e-07,24.079328402929505
3089,9060.545454545454,3155.5454545454545,11,36.96330282249343,36.96330282249343,36.96330282249343,8.470219197650565e-07,24.08032899872869
10762,8780.0,3776.833333333333,12,36.95291611550207,36.95291611550207,36.95291611550207,8.467839061725453e-07,24.08063413403093
5958,8848.75,3454.333333333333,12,36.91988512751573,36.91988512751573,36.91988512751573,8.460269940808341e-07,24.081605071678407
3629,8883.9,3212.7,10,36.898913730324466,36.898913730324466,36.898913730324466,8.455464300686191e-07,24.082221971605247
7627,9104.083333333334,3672.083333333333,12,36.89636416719708,36.89636416719708,36.89636416719708,8.454880062890912e-07,24.08229699410191
3918,9426.384615384615,3242.7692307692305,13,36.89573141485273,36.89573141485273,36.89573141485273,8.454735066349878e-07,24.082315614040088
10103,8695.818181818182,3329.181818181818,11,36.873376981449155,36.873376981449155,36.873376981449155,8.449612500547876e-07,24.082973640657293
9553,8820.9,3144.9,10,36.871880259542934,36.871880259542934,36.871880259542934,8.449269523550271e-07,24.08301771251284
1531,8795.083333333334,2943.083333333333,12,36.87060793138791,36.87060793138791,36.87060793138791,8.448977966856429e-07,24.0830551783694
10724,8851.5,3686.2,10,36.867160559703116,36.867160559703116,36.867160559703116,8.448187994327021e-07,24.08315669856261
4744,8478.153846153846,3329.7692307692305,13,36.86585945457878,36.86585945457878,36.86585945457878,8.447889843329659e-07,24.083195016725615
9755,8589.2,3237.5,10,36.86460070943708,36.86460070943708,36.86460070943708,8.447601399212113e-07,24.083232088654096
9706,8990.375,3214.25,8,36.85854050658652,36.85854050658652,36.85854050658652,8.446212690882315e-07,24.083410588418197
2464,8667.166666666666,3082.5,12,36.85190431882051,36.85190431882051,36.85190431882051,8.444691994388152e-07,24.083606087152617
10265,9001.6,3378.3,10,36.850273007206354,36.850273007206354,36.850273007206354,8.444318175873667e-07,24.083654150158225
5577,8507.636363636364,3413.727272727273,11,36.83210833571659,36.83210833571659,36.83210833571659,8.440155702895792e-07,24.084189476012902
4124,8522.909090909092,3265.727272727273,11,36.8018405416641,36.8018405416641,36.8018405416641,8.433219773726119e-07,24.085082076292878
5693,8845.818181818182,3425.636363636364,11,36.78752019669153,36.78752019669153,36.78752019669153,8.429938236318975e-07,24.085504640561453
10501,8816.416666666666,3470.083333333333,12,36.7555504794352,36.7555504794352,36.7555504794352,8.422612307839358e-07,24.086448595752564
1647,8846.181818181818,2962.636363636364,11,36.75112448305461,36.75112448305461,36.75112448305461,8.421598081386391e-07,24.086579344817757
3938,9277.083333333334,3244.583333333333,12,36.74629752987248,36.74629752987248,36.74629752987248,8.420491974832391e-07,24.08672195656365
10482,8737.0,3459.5,8,36.7434025306582,36.7434025306582,36.7434025306582,8.419828579625536e-07,24.08680749795132
5963,8631.444444444445,3453.5555555555557,9,36.71661826689629,36.71661826689629,36.71661826689629,8.413690908806439e-07,24.087599238706552
4442,8734.6,3299.2,10,36.71600865231605,36.71600865231605,36.71600865231605,8.413551214333098e-07,24.087617265587753
10041,8632.666666666666,3313.833333333333,12,36.712710944374436,36.712710944374436,36.712710944374436,8.412795537567701e-07,24.08771478712774
9362,8959.23076923077,2887.2307692307695,13,36.71094277248712,36.71094277248712,36.71094277248712,8.412390357231501e-07,24.087767080037107
3988,8703.666666666666,3251.4444444444443,9,36.69010027963638,36.69010027963638,36.69010027963638,8.407614255812236e-07,24.08838367753362
10158,8507.555555555555,3341.666666666667,9,36.67115141980293,36.67115141980293,36.67115141980293,8.403272084413061e-07,24.088944558465748
2096,8939.9,3031.1,10,36.645380911813824,36.645380911813824,36.645380911813824,8.397366717878291e-07,24.089707823552114
10012,8647.909090909092,3303.727272727273,11,36.64318831385367,36.64318831385367,36.64318831385367,8.396864279407788e-07,24.089772788198406
5555,9784.222222222223,3410.4444444444443,9,36.64271985386936,36.64271985386936,36.64271985386936,8.396756930809328e-07,24.089786668737744
4158,9277.333333333334,3267.083333333333,12,36.63743862251938,36.63743862251938,36.63743862251938,8.395546725450175e-07,24.089943164690027
6576,9093.7,3521.9,10,36.63363909475988,36.63363909475988,36.63363909475988,8.394676055609736e-07,24.090055768052277
2863,9097.181818181818,3131.363636363636,11,36.60173746225656,36.60173746225656,36.60173746225656,8.387365728895598e-07,24.09100167046226
3426,8724.666666666666,3193.5555555555557,9,36.574396537270005,36.574396537270005,36.574396537270005,8.381100497976848e-07,24.091813001476574
2133,9083.909090909092,3035.636363636364,11,36.56991815125233,36.56991815125233,36.56991815125233,8.380074266327487e-07,24.091945953596365
10349,8592.888888888889,3405.1111111111113,9,36.55249828379006,36.55249828379006,36.55249828379006,8.376082466771369e-07,24.09246326093017
7112,8560.7,3594.8,10,36.54680443689662,36.54680443689662,36.54680443689662,8.374777709685757e-07,24.09263240114079
4864,8937.545454545454,3340.363636363636,11,36.54283187881053,36.54283187881053,36.54283187881053,8.373867389579185e-07,24.09275042471735
1942,9056.5,3006.583333333333,12,36.533526774382246,36.533526774382246,36.533526774382246,8.371735105174215e-07,24.093026926968083
3825,8369.636363636364,3234.0,11,36.52670747936709,36.52670747936709,36.52670747936709,8.370172449265753e-07,24.093229607826856
3946,9220.727272727272,3245.5454545454545,11,36.51767064119625,36.51767064119625,36.51767064119625,8.368101638642354e-07,24.09349825608374
10210,8833.777777777777,3359.5555555555557,9,36.516867793614665,36.516867793614665,36.516867793614665,8.367917664417136e-07,24.093522126452612
9338,9689.333333333334,2505.8333333333335,12,36.50575258766495,36.50575258766495,36.50575258766495,8.365370591411424e-07,24.0938526591438
5738,9000.5,3428.166666666667,12,36.49994451178716,36.49994451178716,36.49994451178716,8.364039658511902e-07,24.094025413833485
2339,8785.333333333334,3066.0,9,36.488715512681814,36.488715512681814,36.488715512681814,8.361466509563355e-07,24.09435948575545
9477,8948.545454545454,3087.363636363636,11,36.48147780189587,36.48147780189587,36.48147780189587,8.359807972794048e-07,24.09457486807277
2328,8634.166666666666,3065.083333333333,12,36.46645513884401,36.46645513884401,36.46645513884401,8.35636549771024e-07,24.09502205413385
4809,8309.636363636364,3335.909090909091,11,36.461579597666635,36.461579597666635,36.461579597666635,8.355248257114131e-07,24.095167226058503
10789,9229.2,3866.0,10,36.43600500405431,36.43600500405431,36.43600500405431,8.349387784774105e-07,24.095929041789375
4157,9179.272727272728,3267.181818181818,11,36.433375376826305,36.433375376826305,36.433375376826305,8.348785200120449e-07,24.09600740341322
10165,9101.538461538461,3348.846153846154,13,36.42145039062661,36.42145039062661,36.42145039062661,8.346052564253858e-07,24.096362833248858
1844,8870.333333333334,2993.916666666667,12,36.39881438195715,36.39881438195715,36.39881438195715,8.340865474882787e-07,24.097037830380824
7077,8900.4,3589.9,10,36.380772239859134,36.380772239859134,36.380772239859134,8.336731079774773e-07,24.097576140865883
10479,8746.875,3457.125,8,36.361732696651615,36.361732696651615,36.361732696651615,8.332368128088196e-07,24.09814449967818
931,8986.5,2815.8,10,36.354223318295915,36.354223318295915,36.354223318295915,8.330647338119391e-07,24.098368747681832
5579,8612.6,3413.1,10,36.34895290660563,36.34895290660563,36.34895290660563,8.329439612108192e-07,24.098526162449474
4803,9126.083333333334,3335.0,12,36.33863357215096,36.33863357215096,36.33863357215096,8.327074914742681e-07,24.098834442738983
2499,8830.0,3087.5,10,36.30813628415372,36.30813628415372,36.30813628415372,8.320086396549081e-07,24.099746032111398
9368,8568.454545454546,2893.272727272727,11,36.27933067378541,36.27933067378541,36.27933067378541,8.313485529870219e-07,24.10060775926705
4954,8786.818181818182,3348.909090909091,11,36.275902319560686,36.275902319560686,36.275902319560686,8.3126999152321e-07,24.100710364913912
3597,8442.25,3210.916666666667,12,36.27326641330136,36.27326641330136,36.27326641330136,8.312095891725105e-07,24.10078926034192
10006,9103.5,3302.2,10,36.254218183920834,36.254218183920834,36.254218183920834,8.307730949583571e-07,24.101359564216796
1366,8779.272727272728,2913.3636363636365,11,36.25342222355389,36.25342222355389,36.25342222355389,8.307548553578186e-07,24.101383401787103
6520,9428.363636363636,3514.909090909091,11,36.24232179533598,36.24232179533598,36.24232179533598,8.305004866921045e-07,24.10171589404749
1425,9155.76923076923,2925.3846153846152,13,36.23977903083021,36.23977903083021,36.23977903083021,8.304422187044322e-07,24.1017920720681
520,8931.454545454546,2675.818181818182,11,36.236519477885,36.236519477885,36.236519477885,8.30367525357723e-07,24.101889731985043
9643,8759.2,3187.4,10,36.23120008468754,36.23120008468754,36.23120008468754,8.302456303349832e-07,24.10204912592836
2047,8758.454545454546,3021.636363636364,11,36.19791696687331,36.19791696687331,36.19791696687331,8.294829406348185e-07,24.103046975689143
3671,8936.272727272728,3218.272727272727,11,36.19564730836801,36.19564730836801,36.19564730836801,8.294309309290409e-07,24.103115054956604
10461,8825.5,3443.6,10,36.19216688948427,36.19216688948427,36.19216688948427,8.293511763925307e-07,24.10321945973342
7127,8845.444444444445,3596.1111111111113,9,36.172480890807165,36.172480890807165,36.172480890807165,8.2890006755975e-07,24.10381018469854
7525,8582.272727272728,3658.272727272727,11,36.16868180424299,36.16868180424299,36.16868180424299,8.288130106857907e-07,24.10392422228593
3662,8453.7,3217.5,10,36.16195738333012,36.16195738333012,36.16195738333012,8.2865891915511e-07,24.104126099314648
6338,9138.0,3495.727272727273,11,36.155124738515696,36.155124738515696,36.155124738515696,8.285023476507838e-07,24.104331263838816
2596,9178.6,3100.7,10,36.15401216029326,36.15401216029326,36.15401216029326,8.284768526849692e-07,24.104364675009478
6416,9107.888888888889,3504.666666666667,9,36.14757444560668,36.14757444560668,36.14757444560668,8.283293310882408e-07,24.104558022355164
3492,8562.5,3200.3,10,36.145199170385666,36.145199170385666,36.145199170385666,8.282749011530335e-07,24.104629368969096
4840,8399.545454545454,3340.636363636364,11,36.12262865568839,36.12262865568839,36.12262865568839,8.277576930241826e-07,24.105307558047166
7398,9155.363636363636,3637.181818181818,11,36.093659167867116,36.093659167867116,36.093659167867116,8.270938510697225e-07,24.106178641964547
1644,8716.0,2963.090909090909,11,36.08960120595236,36.08960120595236,36.08960120595236,8.270008620122275e-07,24.106300716699053
6796,8830.083333333334,3551.833333333333,12,36.08090904370669,36.08090904370669,36.08090904370669,8.268016792717782e-07,24.1065622472123
8449,8928.615384615385,3837.3076923076924,13,36.073578486866225,36.073578486866225,36.073578486866225,8.266336980078264e-07,24.10678285860495
3670,8900.181818181818,3216.909090909091,11,36.07007287945834,36.07007287945834,36.07007287945834,8.265533662709458e-07,24.106888374885685
4982,8245.545454545454,3351.090909090909,11,36.06843527842217,36.06843527842217,36.06843527842217,8.265158402960587e-07,24.106937669022194
2673,9110.0,3108.0,7,36.0352069092645,36.0352069092645,36.0352069092645,8.257544051729651e-07,24.107938374253685
4540,8850.875,3307.375,8,36.03489991022414,36.03489991022414,36.03489991022414,8.257473702248766e-07,24.10794762413516
3917,9201.0,3243.076923076923,13,36.03425738542792,36.03425738542792,36.03425738542792,8.25732646632967e-07,24.107966983663147
2674,9306.76923076923,3109.153846153846,13,36.03195174413807,36.03195174413807,36.03195174413807,8.256798123740536e-07,24.108036456395364
1949,9001.4,3006.7,10,36.03055934459102,36.03055934459102,36.03055934459102,8.256479052432681e-07,24.108078413817523
9907,8498.2,3273.1,10,36.02602639671103,36.02602639671103,36.02602639671103,8.255440317816907e-07,24.108215017171226
9911,9060.9,3271.8,10,36.001597598887955,36.001597598887955,36.001597598887955,8.24984240701088e-07,24.108951491034468
2671,9033.916666666666,3108.833333333333,12,35.99966907218058,35.99966907218058,35.99966907218058,8.249400481027737e-07,24.109009653102035
784,9129.090909090908,2774.3636363636365,11,35.99304426793853,35.99304426793853,35.99304426793853,8.24788239309222e-07,24.10920947304218
3337,8910.888888888889,3183.8888888888887,9,35.97633206456868,35.97633206456868,35.97633206456868,8.244052756263009e-07,24.109713716527693
10458,8842.0,3444.583333333333,12,35.974978635695976,35.974978635695976,35.974978635695976,8.24374261516779e-07,24.109754562669718
447,8931.076923076924,2639.4615384615386,13,35.97182691903789,35.97182691903789,35.97182691903789,8.24302039261449e-07,24.109849686639677
3773,9021.8,3227.5,10,35.96950842510361,35.96950842510361,35.96950842510361,8.242489104814641e-07,24.1099196679041
6350,8382.363636363636,3497.5454545454545,11,35.96509052421259,35.96509052421259,35.96509052421259,8.241476733460269e-07,24.1100530300142
1761,8715.0,2981.1,10,35.93579286740948,35.93579286740948,35.93579286740948,8.234763113297818e-07,24.11093784608225
7495,8296.916666666666,3652.916666666667,12,35.92600866135126,35.92600866135126,35.92600866135126,8.232521041738734e-07,24.111233498754242
10039,9116.090909090908,3308.090909090909,11,35.901472152481965,35.901472152481965,35.901472152481965,8.226898448718135e-07,24.111975281056843
4380,8730.0,3290.8888888888887,9,35.899877257696744,35.899877257696744,35.899877257696744,8.226532975197198e-07,24.11202351510886
6340,9262.5,3494.833333333333,12,35.88603863926015,35.88603863926015,35.88603863926015,8.22336182644695e-07,24.11244212338484
4545,9089.916666666666,3308.416666666667,12,35.883553724136306,35.883553724136306,35.883553724136306,8.222792402878725e-07,24.112517307379285
8251,8629.538461538461,3792.6923076923076,13,35.872945635940226,35.872945635940226,35.872945635940226,8.220361536981262e-07,24.112838325979812
147,9121.461538461539,2458.0,13,35.867099980431874,35.867099980431874,35.867099980431874,8.219021992629735e-07,24.113015265924176
4005,9596.166666666666,3251.833333333333,12,35.863811803649185,35.863811803649185,35.863811803649185,8.218268499949609e-07,24.113114807181756
9520,8660.1,3128.6,10,35.858645159602176,35.858645159602176,35.858645159602176,8.217084552513836e-07,24.11327123273509
7157,8540.4,3601.8,10,35.85063805184296,35.85063805184296,35.85063805184296,8.215249706797113e-07,24.113513700835078
1571,9014.6,2949.1,10,35.832552685253155,35.832552685253155,35.832552685253155,8.211105406705178e-07,24.11406155417413
580,9088.875,2703.875,8,35.82877426576307,35.82877426576307,35.82877426576307,8.210239573869423e-07,24.114176047360772
4978,9047.0,3350.0,11,35.81108344973818,35.81108344973818,35.81108344973818,8.206185685875815e-07,24.11471227287693
9771,8621.9,3237.3,10,35.80343190824786,35.80343190824786,35.80343190824786,8.20443231892335e-07,24.114944280469473
7203,8990.545454545454,3609.909090909091,11,35.78977868583912,35.78977868583912,35.78977868583912,8.201303654065892e-07,24.115358392308778
5014,9211.083333333334,3353.333333333333,12,35.785040660267924,35.785040660267924,35.785040660267924,8.20021792546245e-07,24.115502136881418
8249,8899.666666666666,3791.5,12,35.782445083948446,35.782445083948446,35.782445083948446,8.199623143646664e-07,24.115580890833836
9580,8883.0,3154.2,10,35.776260299245806,35.776260299245806,35.776260299245806,8.198205887121369e-07,24.11576857015674
10701,8720.0,3637.4545454545455,11,35.763633910103806,35.763633910103806,35.763633910103806,8.195312523283696e-07,24.116151822833324
7211,8840.727272727272,3611.090909090909,11,35.748180067829836,35.748180067829836,35.748180067829836,8.191771242567114e-07,24.116621082257392
9401,9418.75,3016.5,12,35.71297974002998,35.71297974002998,35.71297974002998,8.183705012833106e-07,24.117690705910448
7341,8376.083333333334,3631.583333333333,12,35.712379975337385,35.712379975337385,35.712379975337385,8.1835675754824e-07,24.117708939945075
2413,9195.5,3075.5,12,35.700004840043796,35.700004840043796,35.700004840043796,8.180731786996706e-07,24.11808523693043
5208,8922.444444444445,3373.8888888888887,9,35.69605117110058,35.69605117110058,35.69605117110058,8.179825795377265e-07,24.11820548563204
9829,8882.25,3257.75,8,35.69279583668413,35.69279583668413,35.69279583668413,8.179079828594983e-07,24.118304504865016
8706,8454.727272727272,3911.0,11,35.691513160497934,35.691513160497934,35.691513160497934,8.178785900627863e-07,24.118343523186944
2272,9044.090909090908,3057.4545454545455,11,35.687693963451565,35.687693963451565,35.687693963451565,8.177910723528643e-07,24.118459709417568
2072,9486.5,3027.5,10,35.68182404650042,35.68182404650042,35.68182404650042,8.176565619616069e-07,24.118638306150313
2615,8691.909090909092,3104.5454545454545,11,35.67823677318802,35.67823677318802,35.67823677318802,8.175743588332127e-07,24.118747466161395
1813,8579.0,2988.5,10,35.677239082705704,35.677239082705704,35.677239082705704,8.175514965443172e-07,24.118777827634425
3507,8426.25,3201.75,12,35.66096818054363,35.66096818054363,35.66096818054363,8.171786453721203e-07,24.11927309962248
1001,8536.090909090908,2837.3636363636365,11,35.649424264748134,35.649424264748134,35.649424264748134,8.169141140945541e-07,24.119624623348646
4381,8746.4,3291.9,10,35.646254142514834,35.646254142514834,35.646254142514834,8.168414700715664e-07,24.119721176647847
6218,8440.888888888889,3481.777777777778,9,35.63529288261134,35.63529288261134,35.63529288261134,8.165902904772783e-07,24.120055092992743
1504,8945.818181818182,2938.181818181818,11,35.63051092431874,35.63051092431874,35.63051092431874,8.1648071088931e-07,24.120200799488103
5348,8935.75,3390.5,8,35.62310201097314,35.62310201097314,35.62310201097314,8.163109340694328e-07,24.120426588052496
6475,8876.9,3512.3,10,35.604820754173375,35.604820754173375,35.604820754173375,8.158920151945525e-07,24.120983915068116
9684,8976.4,3203.3,10,35.60196017258623,35.60196017258623,35.60196017258623,8.158264643610888e-07,24.12107114937241
8247,9243.416666666666,3791.25,12,35.56756181152296,35.56756181152296,35.56756181152296,8.1503821862546e-07,24.122120687091865
9473,8712.461538461539,3085.6923076923076,13,35.56169870279864,35.56169870279864,35.56169870279864,8.149038642461635e-07,24.122299679236107
5507,8305.272727272728,3406.909090909091,11,35.53857760069879,35.53857760069879,35.53857760069879,8.143740392902675e-07,24.123005820473065
7527,8884.583333333334,3659.5,12,35.53844604238193,35.53844604238193,35.53844604238193,8.143710246035486e-07,24.123009839707983
4287,8933.363636363636,3281.090909090909,11,35.53189514381454,35.53189514381454,35.53189514381454,8.142209093741984e-07,24.123209994868343
4413,9061.0,3294.818181818182,11,35.517635265211915,35.517635265211915,35.517635265211915,8.138941412331691e-07,24.123645816656133
7539,8861.909090909092,3659.5454545454545,11,35.51740900576136,35.51740900576136,35.51740900576136,8.138889564498965e-07,24.123652733188095
6624,8972.4,3528.4,10,35.50873090604258,35.50873090604258,35.50873090604258,8.13690095955232e-07,24.123918047538886
4025,8679.545454545454,3255.636363636364,11,35.500943885353266,35.500943885353266,35.500943885353266,8.135116547254213e-07,24.124156174254672
7253,8781.125,3614.875,8,35.49332293863079,35.49332293863079,35.49332293863079,8.133370191157654e-07,24.124389273015264
4274,9205.1,3278.0,10,35.48982599807951,35.48982599807951,35.48982599807951,8.132568859817414e-07,24.124496249248985
9683,8981.6,3200.5,10,35.47788585904753,35.47788585904753,35.47788585904753,8.129832751647185e-07,24.124861594023955
5253,8264.692307692309,3379.076923076923,13,35.467785010765596,35.467785010765596,35.467785010765596,8.127518120851309e-07,24.125170756136825
9762,8943.333333333334,3236.25,12,35.45470399215692,35.45470399215692,35.45470399215692,8.12452057770761e-07,24.125571264800843
4205,9027.0,3271.818181818182,11,35.454261245910374,35.454261245910374,35.454261245910374,8.124419121466668e-07,24.125584823188774
8555,9460.25,3865.583333333333,12,35.45398281531777,35.45398281531777,35.45398281531777,8.124355318506148e-07,24.125593349762205
8855,8535.545454545454,3963.090909090909,11,35.44885211204357,35.44885211204357,35.44885211204357,8.123179606974651e-07,24.125750482839216
10539,8986.909090909092,3489.5454545454545,11,35.44536234990952,35.44536234990952,35.44536234990952,8.122379920583936e-07,24.125857373397967
4953,8764.714285714286,3348.714285714286,7,35.44251267967374,35.44251267967374,35.44251267967374,8.121726912608593e-07,24.125944665904534
2095,8757.5,3031.2,10,35.4417016671381,35.4417016671381,35.4417016671381,8.121541067366842e-07,24.125969510524186
10596,8225.0,3526.2307692307695,13,35.41908790091317,35.41908790091317,35.41908790091317,8.116359074899086e-07,24.126662491387076
6383,8548.333333333334,3501.333333333333,9,35.416087574234176,35.416087574234176,35.416087574234176,8.115671543680416e-07,24.12675446725306
5399,9318.636363636364,3396.272727272727,11,35.40318539415138,35.40318539415138,35.40318539415138,8.112714981764029e-07,24.12715007606417
6543,8742.555555555555,3518.222222222222,9,35.39990893713414,35.39990893713414,35.39990893713414,8.111964174693002e-07,24.12725056229413
7172,8987.083333333334,3603.333333333333,12,35.394847695685336,35.394847695685336,35.394847695685336,8.110804380486042e-07,24.12740580466949
9607,9165.909090909092,3175.181818181818,11,35.39379842059899,35.39379842059899,35.39379842059899,8.110563936875722e-07,24.127437991637674
5387,9294.9,3394.2,10,35.379246444600014,35.379246444600014,35.379246444600014,8.107229320727857e-07,24.127884478218707
5039,8688.0,3357.4444444444443,9,35.37048796620874,35.37048796620874,35.37048796620874,8.105222296838023e-07,24.12815329610801
6057,8543.363636363636,3464.818181818182,11,35.35992578554618,35.35992578554618,35.35992578554618,8.102801950749181e-07,24.128477562330232
10599,8778.545454545454,3526.181818181818,11,35.350567318261966,35.350567318261966,35.350567318261966,8.100657438132655e-07,24.12876495466381
3862,8790.25,3237.375,8,35.343241215530014,35.343241215530014,35.343241215530014,8.098978646161544e-07,24.128989987525085
8304,8701.636363636364,3803.727272727273,11,35.336181397046275,35.336181397046275,35.336181397046275,8.097360873790388e-07,24.12920688518126
3859,8635.222222222223,3237.8888888888887,9,35.33361249695987,35.33361249695987,35.33361249695987,8.09677220488996e-07,24.129285819834323
4063,8443.1,3258.8,10,35.33033532657829,35.33033532657829,35.33033532657829,8.09602123434998e-07,24.129386525856123
7930,8893.7,3728.2,10,35.32835824778232,35.32835824778232,35.32835824778232,8.095568182552814e-07,24.129447285146178
4365,9097.4,3289.5,10,35.31437314716004,35.31437314716004,35.31437314716004,8.0923634670992e-07,24.129877170287124
3188,8771.2,3168.0,10,35.30553874418122,35.30553874418122,35.30553874418122,8.09033904492918e-07,24.1301488169362
8008,8321.75,3743.416666666667,12,35.2955562574156,35.2955562574156,35.2955562574156,8.088051536925674e-07,24.13045584751035
1151,9406.538461538461,2869.7692307692305,13,35.27611821330966,35.27611821330966,35.27611821330966,8.083597267913472e-07,24.13105395118091
6065,9536.75,3463.75,12,35.25900316749427,35.25900316749427,35.25900316749427,8.079675318883907e-07,24.131580849692995
6906,8573.75,3566.666666666667,12,35.25651821539837,35.25651821539837,35.25651821539837,8.079105886843459e-07,24.13165737192259
5677,8643.545454545454,3422.0,11,35.19133133258089,35.19133133258089,35.19133133258089,8.064168174460797e-07,24.13366668177106
10420,9108.181818181818,3429.4545454545455,11,35.188998490481985,35.188998490481985,35.188998490481985,8.063633598748607e-07,24.133738657879555
1806,8669.0,2986.7,10,35.16097931855284,35.16097931855284,35.16097931855284,8.057212946105195e-07,24.13460351759798
9476,8937.666666666666,3088.0,9,35.13654175207396,35.13654175207396,35.13654175207396,8.0516130259431e-07,24.135358387793882
7382,8768.333333333334,3635.777777777778,9,35.12898150700769,35.12898150700769,35.12898150700769,8.049880579759738e-07,24.135592028175004
1309,8791.692307692309,2902.7692307692305,13,35.12249444301447,35.12249444301447,35.12249444301447,8.048394055294226e-07,24.13579254325785
6725,8259.0,3541.916666666667,12,35.11563820154603,35.11563820154603,35.11563820154603,8.046822933027674e-07,24.136004509872965
1482,8781.0,2935.083333333333,12,35.105629535955465,35.105629535955465,35.105629535955465,8.044529426090939e-07,24.136314010712717
10768,8272.4,3798.7,10,35.09096482716944,35.09096482716944,35.09096482716944,8.041168976985947e-07,24.136767651110446
5203,8613.8,3373.9,10,35.08856533722951,35.08856533722951,35.08856533722951,8.040619128779706e-07,24.13684189535504
5553,9320.833333333334,3410.833333333333,12,35.08134990599415,35.08134990599415,35.08134990599415,8.038965697416644e-07,24.13706518349571
4825,9063.9,3336.9,10,35.07566637722926,35.07566637722926,35.07566637722926,8.037663304752061e-07,24.137241097845873
5374,8645.1,3392.9,10,35.07496419873904,35.07496419873904,35.07496419873904,8.037502399062528e-07,24.137262833377054
9475,8938.363636363636,3084.0,11,35.06544646372046,35.06544646372046,35.06544646372046,8.035321389907052e-07,24.137557492317963
5649,8947.111111111111,3420.0,9,35.05926930530826,35.05926930530826,35.05926930530826,8.033905880962377e-07,24.137748773365576
791,8807.692307692309,2776.6153846153848,13,35.031829257794826,35.031829257794826,35.031829257794826,8.027617935906468e-07,24.13859888572445
10527,8761.875,3475.125,8,35.00369806683216,35.00369806683216,35.00369806683216,8.021171613864063e-07,24.139471101735964
5604,8772.5,3415.1,10,34.98340813970779,34.98340813970779,34.98340813970779,8.016522134052341e-07,24.140100632238997
4659,9166.454545454546,3318.272727272727,11,34.97709201882483,34.97709201882483,34.97709201882483,8.015074781562914e-07,24.1402966754668
9865,9311.4,3259.5,10,34.96427382378626,34.96427382378626,34.96427382378626,8.012137464997446e-07,24.14069464249021
1524,8659.083333333334,2941.416666666667,12,34.9504843639606,34.9504843639606,34.9504843639606,8.008977581047102e-07,24.141122927343336
6637,8847.111111111111,3529.8888888888887,9,34.943152714169244,34.943152714169244,34.943152714169244,8.00729751795557e-07,24.1413507088119
10515,8252.09090909091,3472.636363636364,11,34.93288794070415,34.93288794070415,34.93288794070415,8.00494532335648e-07,24.14166969758574
4195,9013.1,3270.2,10,34.926803519089276,34.926803519089276,34.926803519089276,8.0035510652455e-07,24.141858821720447
1487,8899.8,2935.3,10,34.92621521929817,34.92621521929817,34.92621521929817,8.003416255101273e-07,24.141877109788563
2540,9231.666666666666,3094.166666666667,12,34.92416664443001,34.92416664443001,34.92416664443001,8.002946819827606e-07,24.14194079482059
7836,8730.083333333334,3708.666666666667,12,34.906258758399886,34.906258758399886,34.906258758399886,7.99884318978215e-07,24.142497664996526
5152,8302.9,3369.0,10,34.90110775302171,34.90110775302171,34.90110775302171,7.997662825980491e-07,24.142657895451265
10052,8426.181818181818,3313.272727272727,11,34.90058512421786,34.90058512421786,34.90058512421786,7.997543064482205e-07,24.142674153997174
5346,8468.363636363636,3391.909090909091,11,34.90006805750975,34.90006805750975,34.90006805750975,7.997424577549948e-07,24.14269023975052
9354,8837.5,2798.5,12,34.896527034880684,34.896527034880684,34.896527034880684,7.996613144708135e-07,24.142800406055006
4680,8691.777777777777,3320.1111111111113,9,34.89240472923257,34.89240472923257,34.89240472923257,7.995668509630287e-07,24.142928670992767
7810,9141.090909090908,3703.363636363636,11,34.885570261336184,34.885570261336184,34.885570261336184,7.994102376823929e-07,24.14314135785449
9589,8847.125,3165.875,8,34.859446789186265,34.859446789186265,34.859446789186265,7.988116127803484e-07,24.143954697703926
7722,9592.166666666666,3689.666666666667,12,34.85462251562785,34.85462251562785,34.85462251562785,7.98701063529094e-07,24.144104965462635
5202,8541.875,3374.5,8,34.852478594126715,34.852478594126715,34.852478594126715,7.986519351134208e-07,24.144171751576465
3427,8729.8,3193.5,10,34.84474451420736,34.84474451420736,34.84474451420736,7.984747070325763e-07,24.14441271298752
5269,8870.545454545454,3382.4545454545455,11,34.81141335562404,34.81141335562404,34.81141335562404,7.977109164680042e-07,24.14545178403276
3543,9051.0,3205.2,10,34.810427021612945,34.810427021612945,34.810427021612945,7.97688314415054e-07,24.145482547326004
4636,9047.0,3317.090909090909,11,34.80730530187699,34.80730530187699,34.80730530187699,7.976167795455534e-07,24.145579918039687
4281,9187.75,3280.166666666667,12,34.8021973370531,34.8021973370531,34.8021973370531,7.974997294488129e-07,24.145739261294317
747,8836.0,2758.9,10,34.79814235357182,34.79814235357182,34.79814235357182,7.974068086427522e-07,24.14586577338894
2936,8771.363636363636,3137.909090909091,11,34.78959904882896,34.78959904882896,34.78959904882896,7.972110370035353e-07,24.14613236561128
2115,8807.125,3034.25,8,34.788470267598754,34.788470267598754,34.788470267598754,7.971851707423627e-07,24.14616759391414
10090,8909.111111111111,3326.1111111111113,9,34.77893166857692,34.77893166857692,34.77893166857692,7.969665917237576e-07,24.146465331132354
3254,8568.727272727272,3174.818181818182,11,34.77560183003826,34.77560183003826,34.77560183003826,7.968902877677755e-07,24.14656928772809
5915,9119.9,3447.7,10,34.7727765919701,34.7727765919701,34.7727765919701,7.968255468385415e-07,24.146657498649148
6722,9310.916666666666,3541.75,12,34.766515363933934,34.766515363933934,34.766515363933934,7.966820694708196e-07,24.146853015220927
6960,9477.416666666666,3572.083333333333,12,34.76456146787511,34.76456146787511,34.76456146787511,7.966372955284391e-07,24.14691403586921
3775,9320.583333333334,3227.666666666667,12,34.736246804330726,34.736246804330726,34.736246804330726,7.959884590110954e-07,24.14779869484802
6635,8733.727272727272,3530.090909090909,11,34.734898409469565,34.734898409469565,34.734898409469565,7.959575602570153e-07,24.147840841875098
6717,8611.7,3540.8,10,34.72113904543853,34.72113904543853,34.72113904543853,7.956422615134943e-07,24.148271014410874
6376,8822.888888888889,3499.8888888888887,9,34.72027534183154,34.72027534183154,34.72027534183154,7.956224695622498e-07,24.148298022912492
5372,8507.272727272728,3393.636363636364,11,34.71887033184043,34.71887033184043,34.71887033184043,7.955902734604655e-07,24.148341959807187
2433,8922.6,3080.4,10,34.702892314402895,34.702892314402895,34.702892314402895,7.952241338038181e-07,24.148841742920062
3452,8331.0,3197.727272727273,11,34.70197699954214,34.70197699954214,34.70197699954214,7.952031591697529e-07,24.148870380405963
4366,9240.1,3290.1,10,34.65726612079476,34.65726612079476,34.65726612079476,7.941785999053154e-07,24.15027017153236
8833,8880.583333333334,3952.666666666667,12,34.63495529162018,34.63495529162018,34.63495529162018,7.93667342525266e-07,24.15096934599484
3016,8662.0,3147.8888888888887,9,34.62446091081784,34.62446091081784,34.62446091081784,7.934268615645512e-07,24.15129837358114
10177,8899.333333333334,3355.222222222222,9,34.6192331957748,34.6192331957748,34.6192331957748,7.933070673661538e-07,24.151462313982485
5161,9093.416666666666,3369.916666666667,12,34.61878166382652,34.61878166382652,34.61878166382652,7.93296720415842e-07,24.151476475121708
2672,9067.375,3108.125,8,34.60420450986893,34.60420450986893,34.60420450986893,7.929626818427966e-07,24.151933749357415
10099,9037.272727272728,3322.636363636364,11,34.60331060000151,34.60331060000151,34.60331060000151,7.92942197708691e-07,24.151961796898362
9905,8890.875,3271.25,8,34.6027359599785,34.6027359599785,34.6027359599785,7.9292902971075e-07,24.151979827330923
5252,9343.8,3378.5,10,34.593536349262024,34.593536349262024,34.593536349262024,7.92718218681022e-07,24.152268523532324
9757,9034.166666666666,3237.083333333333,12,34.59038417085107,34.59038417085107,34.59038417085107,7.92645985844527e-07,24.152367460805646
2774,8937.5,3119.5,10,34.58850077322485,34.58850077322485,34.58850077322485,7.926028273886741e-07,24.15242657921997
9399,9027.555555555555,3010.222222222222,9,34.571264744047696,34.571264744047696,34.571264744047696,7.922078601263364e-07,24.152967754602837
8152,8974.727272727272,3770.090909090909,11,34.571015235237226,34.571015235237226,34.571015235237226,7.92202142579053e-07,24.152975590640324
6574,8763.2,3521.7,10,34.56774645772937,34.56774645772937,34.56774645772937,7.921272378495355e-07,24.153078254616396
7164,8381.5,3602.9,10,34.56517886176885,34.56517886176885,34.56517886176885,7.920684008438137e-07,24.1531589030739
2519,9044.3,3090.3,10,34.55722587100512,34.55722587100512,34.55722587100512,7.91886156374565e-07,24.153408745366853
5960,9008.454545454546,3452.818181818182,11,34.532794468138846,34.532794468138846,34.532794468138846,7.913263055988451e-07,24.15417661486813
10421,9104.9,3429.9,10,34.5239125276436,34.5239125276436,34.5239125276436,7.911227740495771e-07,24.15445590546384
5110,8270.454545454546,3366.272727272727,11,34.523336980911324,34.523336980911324,34.523336980911324,7.91109585274201e-07,24.15447400587854
5686,9130.75,3424.25,12,34.52095493711535,34.52095493711535,34.52095493711535,7.910550002356636e-07,24.154548922171244
5041,9093.818181818182,3358.4545454545455,11,34.51967450249979,34.51967450249979,34.51967450249979,7.910256588050178e-07,24.154589194521932
164,9082.166666666666,2469.6666666666665,12,34.51849032033877,34.51849032033877,34.51849032033877,7.909985230197717e-07,24.154626440860927
6463,8967.083333333334,3509.75,12,34.5181169893106,34.5181169893106,34.5181169893106,7.909899680601214e-07,24.15463818358785
7969,8936.333333333334,3735.1111111111113,9,34.51482507465403,34.51482507465403,34.51482507465403,7.909145331379365e-07,24.154741732728926
10157,8500.2,3342.4,10,34.506921143078245,34.506921143078245,34.506921143078245,7.907334128703792e-07,24.15499039594536
254,8508.181818181818,2544.272727272727,11,34.489408136048425,34.489408136048425,34.489408136048425,7.903320986018332e-07,24.155541570374304
9382,8783.727272727272,2987.909090909091,11,34.47148969571421,34.47148969571421,34.47148969571421,7.899214937431719e-07,24.15610579446225
226,8624.76923076923,2519.3076923076924,13,34.461680283282305,34.461680283282305,34.461680283282305,7.896967089778672e-07,24.15641480199229
6862,8020.75,3561.166666666667,12,34.449705918904556,34.449705918904556,34.449705918904556,7.894223138797907e-07,24.156792127185742
4387,9143.7,3291.2,10,34.444618832935774,34.444618832935774,34.444618832935774,7.89305742226441e-07,24.156952466471825
7093,8814.181818181818,3591.909090909091,11,34.44414042680733,34.44414042680733,34.44414042680733,7.892947794485938e-07,24.15696754651855
6838,8352.727272727272,3556.727272727273,11,34.432603571687736,34.432603571687736,34.432603571687736,7.890304099679125e-07,24.157331268166303
6965,8819.0,3572.8,10,34.42078025090156,34.42078025090156,34.42078025090156,7.887594760657555e-07,24.157704147663335
4078,8931.2,3259.0,10,34.41768687184431,34.41768687184431,34.41768687184431,7.886885906289153e-07,24.157801726641488
2926,8639.636363636364,3138.363636363636,11,34.417581286293746,34.417581286293746,34.417581286293746,7.886861711136417e-07,24.15780505743566
7551,8348.818181818182,3662.181818181818,11,34.401777815108204,34.401777815108204,34.401777815108204,7.883240312213596e-07,24.158303707854746
2994,8747.8,3147.1,10,34.397088890737194,34.397088890737194,34.397088890737194,7.882165835254262e-07,24.158451702587875
3330,8854.125,3182.875,8,34.37636181634828,34.37636181634828,34.37636181634828,7.877416182220192e-07,24.159106145124426
10802,8557.5,3989.3,10,34.37310145315943,34.37310145315943,34.37310145315943,7.876669063084054e-07,24.159209124673332
3818,8723.0,3231.5,6,34.3724353365148,34.3724353365148,34.3724353365148,7.876516421042884e-07,24.159230165368957
9484,8757.444444444445,3089.8888888888887,9,34.3632892133897,34.3632892133897,34.3632892133897,7.874420567540552e-07,24.159519106152917
8655,8565.272727272728,3899.181818181818,11,34.3605186804275,34.3605186804275,34.3605186804275,7.873785694039207e-07,24.159606646934996
8940,8733.909090909092,3992.909090909091,11,34.34134044863092,34.34134044863092,34.34134044863092,7.869390961568453e-07,24.160212816881767
5381,8526.454545454546,3395.363636363636,11,34.339901136854955,34.339901136854955,34.339901136854955,7.869061140223895e-07,24.16025832313265
207,9052.5,2505.5,10,34.335822767912845,34.335822767912845,34.335822767912845,7.868126573335367e-07,24.160387277953078
3701,9106.636363636364,3221.5454545454545,11,34.332845733532075,34.332845733532075,34.332845733532075,7.86744437959621e-07,24.16048141911185
3501,9153.444444444445,3200.5555555555557,9,34.329214157572885,34.329214157572885,34.329214157572885,7.866612196266842e-07,24.160596269540434
5586,9571.0,3413.833333333333,12,34.32576090306458,34.32576090306458,34.32576090306458,7.865820875675954e-07,24.16070549173282
1609,9727.0,2956.5,12,34.323785981746276,34.323785981746276,34.323785981746276,7.865368318269371e-07,24.160767961003913
3205,8633.222222222223,3170.4444444444443,9,34.31982735145803,34.31982735145803,34.31982735145803,7.864461189747201e-07,24.1608931883345
3752,8760.0,3226.0,7,34.31243725744562,34.31243725744562,34.31243725744562,7.862767734038523e-07,24.161127005263104
5328,8606.5,3388.4,10,34.292740498037375,34.292740498037375,34.292740498037375,7.858254179866364e-07,24.161750441746857
1732,8839.0,2977.272727272727,11,34.29175665199598,34.29175665199598,34.29175665199598,7.858028729460393e-07,24.16178159156384
9867,8537.2,3260.3,10,34.28793685021531,34.28793685021531,34.28793685021531,7.857153413785026e-07,24.161902539817785
3064,8607.111111111111,3154.333333333333,9,34.247462492873694,34.247462492873694,34.247462492873694,7.847878629001484e-07,24.16318492762496
4437,9215.3,3295.6,10,34.23810753580903,34.23810753580903,34.23810753580903,7.845734920759208e-07,24.163481545310646
1604,8830.909090909092,2955.363636363636,11,34.23808153137368,34.23808153137368,34.23808153137368,7.845728961787722e-07,24.1634823699464
7180,8569.333333333334,3604.333333333333,9,34.229834022387095,34.229834022387095,34.229834022387095,7.843839027620139e-07,24.163743941197012
8364,8682.555555555555,3818.5555555555557,9,34.22975454333571,34.22975454333571,34.22975454333571,7.843820814827032e-07,24.1637464621962
8176,8752.818181818182,3775.363636363636,11,34.205536684484954,34.205536684484954,34.205536684484954,7.838271241133665e-07,24.164514902186205
4080,9127.0,3259.909090909091,11,34.20036862673068,34.20036862673068,34.20036862673068,7.837086969743875e-07,24.164678956660666
9663,8957.727272727272,3204.363636363636,11,34.199924673796914,34.199924673796914,34.199924673796914,7.836985236987999e-07,24.16469305062869
8389,8483.083333333334,3823.583333333333,12,34.193759736409476,34.193759736409476,34.193759736409476,7.835572528517055e-07,24.164888784951163
3602,9143.7,3210.5,10,34.190898276033714,34.190898276033714,34.190898276033714,7.834916818806143e-07,24.164979647177297
9317,8740.454545454546,4288.818181818182,11,34.18975442157736,34.18975442157736,34.18975442157736,7.834654702132694e-07,24.165015971024687
3292,9023.666666666666,3180.166666666667,12,34.178946231021825,34.178946231021825,34.178946231021825,7.832177982355379e-07,24.16535925219808
10782,9155.818181818182,3846.636363636364,11,34.16792624641687,34.16792624641687,34.16792624641687,7.829652729522671e-07,24.165709371989415
9666,9099.3,3196.7,10,34.16089368571998,34.16089368571998,34.16089368571998,7.828041203331154e-07,24.165932864969257
7193,9255.75,3606.75,12,34.15965366880613,34.15965366880613,34.15965366880613,7.827757050826721e-07,24.165972277161053
10663,8692.181818181818,3594.727272727273,11,34.15498123673762,34.15498123673762,34.15498123673762,7.826686353113466e-07,24.16612079668915
9470,8861.888888888889,3090.333333333333,9,34.15409057076417,34.15409057076417,34.15409057076417,7.82648225511759e-07,24.16614911000883
5443,8102.833333333333,3400.0,12,34.1498200431049,34.1498200431049,34.1498200431049,7.825503654651682e-07,24.166284875778533
5602,8498.833333333334,3416.083333333333,12,34.130061892830255,34.130061892830255,34.130061892830255,7.82097603263235e-07,24.166913234793892
8082,8183.0,3757.5,10,34.12404059609354,34.12404059609354,34.12404059609354,7.819596239721013e-07,24.167104799539313
4546,8407.272727272728,3308.727272727273,11,34.11304060588183,34.11304060588183,34.11304060588183,7.817075568645902e-07,24.167454846391202
7526,8871.363636363636,3656.909090909091,11,34.11208623486007,34.11208623486007,34.11208623486007,7.816856872503164e-07,24.16748522215506
9099,9258.083333333334,4070.9166666666665,12,34.11191552792431,34.11191552792431,34.11191552792431,7.816817754646964e-07,24.1674906555127
4398,9291.5,3292.5,12,34.097724646503764,34.097724646503764,34.097724646503764,7.813565884087206e-07,24.167942426081158
9418,8752.090909090908,3039.909090909091,11,34.096686671016435,34.096686671016435,34.096686671016435,7.813328029803954e-07,24.167975477691826
1416,9265.5,2925.0833333333335,12,34.086479830011214,34.086479830011214,34.086479830011214,7.810989110550852e-07,24.1683005414126
6276,8166.3,3488.1,10,34.064607879476135,34.064607879476135,34.064607879476135,7.805977106720946e-07,24.168997439149024
914,9165.0,2811.1,10,34.050250987702086,34.050250987702086,34.050250987702086,7.802687194536769e-07,24.169455130691723
4592,9143.333333333334,3311.0,9,34.047016259401815,34.047016259401815,34.047016259401815,7.801945949689692e-07,24.169558279078515
6881,8630.727272727272,3562.818181818182,11,34.04396300803793,34.04396300803793,34.04396300803793,7.801246290667287e-07,24.16965564955507
9681,8725.9,3201.2,10,34.037521697142694,34.037521697142694,34.037521697142694,7.799770250621167e-07,24.169861096439675
4233,9185.818181818182,3275.5454545454545,11,34.01065754190284,34.01065754190284,34.01065754190284,7.793614272500542e-07,24.17071835339484
4929,8620.125,3346.125,8,33.990558915049945,33.990558915049945,33.990558915049945,7.789008629551552e-07,24.171360159780445
4076,8834.285714285714,3259.0,7,33.973532777674706,33.973532777674706,33.973532777674706,7.785107054079519e-07,24.171904149811112
1709,8911.0,2972.833333333333,12,33.967896049088715,33.967896049088715,33.967896049088715,7.783815385775139e-07,24.172084304995423
3019,9663.909090909092,3148.4545454545455,11,33.95150207158209,33.95150207158209,33.95150207158209,7.780058671077069e-07,24.172608442009505
4050,9304.5,3256.0,10,33.92474601415354,33.92474601415354,33.92474601415354,7.773927463799055e-07,24.173464412177882
7458,8827.111111111111,3647.4444444444443,9,33.92085126013632,33.92085126013632,33.92085126013632,7.773034972659796e-07,24.173589068032342
2915,8339.818181818182,3136.181818181818,11,33.89900735580797,33.89900735580797,33.89900735580797,7.768029395677615e-07,24.174288471395506
6242,8983.25,3484.5,8,33.877532202448066,33.877532202448066,33.877532202448066,7.763108318761545e-07,24.174976507475186
10436,9135.545454545454,3436.4545454545455,11,33.87322916327502,33.87322916327502,33.87322916327502,7.762122268213334e-07,24.175114423723883
10604,8898.2,3526.7,10,33.850736704230265,33.850736704230265,33.850736704230265,7.756968073543065e-07,24.175835612381515
9434,8921.888888888889,3056.1111111111113,9,33.84940283884468,33.84940283884468,33.84940283884468,7.756662415462392e-07,24.17587839592528
3141,9004.375,3162.125,8,33.84277477754029,33.84277477754029,33.84277477754029,7.755143581164136e-07,24.176091015060962
9047,8968.909090909092,4049.181818181818,11,33.83931784868175,33.83931784868175,33.83931784868175,7.754351418588103e-07,24.176201925131164
3148,8741.555555555555,3163.222222222222,9,33.83738991238022,33.83738991238022,33.83738991238022,7.753909627897711e-07,24.176263784825963
9483,8752.75,3089.25,12,33.8353410775865,33.8353410775865,33.8353410775865,7.753440133061552e-07,24.176329527528566
7336,8578.545454545454,3629.4545454545455,11,33.829562377801935,33.829562377801935,33.829562377801935,7.752115931756065e-07,24.176514975028446
3284,8411.1,3180.5,10,33.81660971260076,33.81660971260076,33.81660971260076,7.749147801067782e-07,24.17693076138544
10796,8757.416666666666,3908.583333333333,12,33.78945598539142,33.78945598539142,33.78945598539142,7.742925466916507e-07,24.177802925325352
2242,8813.888888888889,3052.222222222222,9,33.78717216593008,33.78717216593008,33.78717216593008,7.742402124845634e-07,24.17787631239846
1762,8844.166666666666,2980.833333333333,12,33.7789403280095,33.7789403280095,33.7789403280095,7.740515781736045e-07,24.178140871189143
4334,9117.555555555555,3285.777777777778,9,33.77312375549909,33.77312375549909,33.77312375549909,7.739182901815148e-07,24.17832784588676
642,8997.0,2727.181818181818,11,33.76822822632175,33.76822822632175,33.76822822632175,7.738061080926477e-07,24.178485238450655
4223,8703.4,3273.7,10,33.75752893712371,33.75752893712371,33.75752893712371,7.735609316126083e-07,24.1788293028857
9653,9225.545454545454,3191.0,11,33.751664857242275,33.751664857242275,33.751664857242275,7.734265549790407e-07,24.17901792441983
6829,8613.8,3555.5,10,33.74967078847891,33.74967078847891,33.74967078847891,7.733808604706197e-07,24.179082072266127
9957,8870.375,3279.625,8,33.74866371904011,33.74866371904011,33.74866371904011,7.73357783260948e-07,24.179114470450717
10705,8860.0,3645.916666666667,12,33.74641497702578,33.74641497702578,33.74641497702578,7.733062528609948e-07,24.179186817669752
10051,8393.777777777777,3321.333333333333,9,33.74514246540551,33.74514246540551,33.74514246540551,7.732770929874656e-07,24.179227759440533
3909,9117.4,3241.6,10,33.739894940775976,33.739894940775976,33.739894940775976,7.731568448481945e-07,24.179396609535488
5831,9061.545454545454,3439.818181818182,11,33.73488963592541,33.73488963592541,33.73488963592541,7.730421472265048e-07,24.179557690174317
8197,8925.0,3779.727272727273,11,33.71521994222907,33.71521994222907,33.71521994222907,7.725914120258147e-07,24.180190931523263
6189,8735.2,3478.6,10,33.70915284492149,33.70915284492149,33.70915284492149,7.724523832048908e-07,24.180386328734986
4069,9115.888888888889,3258.222222222222,9,33.700335637336764,33.700335637336764,33.700335637336764,7.722503350239896e-07,24.180670358825402
5457,9389.090909090908,3402.0,11,33.70029192577506,33.70029192577506,33.70029192577506,7.722493333642871e-07,24.180671767097902
5356,8663.888888888889,3392.1111111111113,9,33.69753286628004,33.69753286628004,33.69753286628004,7.721861089310854e-07,24.180760660494556
1598,8914.636363636364,2954.4545454545455,11,33.691684138943955,33.691684138943955,33.691684138943955,7.720520841043489e-07,24.180949123139435
4596,8311.8,3311.9,10,33.68559429393147,33.68559429393147,33.68559429393147,7.719125340149449e-07,24.18114539005265
932,8056.833333333333,2817.1666666666665,12,33.68409612219339,33.68409612219339,33.68409612219339,7.718782030919798e-07,24.181193679403165
9603,8621.0,3176.5454545454545,11,33.671785596069,33.671785596069,33.671785596069,7.715961047762187e-07,24.181590555925915
2254,9156.7,3053.4,10,33.66411679880993,33.66411679880993,33.66411679880993,7.714203726613732e-07,24.181837862060416
10749,8832.727272727272,3735.090909090909,11,33.66251605581626,33.66251605581626,33.66251605581626,7.713836912963432e-07,24.1818894905037
7860,8684.583333333334,3714.083333333333,12,33.64868548395176,33.64868548395176,33.64868548395176,7.710667608102237e-07,24.182335667439297
7042,8599.8,3585.5,10,33.62375320900725,33.62375320900725,33.62375320900725,7.704954324446545e-07,24.183140450953605
8569,8723.0,3867.909090909091,11,33.622622829101665,33.622622829101665,33.622622829101665,7.704695295494969e-07,24.183176952381963
10013,8976.2,3301.9,10,33.61894310188191,33.61894310188191,33.61894310188191,7.70385207820217e-07,24.18329578403066
10400,8703.111111111111,3420.1111111111113,9,33.61832647290481,33.61832647290481,33.61832647290481,7.703710776364921e-07,24.183315698474228
8167,9017.7,3774.4,10,33.60950961676925,33.60950961676925,33.60950961676925,7.701690375091231e-07,24.183600484673818
8666,8776.555555555555,3900.8888888888887,9,33.60019333306603,33.60019333306603,33.60019333306603,7.699555528931711e-07,24.183901483670432
9549,9232.5,3146.3,10,33.59724442457659,33.59724442457659,33.59724442457659,7.698879780300173e-07,24.183996777086975
8978,8726.2,4008.5,10,33.56481090358608,33.56481090358608,33.56481090358608,7.691447570211684e-07,24.185045412378212
760,8808.1,2765.1,10,33.564513834080344,33.564513834080344,33.564513834080344,7.691379496104709e-07,24.185055021863157
10100,9033.333333333334,3323.4444444444443,9,33.556795259824995,33.556795259824995,33.556795259824995,7.689610768452039e-07,24.18530472901781
4733,8648.777777777777,3327.4444444444443,9,33.546762719416165,33.546762719416165,33.546762719416165,7.687311790550087e-07,24.185629382218224
6331,9334.666666666666,3494.5,12,33.53551908054166,33.53551908054166,33.53551908054166,7.684735286867405e-07,24.18599334198781
5394,8985.3,3396.3,10,33.533172929999935,33.533172929999935,33.533172929999935,7.68419766149733e-07,24.18606930293202
7008,8638.555555555555,3580.222222222222,9,33.52784619149933,33.52784619149933,33.52784619149933,7.682977028078142e-07,24.18624178563304
8830,8545.272727272728,3953.272727272727,11,33.500272198663914,33.500272198663914,33.500272198663914,7.676658389167761e-07,24.187135084885327
5078,8516.222222222223,3361.666666666667,9,33.49777916733598,33.49777916733598,33.49777916733598,7.676087105754165e-07,24.187215886470398
3566,9133.6,3207.3,10,33.485769524323146,33.485769524323146,33.485769524323146,7.673335070599386e-07,24.187605215032995
3828,8695.7,3233.9,10,33.47724459317921,33.47724459317921,33.47724459317921,7.671381564556358e-07,24.187881660965367
5471,8714.3,3404.5,10,33.47713343624842,33.47713343624842,33.47713343624842,7.671356092710035e-07,24.18788526602026
5362,8604.111111111111,3392.333333333333,9,33.472622792354116,33.472622792354116,33.472622792354116,7.670322469099861e-07,24.188031565862595
8613,8864.75,3882.083333333333,12,33.46715125332964,33.46715125332964,33.46715125332964,7.669068654333676e-07,24.188209058186484
10605,8898.111111111111,3530.222222222222,9,33.46397190312411,33.46397190312411,33.46397190312411,7.668340099494401e-07,24.18831220707942
4779,9270.777777777777,3332.0,9,33.461721310759174,33.461721310759174,33.461721310759174,7.667824371483105e-07,24.188385229845302
5701,8919.5,3426.3,10,33.43654720712915,33.43654720712915,33.43654720712915,7.662055672271494e-07,24.189202364208544
1219,8748.833333333334,2883.5,12,33.40889212205036,33.40889212205036,33.40889212205036,7.655718450901642e-07,24.19010073900061
7107,8581.2,3593.8,10,33.37986751098741,33.37986751098741,33.37986751098741,7.649067399749357e-07,24.19104440297092
2733,9054.272727272728,3115.090909090909,11,33.34199279604574,33.34199279604574,33.34199279604574,7.640388328532559e-07,24.19227704107438
7621,8599.583333333334,3671.416666666667,12,33.3355760635649,33.3355760635649,33.3355760635649,7.638917920682201e-07,24.19248601326432
5334,8558.272727272728,3387.818181818182,11,33.32611241216279,33.32611241216279,33.32611241216279,7.636749304902087e-07,24.192794287154776
10633,8768.111111111111,3566.666666666667,9,33.326102981227855,33.326102981227855,33.326102981227855,7.636747143783354e-07,24.192794594406607
6299,8611.625,3490.25,8,33.325258350773076,33.325258350773076,33.325258350773076,7.636553594924169e-07,24.19282211210005
10718,8766.7,3671.9,10,33.3226255684756,33.3226255684756,33.3226255684756,7.635950287279655e-07,24.192907891479468
3740,8620.375,3226.375,8,33.31979901334154,33.31979901334154,33.31979901334154,7.635302576178871e-07,24.192999991767383
7661,8666.454545454546,3677.5454545454545,11,33.31262014742936,33.31262014742936,33.31262014742936,7.633657523837127e-07,24.19323394259067
2151,8337.727272727272,3039.909090909091,11,33.31187062773412,33.31187062773412,33.31187062773412,7.633485769810111e-07,24.193258371465394
5101,9443.0,3363.636363636364,11,33.31081848597998,33.31081848597998,33.31081848597998,7.633244669296789e-07,24.19329266453913
10205,9061.0,3359.1,10,33.305378286926725,33.305378286926725,33.305378286926725,7.631998036151445e-07,24.193469997421296
1145,8799.666666666666,2868.5,12,33.30098445301422,33.30098445301422,33.30098445301422,7.630991179796219e-07,24.19361324333256
9460,8733.555555555555,3085.222222222222,9,33.30073992947217,33.30073992947217,33.30073992947217,7.63093514670821e-07,24.193621215740635
9872,8810.875,3263.25,8,33.272224899217406,33.272224899217406,33.272224899217406,7.624400867078347e-07,24.194551317102363
4756,8559.0,3330.5,8,33.267933149395496,33.267933149395496,33.267933149395496,7.62341740350888e-07,24.19469137412376
3332,9116.0,3183.9,10,33.26510639740489,33.26510639740489,33.26510639740489,7.622769647298003e-07,24.194783632255984
6197,8483.0,3481.0,10,33.263544658694364,33.263544658694364,33.263544658694364,7.622411771561867e-07,24.1948346068732
3058,8926.75,3153.625,8,33.259707366827456,33.259707366827456,33.259707366827456,7.621532447996162e-07,24.194959864932176
9795,8571.666666666666,3245.5555555555557,9,33.25686441708478,33.25686441708478,33.25686441708478,7.620880980036061e-07,24.1950526746902
1160,8871.888888888889,2871.5555555555557,9,33.24582559025309,33.24582559025309,33.24582559025309,7.618351409467156e-07,24.19541311887848
1315,9245.888888888889,2903.5555555555557,9,33.23646259873095,33.23646259873095,33.23646259873095,7.616205860111918e-07,24.195718936840667
1662,8692.727272727272,2967.636363636364,11,33.234265243439026,33.234265243439026,33.234265243439026,7.615702331488756e-07,24.195790720263943
2587,8966.0,3098.25,12,33.23270520361182,33.23270520361182,33.23270520361182,7.615344845055335e-07,24.195841686682606
886,8723.363636363636,2804.818181818182,11,33.22207444404751,33.22207444404751,33.22207444404751,7.612908783965781e-07,24.196189056749972
864,8901.0,2794.6363636363635,11,33.22108826884438,33.22108826884438,33.22108826884438,7.612682799827463e-07,24.19622128658608
7370,8780.5,3632.5,8,33.220945967721946,33.220945967721946,33.220945967721946,7.612650191223602e-07,24.19622593730102
10511,8844.0,3477.5,8,33.22027854449904,33.22027854449904,33.22027854449904,7.61249724977725e-07,24.196247750431716
9009,8620.727272727272,4026.818181818182,11,33.21329118349421,33.21329118349421,33.21329118349421,7.610896081190986e-07,24.196476141917458
9864,8711.555555555555,3261.333333333333,9,33.2097934138358,33.2097934138358,33.2097934138358,7.610094559859085e-07,24.19659048936701
6235,9004.0,3484.272727272727,11,33.20778186869741,33.20778186869741,33.20778186869741,7.609633610026493e-07,24.196656255314522
5116,9222.3,3365.2,10,33.13783880448555,33.13783880448555,33.13783880448555,7.593606008595018e-07,24.198945471827948
4637,9176.3,3316.9,10,33.13753059773313,33.13753059773313,33.13753059773313,7.593535382364357e-07,24.198955570035857
5028,8998.8,3355.4,10,33.13452128917926,33.13452128917926,33.13452128917926,7.592845792930019e-07,24.199054173147047
3218,8864.727272727272,3171.909090909091,11,33.12768717586842,33.12768717586842,33.12768717586842,7.591279741377687e-07,24.199278133212584
4966,8535.818181818182,3349.636363636364,11,33.12557606744271,33.12557606744271,33.12557606744271,7.590795976406748e-07,24.199347325482925
8390,8953.0,3823.5,10,33.12061075559815,33.12061075559815,33.12061075559815,7.589658164671956e-07,24.199510082589597
7531,8655.555555555555,3658.1111111111113,9,33.119292679708984,33.119292679708984,33.119292679708984,7.589356124787859e-07,24.19955329167172
2785,8899.2,3121.2,10,33.1147856726343,33.1147856726343,33.1147856726343,7.58832333456261e-07,24.199701053092593
2390,8388.09090909091,3074.727272727273,11,33.11175597706789,33.11175597706789,33.11175597706789,7.587629073401131e-07,24.199800392423505
8076,8513.454545454546,3757.909090909091,11,33.10284738546041,33.10284738546041,33.10284738546041,7.585587650749588e-07,24.20009254490978
5748,8745.0,3430.25,8,33.09675317199421,33.09675317199421,33.09675317199421,7.584191148815118e-07,24.200292446666367
5048,9006.9,3357.6,10,33.08575240925644,33.08575240925644,33.08575240925644,7.581670300714025e-07,24.200653385751085
3460,8935.636363636364,3196.909090909091,11,33.07049148602901,33.07049148602901,33.07049148602901,7.578173227805914e-07,24.20115430104447
4355,8629.7,3290.4,10,33.069820344803205,33.069820344803205,33.069820344803205,7.578019434371315e-07,24.201176335483293
4007,8149.909090909091,3252.818181818182,11,33.04885366858367,33.04885366858367,33.04885366858367,7.573214876069843e-07,24.201864924011957
6009,9109.636363636364,3457.090909090909,11,33.04703144688442,33.04703144688442,33.04703144688442,7.572797310104661e-07,24.201924790131276
5997,8931.444444444445,3456.222222222222,9,33.0263698893412,33.0263698893412,33.0263698893412,7.568062670394667e-07,24.202603822884214
10333,8621.363636363636,3399.4545454545455,11,33.025548999147944,33.025548999147944,33.025548999147944,7.567874561666736e-07,24.202630809842894
8316,8542.0,3807.4,10,33.01701042782128,33.01701042782128,33.01701042782128,7.565917929946921e-07,24.202911557171838
6876,8687.3,3561.1,10,33.01450815129601,33.01450815129601,33.01450815129601,7.565344527976758e-07,24.202993845517696
994,8854.727272727272,2836.090909090909,11,33.007654363111,33.007654363111,33.007654363111,7.563773967885305e-07,24.203219266973626
6726,8740.875,3542.375,8,32.997635407556146,32.997635407556146,32.997635407556146,7.561478102981439e-07,24.2035488751884
3650,8336.583333333334,3216.0,12,32.98197737201086,32.98197737201086,32.98197737201086,7.55789003094388e-07,24.204064200928876
4404,8454.222222222223,3293.1111111111113,9,32.981705824123075,32.981705824123075,32.981705824123075,7.55782780516976e-07,24.204073140071106
3403,8474.818181818182,3191.363636363636,11,32.97963309801208,32.97963309801208,32.97963309801208,7.5573528355876e-07,24.20414137500444
8290,8432.555555555555,3800.777777777778,9,32.96459849819544,32.96459849819544,32.96459849819544,7.553907625168839e-07,24.204636448166497
1207,9334.5,2881.0,10,32.95834396742096,32.95834396742096,32.95834396742096,7.552474386183331e-07,24.204842469629497
3312,8505.0,3182.3,10,32.95793726715276,32.95793726715276,32.95793726715276,7.552381189954739e-07,24.204855867509274
3579,9377.272727272728,3208.363636363636,11,32.95407809348019,32.95407809348019,32.95407809348019,7.551496852126882e-07,24.20498300804833
587,8951.272727272728,2706.909090909091,11,32.95152171941221,32.95152171941221,32.95152171941221,7.550911053590129e-07,24.205067236031617
6141,8700.545454545454,3473.272727272727,11,32.94272628427463,32.94272628427463,32.94272628427463,7.548895560983534e-07,24.205357079916677
4270,9036.9,3277.8,10,32.93098336785653,32.93098336785653,32.93098336785653,7.546204646793353e-07,24.20574417545773
9124,8649.111111111111,4085.3333333333335,9,32.91591979284301,32.91591979284301,32.91591979284301,7.542752796646805e-07,24.206240935920732
4457,9070.777777777777,3299.1111111111113,9,32.90714336379806,32.90714336379806,32.90714336379806,7.540741659326628e-07,24.20653046625743
1512,8886.3,2938.6,10,32.89227965387411,32.89227965387411,32.89227965387411,7.537335608689033e-07,24.207020989351275
7896,8838.916666666666,3720.333333333333,12,32.87905816499544,32.87905816499544,32.87905816499544,7.534305876485192e-07,24.20745750318316
9402,9414.909090909092,3017.909090909091,11,32.852130488911925,32.852130488911925,32.852130488911925,7.528135342428589e-07,24.20834707646087
1096,9005.333333333334,2856.6666666666665,9,32.84882350031275,32.84882350031275,32.84882350031275,7.527377538980838e-07,24.208456375246836
6231,8746.111111111111,3484.8888888888887,9,32.818943438634506,32.818943438634506,32.818943438634506,7.520530459506651e-07,24.20944443585909
186,9026.545454545454,2488.818181818182,11,32.778157082441936,32.778157082441936,32.778157082441936,7.511184179525029e-07,24.210794593989043
4222,8594.0,3273.5,10,32.7752065604176,32.7752065604176,32.7752065604176,7.510508061148551e-07,24.210892330807077
1451,9119.4,2929.3,10,32.763215572986105,32.763215572986105,32.763215572986105,7.507760300959782e-07,24.21128962597857
10776,8592.272727272728,3823.090909090909,11,32.755282935669,32.755282935669,32.755282935669,7.505942520302735e-07,24.211552536508346
6429,8998.111111111111,3505.333333333333,9,32.753930179316406,32.753930179316406,32.753930179316406,7.505632533316926e-07,24.21159737711865
3098,9052.5,3156.7,10,32.750499689149486,32.750499689149486,32.750499689149486,7.504846429223123e-07,24.211711097897087
5653,9573.8,3419.0,10,32.743620496524656,32.743620496524656,32.743620496524656,7.503270047650433e-07,24.211939179089676
4839,8273.0,3339.5,10,32.73744899458306,32.73744899458306,32.73744899458306,7.501855834897989e-07,24.212143837418182
1304,8772.181818181818,2901.272727272727,11,32.73720114461601,32.73720114461601,32.73720114461601,7.501799039552638e-07,24.212152057383683
5149,9196.545454545454,3369.272727272727,11,32.73043670111169,32.73043670111169,32.73043670111169,7.500248952984162e-07,24.212376424765356
7363,9048.222222222223,3631.4444444444443,9,32.7286886060771,32.7286886060771,32.7286886060771,7.499848373301322e-07,24.212434414237713
9391,8867.8,3005.1,10,32.72390551141177,32.72390551141177,32.72390551141177,7.498752317019421e-07,24.212593099439673
1870,8752.818181818182,3000.272727272727,11,32.723629265715225,32.723629265715225,32.723629265715225,7.498689014732464e-07,24.212602264947748
4139,8938.375,3266.0,8,32.72141779472932,32.72141779472932,32.72141779472932,7.498182251468103e-07,24.21267564174932
3827,8685.444444444445,3234.5555555555557,9,32.71730998946292,32.71730998946292,32.71730998946292,7.497240939183463e-07,24.212811952250966
2316,8727.9,3064.5,10,32.71455058285709,32.71455058285709,32.71455058285709,7.496608615310269e-07,24.212903528056124
978,8697.363636363636,2830.090909090909,11,32.70788187233835,32.70788187233835,32.70788187233835,7.495080466158373e-07,24.213124872943578
4849,8841.0,3338.714285714286,7,32.699643619957584,32.699643619957584,32.699643619957584,7.493192653161636e-07,24.213398375689742
9996,8425.4,3294.2,10,32.69742290795986,32.69742290795986,32.69742290795986,7.492683772299828e-07,24.21347211316896
8154,9010.0,3770.666666666667,12,32.67295898350267,32.67295898350267,32.67295898350267,7.487077812151129e-07,24.21428475549918
3085,8852.3,3154.8,10,32.67197655323804,32.67197655323804,32.67197655323804,7.486852686173405e-07,24.214317402561978
7367,8523.4,3633.3,10,32.667461712397845,32.667461712397845,32.667461712397845,7.485818100824185e-07,24.21446744750564
4586,8729.0,3311.285714285714,7,32.66494188606001,32.66494188606001,32.66494188606001,7.485240677277268e-07,24.21455119971849
10581,8910.090909090908,3518.181818181818,11,32.64598932667633,32.64598932667633,32.64598932667633,7.480897658118317e-07,24.21518133865821
4886,9198.1,3343.0,10,32.64360139747952,32.64360139747952,32.64360139747952,7.480350459080867e-07,24.215260759011613
7279,8640.666666666666,3618.666666666667,9,32.64012302975347,32.64012302975347,32.64012302975347,7.479553383742897e-07,24.215376456754363
2719,8572.272727272728,3113.636363636364,11,32.61271102656885,32.61271102656885,32.61271102656885,7.473271865104387e-07,24.216288668660056
3494,8653.222222222223,3200.5555555555557,9,32.609849013603835,32.609849013603835,32.609849013603835,7.472616028766476e-07,24.216383954435248
1887,8809.666666666666,3000.666666666667,9,32.60348662262594,32.60348662262594,32.60348662262594,7.471158073386711e-07,24.21659580920967
8024,8973.111111111111,3745.666666666667,9,32.600291894391205,32.600291894391205,32.600291894391205,7.470425994639445e-07,24.216702202801905
4933,9078.636363636364,3348.090909090909,11,32.563082906071614,32.563082906071614,32.563082906071614,7.461899476089323e-07,24.21794213705256
8280,8633.3,3798.2,10,32.55937750615131,32.55937750615131,32.55937750615131,7.461050375842771e-07,24.2180656915628
763,8607.666666666666,2765.8333333333335,12,32.55553228597843,32.55553228597843,32.55553228597843,7.460169235488947e-07,24.218193923169817
7462,8871.666666666666,3649.0,12,32.55204407799495,32.55204407799495,32.55204407799495,7.459369905235129e-07,24.218310262124902
6615,8797.636363636364,3526.909090909091,11,32.54295441049884,32.54295441049884,32.54295441049884,7.457286988659856e-07,24.218613479926052
4620,9135.2,3316.3,10,32.538115193740104,32.538115193740104,32.538115193740104,7.45617807188128e-07,24.218774943555314
3323,8367.555555555555,3182.666666666667,9,32.52808651194261,32.52808651194261,32.52808651194261,7.453879978188296e-07,24.21910963353919
5509,8404.0,3407.0,9,32.516796618047664,32.516796618047664,32.516796618047664,7.451292875069626e-07,24.219486537796154
2141,8929.666666666666,3038.222222222222,9,32.510482226989254,32.510482226989254,32.510482226989254,7.449845918973162e-07,24.219697395858383
6860,9112.181818181818,3559.818181818182,11,32.506885221160545,32.506885221160545,32.506885221160545,7.449021657462476e-07,24.21981752989685
1651,8657.545454545454,2963.272727272727,11,32.50384781489429,32.50384781489429,32.50384781489429,7.448325629377783e-07,24.219918984589025
8659,8895.0,3900.090909090909,11,32.473724847495944,32.473724847495944,32.473724847495944,7.441422887542916e-07,24.220925658039633
10547,8625.7,3495.5,10,32.47200741466346,32.47200741466346,32.47200741466346,7.441029334168689e-07,24.2209830807198
8739,8843.181818181818,3922.818181818182,11,32.444357355970205,32.444357355970205,32.444357355970205,7.434693264605737e-07,24.221907983761074
797,9458.666666666666,2778.25,12,32.43702226128409,32.43702226128409,32.43702226128409,7.433012412109269e-07,24.222153477243083
9913,9058.3,3285.9,10,32.42252729804561,32.42252729804561,32.42252729804561,7.429690860556329e-07,24.22263876296411
6630,8307.0,3529.416666666667,12,32.41807259559869,32.41807259559869,32.41807259559869,7.42867005604741e-07,24.222787948250605
6640,8260.363636363636,3530.0,11,32.41201306963643,32.41201306963643,32.41201306963643,7.427281502828001e-07,24.222990911016193
9877,8817.857142857143,3278.142857142857,7,32.40350526220226,32.40350526220226,32.40350526220226,7.425331920719365e-07,24.22327594259027
7232,8641.909090909092,3612.818181818182,11,32.40315473958827,32.40315473958827,32.40315473958827,7.42525159771932e-07,24.223287687527986
10563,8683.111111111111,3514.333333333333,9,32.38581389357407,32.38581389357407,32.38581389357407,7.421277906095541e-07,24.223868884765277
6854,8922.25,3558.0,8,32.385472211709086,32.385472211709086,32.385472211709086,7.421199608971873e-07,24.223880339729156
4207,9173.777777777777,3271.1111111111113,9,32.366952962764564,32.366952962764564,32.366952962764564,7.416955883818597e-07,24.224501382711196
6015,8785.0,3458.333333333333,9,32.34977278703738,32.34977278703738,32.34977278703738,7.413019010131681e-07,24.22507783768518
1166,9323.727272727272,2873.272727272727,11,32.33744317695324,32.33744317695324,32.33744317695324,7.410193653844238e-07,24.225491727942213
3710,9018.7,3221.0,10,32.32884211675207,32.32884211675207,32.32884211675207,7.408222702666364e-07,24.225780548692384
3680,8945.666666666666,3217.666666666667,9,32.31833016922208,32.31833016922208,32.31833016922208,7.405813867606337e-07,24.226133640767813
4514,8668.857142857143,3305.285714285714,7,32.297530814724155,32.297530814724155,32.297530814724155,7.401047651432065e-07,24.226832621254957
1198,8890.0,2879.1,10,32.29628894909419,32.29628894909419,32.29628894909419,7.400763075290416e-07,24.226874369474245
9472,8707.777777777777,3083.8888888888887,9,32.291041054606616,32.291041054606616,32.291041054606616,7.39956050914395e-07,24.227050807455385
4356,9039.42857142857,3288.142857142857,7,32.26608518797548,32.26608518797548,32.26608518797548,7.393841819403258e-07,24.22789023420342
4857,8365.545454545454,3341.272727272727,11,32.264487249318655,32.264487249318655,32.264487249318655,7.393475648372691e-07,24.22794400530098
10722,8651.555555555555,3685.1111111111113,9,32.22914633571056,32.22914633571056,32.22914633571056,7.385377203102707e-07,24.22913391851012
5573,9335.545454545454,3413.272727272727,11,32.20328498089799,32.20328498089799,32.20328498089799,7.37945101882576e-07,24.230005486140218
2976,8917.875,3144.125,8,32.2019642776351,32.2019642776351,32.2019642776351,7.379148376873404e-07,24.230050014664364
1393,9156.2,2918.9,10,32.20096033176941,32.20096033176941,32.20096033176941,7.378918320550087e-07,24.230083864691537
1429,9188.3,2926.2,10,32.195216326117404,32.195216326117404,32.195216326117404,7.377602069478622e-07,24.23027755553584
3358,9059.111111111111,3186.666666666667,9,32.18470809970988,32.18470809970988,32.18470809970988,7.375194087121696e-07,24.2306319878239
3461,8977.666666666666,3196.777777777778,9,32.16135930049023,32.16135930049023,32.16135930049023,7.369843660285056e-07,24.231419934587
2934,8313.0,3137.5,6,32.157734277984346,32.157734277984346,32.157734277984346,7.369012978693404e-07,24.231542318717835
8394,8678.545454545454,3825.5454545454545,11,32.1513733949655,32.1513733949655,32.1513733949655,7.367555368865653e-07,24.231757101390468
6169,9505.818181818182,3476.4545454545455,11,32.150128304957484,32.150128304957484,32.150128304957484,7.367270053850938e-07,24.231799148287173
4610,9709.090909090908,3314.272727272727,11,32.14643188256022,32.14643188256022,32.14643188256022,7.366423010822821e-07,24.231923986680318
5366,8878.714285714286,3392.0,7,32.11608176022992,32.11608176022992,32.11608176022992,7.359468215953767e-07,24.23294953726074
5333,8424.7,3388.8,10,32.10932526984677,32.10932526984677,32.10932526984677,7.357919951859866e-07,24.233177975400487
7019,8337.222222222223,3581.666666666667,9,32.102972817067126,32.102972817067126,32.102972817067126,7.356464273839298e-07,24.233392796803855
5669,8836.333333333334,3421.222222222222,9,32.09900115188984,32.09900115188984,32.09900115188984,7.355554158344672e-07,24.233527128520315
5398,9224.9,3395.6,10,32.08817609291499,32.08817609291499,32.08817609291499,7.353073573133313e-07,24.233893343676165
10750,8527.75,3732.125,8,32.084251308260434,32.084251308260434,32.084251308260434,7.352174200409849e-07,24.234026150894877
3783,9202.5,3227.6,10,32.07218107120213,32.07218107120213,32.07218107120213,7.349408280001102e-07,24.234434686502073
2415,8503.75,3077.125,8,32.066966827342604,32.066966827342604,32.066966827342604,7.348213424967387e-07,24.23461121810677
4783,8338.888888888889,3333.222222222222,9,32.06431513645629,32.06431513645629,32.06431513645629,7.347605784379657e-07,24.23470100383107
6329,9011.111111111111,3494.5555555555557,9,32.057109943728435,32.057109943728435,32.057109943728435,7.345954699192294e-07,24.234945007723063
4522,8573.6,3307.5,10,32.05279860459028,32.05279860459028,32.05279860459028,7.344966746689484e-07,24.235091037474355
1634,8861.272727272728,2960.5454545454545,11,32.04034554006861,32.04034554006861,32.04034554006861,7.342113100555978e-07,24.23551294666174
6056,8452.545454545454,3464.727272727273,11,32.03626923823753,32.03626923823753,32.03626923823753,7.341179007350324e-07,24.235651087183076
2253,8951.727272727272,3053.0,11,32.02297692155275,32.02297692155275,32.02297692155275,7.338133044804569e-07,24.236101668497785
10328,8583.222222222223,3395.5555555555557,9,32.022517313370614,32.022517313370614,32.022517313370614,7.338027724615342e-07,24.236117251584442
6980,8320.5,3574.875,8,32.01386480159182,32.01386480159182,32.01386480159182,7.336044983199388e-07,24.236410658083912
1691,8632.090909090908,2970.363636363636,11,31.99334309561647,31.99334309561647,31.99334309561647,7.331342390772632e-07,24.237106865922257
4174,9326.2,3268.1,10,31.962951674000738,31.962951674000738,31.962951674000738,7.324378132084775e-07,24.23813872898952
6643,9135.909090909092,3530.5454545454545,11,31.93329165942351,31.93329165942351,31.93329165942351,7.317581476870248e-07,24.239146705430485
7059,8799.3,3587.0,10,31.923058416721062,31.923058416721062,31.923058416721062,7.315236507612258e-07,24.239494692817047
9547,9221.7,3143.0,10,31.922278362008495,31.922278362008495,31.922278362008495,7.315057756421291e-07,24.239521223608044
10469,9018.818181818182,3450.4545454545455,11,31.906703191278183,31.906703191278183,31.906703191278183,7.311488673031744e-07,24.240051093478485
9764,8950.25,3235.75,8,31.90523733433163,31.90523733433163,31.90523733433163,7.311152768805075e-07,24.240100975489437
3932,8522.555555555555,3243.777777777778,9,31.904521423246734,31.904521423246734,31.904521423246734,7.310988716262362e-07,24.24012533823894
10636,8873.444444444445,3568.1111111111113,9,31.90068057603247,31.90068057603247,31.90068057603247,7.310108577981276e-07,24.240256053188563
6807,9344.4,3552.4,10,31.890453254411064,31.890453254411064,31.890453254411064,7.307764965551558e-07,24.24060419478099
6292,9284.8,3489.6,10,31.887975618755572,31.887975618755572,31.887975618755572,7.307197210088939e-07,24.24068855116236
4749,8978.818181818182,3329.090909090909,11,31.879818305341985,31.879818305341985,31.879818305341985,7.305327944428107e-07,24.240966330587057
10408,9010.0,3422.0,11,31.874682952628987,31.874682952628987,31.874682952628987,7.304151167467854e-07,24.241141240225332
6432,8608.9,3507.7,10,31.87338154784655,31.87338154784655,31.87338154784655,7.303852947803204e-07,24.241185570427373
4613,8733.625,3314.375,8,31.868022024153504,31.868022024153504,31.868022024153504,7.302624801587669e-07,24.24136815281814
2952,8567.8,3141.2,10,31.855109579020663,31.855109579020663,31.855109579020663,7.299665887413305e-07,24.24180816601309
9561,8776.8,3157.5,10,31.847424933634144,31.847424933634144,31.847424933634144,7.297904934632851e-07,24.24207011784346
3193,9312.9,3167.7,10,31.823369269370104,31.823369269370104,31.823369269370104,7.292392528172855e-07,24.242890528745843
4913,8583.2,3346.4,10,31.821581068349232,31.821581068349232,31.821581068349232,7.291982758118242e-07,24.242951539543398
1203,9250.545454545454,2880.4545454545455,11,31.778660355290047,31.778660355290047,31.778660355290047,7.282147385736163e-07,24.244416960998837
9858,8920.714285714286,3275.0,7,31.757330992358874,31.757330992358874,31.757330992358874,7.277259717005886e-07,24.245145935614254
1546,8694.0,2946.333333333333,12,31.749901323827775,31.749901323827775,31.749901323827775,7.275557192712359e-07,24.245399974716765
4338,9395.25,3286.25,12,31.743521914243765,31.743521914243765,31.743521914243765,7.274095337482926e-07,24.24561815025749
10246,8532.777777777777,3368.1111111111113,9,31.743025817544748,31.743025817544748,31.743025817544748,7.273981655872706e-07,24.245635118581216
9005,8819.0,4025.4545454545455,11,31.73212475615189,31.73212475615189,31.73212475615189,7.271483654546148e-07,24.246008041749857
5957,8603.0,3451.5,6,31.73000440752545,31.73000440752545,31.73000440752545,7.270997772163623e-07,24.246080593342487
5506,9339.8,3406.1,10,31.70750280297753,31.70750280297753,31.70750280297753,7.265841481781916e-07,24.24685082561742
3250,8841.25,3173.875,8,31.693674814008858,31.693674814008858,31.693674814008858,7.262672768796775e-07,24.24732443033786
1772,8863.222222222223,2981.666666666667,9,31.693287019171983,31.693287019171983,31.693287019171983,7.262583904787846e-07,24.24733771518011
8602,8602.875,3878.875,8,31.684656095163007,31.684656095163007,31.684656095163007,7.260606110255108e-07,24.24763343025935
945,8842.222222222223,2822.6666666666665,9,31.67697112104951,31.67697112104951,31.67697112104951,7.25884508214617e-07,24.247896802746297
1867,8923.727272727272,2998.181818181818,11,31.660809176033496,31.660809176033496,31.660809176033496,7.255141538185192e-07,24.248450898868445
3640,8617.25,3216.375,8,31.658122378019364,31.658122378019364,31.658122378019364,7.254525852724702e-07,24.248543040469986
3849,8523.111111111111,3236.1111111111113,9,31.654040417055526,31.654040417055526,31.654040417055526,7.25359046271678e-07,24.248683043041854
2837,8379.0,3128.1,10,31.65008786096458,31.65008786096458,31.65008786096458,7.252684726109797e-07,24.248818624507763
2190,8743.0,3044.333333333333,9,31.64251414330524,31.64251414330524,31.64251414330524,7.250949192653174e-07,24.24907846718277
10618,8768.111111111111,3546.333333333333,9,31.622992498813446,31.622992498813446,31.622992498813446,7.246475766435334e-07,24.249748511824748
8175,8694.333333333334,3776.583333333333,12,31.61519944016296,31.61519944016296,31.61519944016296,7.244689970525625e-07,24.25001610979699
10173,8926.444444444445,3358.777777777778,9,31.612434923335,31.612434923335,31.612434923335,7.244056475634196e-07,24.25011105359936
7403,8474.6,3638.3,10,31.601628420589535,31.601628420589535,31.601628420589535,7.241580142622136e-07,24.250482268824936
5217,8779.0,3375.0,7,31.597716671815846,31.597716671815846,31.597716671815846,7.240683757098406e-07,24.250616672979497
2516,8614.555555555555,3089.333333333333,9,31.59308081499971,31.59308081499971,31.59308081499971,7.239621440681766e-07,24.250775978378208
4126,8873.875,3264.75,8,31.58769682461886,31.58769682461886,31.58769682461886,7.238387687872857e-07,24.250961021789045
3303,8714.625,3181.875,8,31.582393689569244,31.582393689569244,31.582393689569244,7.237172463234498e-07,24.251143317102812
216,8640.818181818182,2513.6363636363635,11,31.577924668135775,31.577924668135775,31.577924668135775,7.236148377499458e-07,24.251296963522098
10001,8907.75,3299.625,8,31.566406604922918,31.566406604922918,31.566406604922918,7.233508988897909e-07,24.251693058567383
10693,8452.6,3619.3,10,31.56454655792158,31.56454655792158,31.56454655792158,7.233082755184571e-07,24.251757037337587
7383,8843.583333333334,3637.833333333333,12,31.561160581647854,31.561160581647854,31.561160581647854,7.232306851543756e-07,24.251873512136804
7709,8878.909090909092,3687.5454545454545,11,31.556099001234834,31.556099001234834,31.556099001234834,7.231146979662428e-07,24.25204764964391
4149,8478.777777777777,3266.1111111111113,9,31.553198324762448,31.553198324762448,31.553198324762448,7.230482283499844e-07,24.252147456474283
1816,8836.0,2989.090909090909,11,31.549314619237286,31.549314619237286,31.549314619237286,7.229592324145962e-07,24.252281101855612
6751,8453.5,3545.125,8,31.5404712569807,31.5404712569807,31.5404712569807,7.227565848938451e-07,24.252585479450282
8111,8660.2,3761.9,10,31.52500804715791,31.52500804715791,31.52500804715791,7.2240224216282e-07,24.25311790914932
2259,8980.3,3054.4,10,31.505009540205187,31.505009540205187,31.505009540205187,7.219439721366571e-07,24.253806885754415
5176,8957.57142857143,3371.714285714286,7,31.504446086039167,31.504446086039167,31.504446086039167,7.219310604650001e-07,24.253826303874497
7121,9059.0,3594.909090909091,11,31.495533123194946,31.495533123194946,31.495533123194946,7.217268180320292e-07,24.25413351434148
6690,8504.545454545454,3538.818181818182,11,31.49311097775412,31.49311097775412,31.49311097775412,7.216713140557993e-07,24.25421701545623
9846,8623.333333333334,3256.4444444444443,9,31.476705724333698,31.476705724333698,31.476705724333698,7.212953841960374e-07,24.25478273976424
7287,8733.0,3620.0,7,31.475940793208494,31.475940793208494,31.475940793208494,7.21277855637151e-07,24.254809125101882
4539,8549.777777777777,3307.5555555555557,9,31.474722432862244,31.474722432862244,31.474722432862244,7.212499366515451e-07,24.254851152234586
7789,8868.777777777777,3699.666666666667,9,31.47411921812916,31.47411921812916,31.47411921812916,7.212361138580653e-07,24.254871960626218
7647,8699.0,3675.363636363636,11,31.47312536200998,31.47312536200998,31.47312536200998,7.212133394344138e-07,24.254906245385722
7089,8603.090909090908,3591.181818181818,11,31.47088513882484,31.47088513882484,31.47088513882484,7.211620042452373e-07,24.254983529670614
700,8685.0,2746.0,9,31.46128237097404,31.46128237097404,31.46128237097404,7.209419547843139e-07,24.25531487286806
8073,8860.875,3754.875,8,31.45649801629756,31.45649801629756,31.45649801629756,7.208323202827009e-07,24.25547999462114
4965,8462.4,3350.0,10,31.439834570762116,31.439834570762116,31.439834570762116,7.20450473895891e-07,24.256055293872873
6648,8413.2,3531.5,10,31.431830640150373,31.431830640150373,31.431830640150373,7.202670621292266e-07,24.25633173500938
4249,8627.4,3276.4,10,31.42712431353354,31.42712431353354,31.42712431353354,7.201592156571412e-07,24.256494315797198
2715,9681.3,3112.6,10,31.425464676286225,31.425464676286225,31.425464676286225,7.201211847178043e-07,24.256551654031803
6579,9086.888888888889,3522.1111111111113,9,31.42492163822827,31.42492163822827,31.42492163822827,7.201087408855914e-07,24.256570415923804
3139,8925.0,3161.714285714286,7,31.424457326353263,31.424457326353263,31.424457326353263,7.200981010805494e-07,24.25658645809387
6571,8660.1,3520.8,10,31.41655711046524,31.41655711046524,31.41655711046524,7.199170659587649e-07,24.256859450200604
5336,8915.875,3387.875,8,31.416482667375092,31.416482667375092,31.416482667375092,7.199153600795735e-07,24.256862022909438
8865,8218.09090909091,3965.181818181818,11,31.416414798625638,31.416414798625638,31.416414798625638,7.199138048527927e-07,24.256864368418288
2356,8901.333333333334,3067.666666666667,9,31.415580061445404,31.415580061445404,31.415580061445404,7.198946766733577e-07,24.25689321691753
9878,8812.0,3281.4285714285716,7,31.408395280948724,31.408395280948724,31.408395280948724,7.197300359052258e-07,24.257141554476558
1860,8715.090909090908,2996.5454545454545,11,31.40717443142089,31.40717443142089,31.40717443142089,7.197020598794962e-07,24.25718375804294
2975,8728.272727272728,3144.181818181818,11,31.40257104326271,31.40257104326271,31.40257104326271,7.19596572264012e-07,24.257342907396566
5901,8784.5,3446.25,8,31.39810323643691,31.39810323643691,31.39810323643691,7.194941915235002e-07,24.25749739171351
10326,8819.625,3397.375,8,31.39586421924963,31.39586421924963,31.39586421924963,7.194428839700204e-07,24.257574818960833
2947,8944.545454545454,3139.4545454545455,11,31.38684582443436,31.38684582443436,31.38684582443436,7.192362255410831e-07,24.257886739163716
6849,8941.0,3556.777777777778,9,31.38093063071225,31.38093063071225,31.38093063071225,7.19100677623021e-07,24.25809137728741
6110,8829.7,3469.0,10,31.37471125712254,31.37471125712254,31.37471125712254,7.189581593588121e-07,24.25830658022045
398,8643.090909090908,2618.818181818182,11,31.371659554602516,31.371659554602516,31.371659554602516,7.188882289486571e-07,24.258412190915436
8212,8748.7,3783.3,10,31.35811070699999,31.35811070699999,31.35811070699999,7.185777542337213e-07,24.258881201866448
1607,9076.7,2954.6,10,31.35164258320456,31.35164258320456,31.35164258320456,7.184295358058175e-07,24.259105175836616
9610,8466.0,3175.5,10,31.33505498658708,31.33505498658708,31.33505498658708,7.180494275130414e-07,24.259679771574344
9523,8917.25,3128.5,8,31.33479691155688,31.33479691155688,31.33479691155688,7.180435136690168e-07,24.25968871371783
9359,8794.181818181818,2862.090909090909,11,31.330637946869192,31.330637946869192,31.330637946869192,7.179482101115692e-07,24.259832829482843
9052,8644.818181818182,4053.090909090909,11,31.329005722764247,31.329005722764247,31.329005722764247,7.179108073502008e-07,24.259889394273245
1776,8622.888888888889,2982.5555555555557,9,31.324044015778775,31.324044015778775,31.324044015778775,7.177971087828317e-07,24.260061360520545
6170,8515.5,3475.9,10,31.313656803702628,31.313656803702628,31.313656803702628,7.175590836161955e-07,24.260421455868027
4601,8828.285714285714,3311.857142857143,7,31.294638547633667,31.294638547633667,31.294638547633667,7.171232762468305e-07,24.261081074842945
8882,8879.333333333334,3970.6666666666665,9,31.288136150140595,31.288136150140595,31.288136150140595,7.169742724298797e-07,24.261306692464903
8383,8452.454545454546,3823.0,11,31.278773915134693,31.278773915134693,31.278773915134693,7.167597348300859e-07,24.261631621970565
3504,9264.3,3200.1,10,31.27223818347535,31.27223818347535,31.27223818347535,7.166099671536488e-07,24.26185851136132
5864,8744.0,3442.5,10,31.265868156305018,31.265868156305018,31.265868156305018,7.164639966307039e-07,24.262079693918732
988,9268.777777777777,2832.8888888888887,9,31.25162976077837,31.25162976077837,31.25162976077837,7.161377207789146e-07,24.262574247997296
7223,8976.222222222223,3611.666666666667,9,31.247705458191454,31.247705458191454,31.247705458191454,7.160477945532504e-07,24.26271059368442
4757,8597.7,3330.4,10,31.246637888565488,31.246637888565488,31.246637888565488,7.16023330968965e-07,24.262747688209526
3591,9212.5,3209.5,8,31.204060162727764,31.204060162727764,31.204060162727764,7.150476533556442e-07,24.264228157990118
4551,8943.714285714286,3307.4285714285716,7,31.20057661125722,31.20057661125722,31.20057661125722,7.149678270352435e-07,24.2643493739174
1335,8813.545454545454,2908.090909090909,11,31.1949690988391,31.1949690988391,31.1949690988391,7.148393296994856e-07,24.26454452500385
9747,8906.111111111111,3231.222222222222,9,31.18815542933615,31.18815542933615,31.18815542933615,7.146831930184442e-07,24.264781699648495
4493,9280.4,3303.1,10,31.185541414842113,31.185541414842113,31.185541414842113,7.14623292322187e-07,24.264872703719803
7843,8787.2,3710.5,10,31.17654855136184,31.17654855136184,31.17654855136184,7.144172189492033e-07,24.265185838752256
8162,9403.363636363636,3772.727272727273,11,31.15921172633668,31.15921172633668,31.15921172633668,7.140199419286416e-07,24.26578976879199
736,8957.272727272728,2757.090909090909,11,31.145550549113924,31.145550549113924,31.145550549113924,7.137068931566464e-07,24.266265894032063
3975,9229.25,3249.375,8,31.143157312024133,31.143157312024133,31.143157312024133,7.136520516214085e-07,24.266349325660215
6828,8487.0,3555.2,10,31.14082967142391,31.14082967142391,31.14082967142391,7.135987132436343e-07,24.266430476652467
3782,9120.7,3228.5,10,31.120629575127104,31.120629575127104,31.120629575127104,7.131358237549184e-07,24.267134988783216
3509,8761.4,3201.8,10,31.107318910929678,31.107318910929678,31.107318910929678,7.128308070632014e-07,24.267599470438178
4530,9335.916666666666,3307.666666666667,12,31.101463517041363,31.101463517041363,31.101463517041363,7.126966294710073e-07,24.267803860008534
3351,9265.181818181818,3185.363636363636,11,31.08478036324229,31.08478036324229,31.08478036324229,7.123143314651586e-07,24.268386416644653
3560,8683.9,3206.4,10,31.059412932997247,31.059412932997247,31.059412932997247,7.117330314236323e-07,24.26927281769059
1971,8831.444444444445,3009.8888888888887,9,31.059389414736586,31.059389414736586,31.059389414736586,7.117324924977037e-07,24.26927363981292
7321,9017.4,3626.7,10,31.059280833597427,31.059280833597427,31.059280833597427,7.117300043378825e-07,24.269277435466414
7411,8650.111111111111,3640.222222222222,9,31.041700569686085,31.041700569686085,31.041700569686085,7.113271488636391e-07,24.269892161002026
4022,8397.6,3254.9,10,31.040094375225983,31.040094375225983,31.040094375225983,7.112903425771e-07,24.269948341835047
9465,8775.818181818182,3089.909090909091,11,31.038946270254506,31.038946270254506,31.038946270254506,7.112640335083001e-07,24.26998850157726
7095,9066.666666666666,3592.4444444444443,9,31.038290844245616,31.038290844245616,31.038290844245616,7.112490142823672e-07,24.27001142849155
10455,8427.272727272728,3442.636363636364,11,31.001348828289963,31.001348828289963,31.001348828289963,7.104024801556684e-07,24.27130444982926
4799,8672.555555555555,3334.333333333333,9,30.990874623530942,30.990874623530942,30.990874623530942,7.101624615332632e-07,24.271671341764993
3479,8525.2,3199.9,10,30.989209136684693,30.989209136684693,30.989209136684693,7.101242965491267e-07,24.271729692101363
9886,8673.714285714286,3279.5714285714284,7,30.985374654896972,30.985374654896972,30.985374654896972,7.100364285861165e-07,24.271864045103968
8278,9231.875,3796.875,8,30.97416423297475,30.97416423297475,30.97416423297475,7.097795393913512e-07,24.27225693250445
5770,8568.4,3433.7,10,30.956985535598065,30.956985535598065,30.956985535598065,7.093858858993747e-07,24.272859263778468
10229,8488.5,3367.3,10,30.938587842179025,30.938587842179025,30.938587842179025,7.089642988546812e-07,24.273504707105907
7998,8492.7,3742.7,10,30.938164694582362,30.938164694582362,30.938164694582362,7.089546023378036e-07,24.273519556840156
3569,8790.0,3208.4444444444443,9,30.93681607949341,30.93681607949341,30.93681607949341,7.08923698537157e-07,24.27356688583195
7276,8521.666666666666,3619.666666666667,9,30.92161869804147,30.92161869804147,30.92161869804147,7.085754473196009e-07,24.27410037322623
9833,8781.7,3259.3,10,30.91386618041693,30.91386618041693,30.91386618041693,7.083977967348336e-07,24.274372617848346
3815,8568.9,3232.9,10,30.91371914808476,30.91371914808476,30.91371914808476,7.083944274577735e-07,24.274377781832204
4305,8960.875,3281.75,8,30.901470395300237,30.901470395300237,30.901470395300237,7.081137446911902e-07,24.274808061659332
7674,7994.333333333333,3679.8888888888887,9,30.890183560880363,30.890183560880363,30.890183560880363,7.078551044878431e-07,24.27520470179173
731,8683.909090909092,2755.5454545454545,11,30.887755944203015,30.887755944203015,30.887755944203015,7.077994751370685e-07,24.275290031647025
7577,8959.375,3665.375,8,30.882873391858084,30.882873391858084,30.882873391858084,7.076875904150668e-07,24.275461671920745
8060,8079.090909090909,3752.727272727273,11,30.87097724694066,30.87097724694066,30.87097724694066,7.074149877325049e-07,24.275879980261358
204,9201.7,2501.5,10,30.844477079424337,30.844477079424337,30.844477079424337,7.068077307762864e-07,24.276812394788223
4504,8948.625,3304.625,8,30.83778244286107,30.83778244286107,30.83778244286107,7.066543217602907e-07,24.277048073875832
9452,8803.727272727272,3071.0,11,30.821487093544356,30.821487093544356,30.821487093544356,7.06280910376363e-07,24.27762195194047
4801,8934.285714285714,3333.5714285714284,7,30.820665910925513,30.820665910925513,30.820665910925513,7.062620928025756e-07,24.27765087979768
1031,8861.1,2844.0,10,30.82056622051763,30.82056622051763,30.82056622051763,7.062598083757464e-07,24.277654391651073
7713,8968.090909090908,3688.090909090909,11,30.79983268305011,30.79983268305011,30.79983268305011,7.05784694969523e-07,24.278385031294153
3419,9271.777777777777,3192.777777777778,9,30.797129793413006,30.797129793413006,30.797129793413006,7.057227576805224e-07,24.278480316029647
10702,8723.4,3639.9,10,30.791165907709576,30.791165907709576,30.791165907709576,7.055860939753866e-07,24.27869058996484
7399,9259.3,3637.5,10,30.772181512848316,30.772181512848316,30.772181512848316,7.05151062542774e-07,24.279360210651284
8188,8994.2,3777.4,10,30.768941977466984,30.768941977466984,30.768941977466984,7.050768279027847e-07,24.27947451733448
8400,8838.555555555555,3825.333333333333,9,30.766091946654395,30.766091946654395,30.766091946654395,7.050115188425565e-07,24.279575090339574
8353,8693.1,3815.4,10,30.753004623751504,30.753004623751504,30.753004623751504,7.047116200639483e-07,24.2800370405731
3587,8704.666666666666,3210.1111111111113,9,30.751295628276225,30.751295628276225,30.751295628276225,7.046724580703544e-07,24.2800973784114
7751,8896.222222222223,3694.222222222222,9,30.74925215711758,30.74925215711758,30.74925215711758,7.046256314955733e-07,24.280169529658863
953,8978.125,2823.875,8,30.746076202706053,30.746076202706053,30.746076202706053,7.04552853826985e-07,24.28028167634656
7158,8547.8,3601.9,10,30.743457768002017,30.743457768002017,30.743457768002017,7.044928518406787e-07,24.280374145070134
6916,8890.714285714286,3566.0,7,30.730066601338223,30.730066601338223,30.730066601338223,7.041859904178798e-07,24.28084717064822
4817,9012.222222222223,3336.1111111111113,9,30.725962355371166,30.725962355371166,30.725962355371166,7.040919407515147e-07,24.280992189079186
8055,8635.454545454546,3752.727272727273,11,30.725520049356085,30.725520049356085,30.725520049356085,7.040818052154179e-07,24.281007818568835
7804,8859.25,3702.5,8,30.709844678428823,30.709844678428823,30.709844678428823,7.037226007677092e-07,24.281561874630306
5212,9651.9,3374.3,10,30.69700753765654,30.69700753765654,30.69700753765654,7.034284349656582e-07,24.28201582229908
6683,9078.0,3537.1,10,30.69513036557329,30.69513036557329,30.69513036557329,7.033854191694422e-07,24.282082218869178
671,8765.363636363636,2739.6363636363635,11,30.692579210484983,30.692579210484983,30.692579210484983,7.033269589097924e-07,24.282172461084244
3232,8352.2,3173.1,10,30.67371294639512,30.67371294639512,30.67371294639512,7.028946344688481e-07,24.282840051903122
4239,8775.888888888889,3275.333333333333,9,30.651101169627196,30.651101169627196,30.651101169627196,7.023764808109014e-07,24.28364072047937
9407,8740.5,3031.2,10,30.65076033048762,30.65076033048762,30.65076033048762,7.02368670409766e-07,24.283652793893935
2201,8185.0,3046.0,9,30.635757039580046,30.635757039580046,30.635757039580046,7.02024866818178e-07,24.284184382802994
10365,8884.5,3417.5,8,30.626606783776992,30.626606783776992,30.626606783776992,7.018151867667534e-07,24.284508717793088
1566,9443.0,2948.5454545454545,11,30.61336850592687,30.61336850592687,30.61336850592687,7.015118288235295e-07,24.284978126139727
7882,8089.0,3718.272727272727,11,30.61243936685412,30.61243936685412,30.61243936685412,7.014905374047158e-07,24.285011079561354
9038,8717.6,4045.6,10,30.60941239548167,30.60941239548167,30.60941239548167,7.0142117371405e-07,24.285118442939556
5254,8340.272727272728,3379.4545454545455,11,30.591496038088437,30.591496038088437,30.591496038088437,7.010106165864229e-07,24.285754134106003
10070,8769.333333333334,3316.5555555555557,9,30.583982220943057,30.583982220943057,30.583982220943057,7.008384358737359e-07,24.286020843041804
4037,8614.111111111111,3255.4444444444443,9,30.570480226368886,30.570480226368886,30.570480226368886,7.00529034805877e-07,24.286500271819268
6035,8815.222222222223,3460.4444444444443,9,30.563944174410167,30.563944174410167,30.563944174410167,7.003792597897118e-07,24.28673242999674
6411,8955.125,3504.25,8,30.53765897527196,30.53765897527196,30.53765897527196,6.997769288794474e-07,24.287666572233377
7850,9032.777777777777,3711.4444444444443,9,30.53738139216988,30.53738139216988,30.53738139216988,6.997705680038204e-07,24.287676441470364
8147,8901.111111111111,3769.1111111111113,9,30.527274606780463,30.527274606780463,30.527274606780463,6.995389688741564e-07,24.288035840953803
9264,8736.818181818182,4212.909090909091,11,30.522964983269247,30.522964983269247,30.522964983269247,6.994402129378304e-07,24.288189128289417
7756,8839.5,3696.0,10,30.502903841615677,30.502903841615677,30.502903841615677,6.989805076242201e-07,24.288902960275955
4128,8974.0,3264.75,8,30.498376256937547,30.498376256937547,30.498376256937547,6.988767570615503e-07,24.28906412943851
519,8694.8,2674.0,10,30.48042932893712,30.48042932893712,30.48042932893712,6.984654994019789e-07,24.289703224608374
3261,8633.0,3175.666666666667,9,30.47744425879432,30.47744425879432,30.47744425879432,6.983970958868729e-07,24.289809560296924
2579,8913.777777777777,3097.8888888888887,9,30.46919885948857,30.46919885948857,30.46919885948857,6.982081508138981e-07,24.29010333623422
3297,8265.6,3181.5,10,30.467329172938445,30.467329172938445,30.467329172938445,6.981653065502604e-07,24.290169962490925
1587,9105.888888888889,2952.333333333333,9,30.451806430382554,30.451806430382554,30.451806430382554,6.978095996140364e-07,24.290723273163767
183,9592.285714285714,2484.5714285714284,7,30.439938469079316,30.439938469079316,30.439938469079316,6.97537642764968e-07,24.29114649885546
2335,8992.2,3065.6,10,30.42381437899636,30.42381437899636,30.42381437899636,6.971681558226859e-07,24.291721767647218
6273,9084.857142857143,3486.714285714286,7,30.42209990260939,30.42209990260939,30.42209990260939,6.971288682328388e-07,24.29178295397692
2832,8715.7,3127.4,10,30.4175464258351,30.4175464258351,30.4175464258351,6.970245243472968e-07,24.291945475454245
5615,9240.111111111111,3416.5555555555557,9,30.4118487866167,30.4118487866167,30.4118487866167,6.968939617368052e-07,24.29214886834275
10734,8864.444444444445,3705.0,9,30.411763564329064,30.411763564329064,30.411763564329064,6.968920088500184e-07,24.292151910875724
2461,8564.9,3082.7,10,30.40534587788177,30.40534587788177,30.40534587788177,6.96744946204639e-07,24.292381054109143
8174,8674.7,3775.3,10,30.40265525360868,30.40265525360868,30.40265525360868,6.966832899790547e-07,24.29247713712895
4508,8256.25,3306.083333333333,12,30.401700911191558,30.401700911191558,30.401700911191558,6.966614210202622e-07,24.29251121903293
8719,8714.7,3916.5,10,30.394413243452092,30.394413243452092,30.394413243452092,6.964944225691514e-07,24.292771514772582
9822,8936.875,3254.125,8,30.389920537628555,30.389920537628555,30.389920537628555,6.963914712628283e-07,24.292932013146928
1324,9240.272727272728,2905.3636363636365,11,30.387805685548503,30.387805685548503,30.387805685548503,6.963430089791015e-07,24.293007572784138
9021,8692.1,4031.0,10,30.386938961472236,30.386938961472236,30.386938961472236,6.963231478131632e-07,24.293038540703943
10625,8718.5,3559.5,8,30.381044408367565,30.381044408367565,30.381044408367565,6.961880728792252e-07,24.293249175626542
7447,8511.3,3645.9,10,30.381020167310627,30.381020167310627,30.381020167310627,6.961875173902669e-07,24.293250041936574
3240,8875.555555555555,3173.5555555555557,9,30.37570681164351,30.37570681164351,30.37570681164351,6.960657607188144e-07,24.29343994362872
2567,8690.888888888889,3096.222222222222,9,30.37300304317175,30.37300304317175,30.37300304317175,6.960038032911314e-07,24.293536590267898
7439,8647.5,3643.6,10,30.3560893368888,30.3560893368888,30.3560893368888,6.956162221262413e-07,24.294141368736444
634,8241.2,2726.7,10,30.346955575454658,30.346955575454658,30.346955575454658,6.954069200467768e-07,24.294468102117406
9438,8875.0,3052.625,8,30.33706579519403,30.33706579519403,30.33706579519403,6.951802936356403e-07,24.29482199074702
4450,8499.0,3297.5,6,30.331588023093808,30.331588023093808,30.331588023093808,6.950547693267698e-07,24.295018052968036
4302,8598.777777777777,3282.5555555555557,9,30.33073241663672,30.33073241663672,30.33073241663672,6.950351629234317e-07,24.295048680313013
4103,8650.444444444445,3261.1111111111113,9,30.326665275124185,30.326665275124185,30.326665275124185,6.949419635135076e-07,24.295194279793524
7933,8662.0,3729.0,9,30.314136192740794,30.314136192740794,30.314136192740794,6.946548569347411e-07,24.295642930808036
4876,8071.777777777777,3341.4444444444443,9,30.30525594969582,30.30525594969582,30.30525594969582,6.94451364282906e-07,24.295961033682683
5051,9293.5,3357.5,10,30.30474306297927,30.30474306297927,30.30474306297927,6.944396113750731e-07,24.29597940885794
5593,8643.25,3413.625,8,30.296533975509632,30.296533975509632,30.296533975509632,6.942514983955202e-07,24.296273557891226
3107,9174.818181818182,3158.272727272727,11,30.29417726837248,30.29417726837248,30.29417726837248,6.941974939518908e-07,24.2963580184368
2888,9008.333333333334,3132.8888888888887,9,30.282712396149066,30.282712396149066,30.282712396149066,6.939347739745346e-07,24.296768994539182
3076,8459.2,3155.1,10,30.280619624805322,30.280619624805322,30.280619624805322,6.938868176755609e-07,24.296844029962145
3245,9346.111111111111,3172.777777777778,9,30.27761817033736,30.27761817033736,30.27761817033736,6.938180387101707e-07,24.296951654883348
3790,8646.0,3229.75,8,30.263845506219,30.263845506219,30.263845506219,6.935024351923293e-07,24.29744564625452
10727,9194.875,3691.125,8,30.263335554040058,30.263335554040058,30.263335554040058,6.934907495300477e-07,24.297463941292676
10523,8332.4,3475.7,10,30.261307060147537,30.261307060147537,30.261307060147537,6.934442661624947e-07,24.297536718567052
2181,8648.666666666666,3043.5555555555557,9,30.236462483089866,30.236462483089866,30.236462483089866,6.92874947412593e-07,24.29842847568549
6364,8996.444444444445,3498.4444444444443,9,30.225731929433287,30.225731929433287,30.225731929433287,6.926290545008587e-07,24.298813858678532
2180,8502.8,3044.1,10,30.21298508793689,30.21298508793689,30.21298508793689,6.923369579258565e-07,24.29927183357268
7677,8997.8,3680.1,10,30.21265187031398,30.21265187031398,30.21265187031398,6.923293221733911e-07,24.299283808173374
10082,8671.5,3320.0,8,30.212175859573307,30.212175859573307,30.212175859573307,6.923184142863625e-07,24.299300914456158
4529,9171.8,3306.5,10,30.210114982273325,30.210114982273325,30.210114982273325,6.922711888461626e-07,24.299374978814452
5474,8828.75,3403.0,8,30.207996490447186,30.207996490447186,30.207996490447186,6.922226431568827e-07,24.299451119005532
10401,8705.625,3423.625,8,30.207429720674014,30.207429720674014,30.207429720674014,6.922096555073849e-07,24.29947149004323
7062,8915.777777777777,3588.5555555555557,9,30.199019413761818,30.199019413761818,30.199019413761818,6.920169315416508e-07,24.299773821165076
8615,8755.090909090908,3886.272727272727,11,30.190273067203307,30.190273067203307,30.190273067203307,6.918165071561868e-07,24.300088321461214
2727,8435.125,3114.125,8,30.18961993170711,30.18961993170711,30.18961993170711,6.918015404178378e-07,24.30011181050101
1815,8828.888888888889,2987.777777777778,9,30.181948172930767,30.181948172930767,30.181948172930767,6.916257404391964e-07,24.30038775186096
1880,9281.181818181818,2999.272727272727,11,30.178908091325656,30.178908091325656,30.178908091325656,6.9155607632477e-07,24.300497118323637
5305,8355.6,3385.7,10,30.178529319308375,30.178529319308375,30.178529319308375,6.915473966837008e-07,24.300510745359844
6268,8707.0,3486.625,8,30.173481076371203,30.173481076371203,30.173481076371203,6.914317151266544e-07,24.300692381732986
1823,8981.1,2990.7,10,30.157730053609107,30.157730053609107,30.157730053609107,6.910707771011137e-07,24.30125930077018
3320,9429.5,3181.875,8,30.127503523509098,30.127503523509098,30.127503523509098,6.903781297563649e-07,24.30234805962128
5247,8594.222222222223,3378.0,9,30.116168125700028,30.116168125700028,30.116168125700028,6.901183767126598e-07,24.302756642020228
3109,8600.9,3159.8,10,30.111996449429242,30.111996449429242,30.111996449429242,6.900227818665906e-07,24.302907048063677
3609,8632.111111111111,3212.222222222222,9,30.111136209651235,30.111136209651235,30.111136209651235,6.900030692897216e-07,24.302938065828133
9842,8913.625,3255.75,8,30.108920091154218,30.108920091154218,30.108920091154218,6.899522864645832e-07,24.303017976749352
5859,9132.25,3441.0,8,30.106915779058163,30.106915779058163,30.106915779058163,6.899063572280223e-07,24.30309025521822
6649,8626.166666666666,3531.166666666667,6,30.059358697388383,30.059358697388383,30.059358697388383,6.888165766202718e-07,24.30480664721902
5103,8590.3,3363.7,10,30.056087437574007,30.056087437574007,30.056087437574007,6.887416150081742e-07,24.30492481070104
7295,8998.222222222223,3621.1111111111113,9,30.051832905136934,30.051832905136934,30.051832905136934,6.886441214954907e-07,24.305078510908356
2269,9358.666666666666,3055.0,9,30.049947817938946,30.049947817938946,30.049947817938946,6.886009243227426e-07,24.305146618954275
1316,7871.5,2904.2,10,30.047658660990887,30.047658660990887,30.047658660990887,6.885484678060157e-07,24.305229331751793
4515,8681.8,3305.1,10,30.040787181047108,30.040787181047108,30.040787181047108,6.883910063864678e-07,24.30547765285523
9029,8838.857142857143,4035.714285714286,7,30.030935375010202,30.030935375010202,30.030935375010202,6.881652501627179e-07,24.305833775907388
10477,8750.875,3452.625,8,30.02959020265949,30.02959020265949,30.02959020265949,6.881344252531478e-07,24.305882410257787
9502,8876.222222222223,3104.8888888888887,9,30.022274838735484,30.022274838735484,30.022274838735484,6.879667921380972e-07,24.306146933449433
9636,8986.222222222223,3181.333333333333,9,30.02217040249164,30.02217040249164,30.02217040249164,6.879643989594308e-07,24.306150710325397
3096,8493.4,3156.3,10,30.020474050803145,30.020474050803145,30.020474050803145,6.879255267008915e-07,24.306212059736687
3695,8683.555555555555,3220.333333333333,9,30.020013655656896,30.020013655656896,30.020013655656896,6.879149766485193e-07,24.30622871075662
10574,8696.111111111111,3514.0,9,30.00532620470611,30.00532620470611,30.00532620470611,6.875784105964938e-07,24.306760042944266
10327,8822.0,3401.1,10,29.998594047988263,29.998594047988263,29.998594047988263,6.874241417982023e-07,24.307003671903328
6115,8363.0,3470.2,10,29.99823387367838,29.99823387367838,29.99823387367838,6.874158883275406e-07,24.307016707735446
4081,9181.2,3259.7,10,29.99484035664714,29.99484035664714,29.99484035664714,6.873381251654021e-07,24.307139537390483
10471,9149.4,3449.7,10,29.9882017637432,29.9882017637432,29.9882017637432,6.871860004017402e-07,24.307379864004112
8032,8692.777777777777,3746.5555555555557,9,29.98666039345832,29.98666039345832,29.98666039345832,6.871506795749181e-07,24.307435671436206
539,8804.7,2687.4,10,29.97553910651063,29.97553910651063,29.97553910651063,6.868958329269893e-07,24.307838417970583
3839,8671.0,3233.5,8,29.972393589083197,29.972393589083197,29.972393589083197,6.868237527283437e-07,24.30795235691737
703,8783.4,2746.7,10,29.972220169934744,29.972220169934744,29.972220169934744,6.868197787917951e-07,24.307958638964628
4087,8327.666666666666,3260.1111111111113,9,29.96816194005913,29.96816194005913,29.96816194005913,6.867267835939201e-07,24.308105657283654
9908,8496.888888888889,3277.5555555555557,9,29.967373254125576,29.967373254125576,29.967373254125576,6.867087106885648e-07,24.308134231479897
5288,8348.5,3384.7,10,29.96555854061634,29.96555854061634,29.96555854061634,6.866671261438124e-07,24.30819998164762
2783,8713.1,3122.3,10,29.96451505898098,29.96451505898098,29.96451505898098,6.866432145409379e-07,24.30823779057134
3007,8882.125,3147.125,8,29.963374880157204,29.963374880157204,29.963374880157204,6.866170871014927e-07,24.308279104671684
3716,8802.888888888889,3221.666666666667,9,29.949400150139326,29.949400150139326,29.949400150139326,6.862968532007295e-07,24.308785603347452
1825,9074.0,2990.333333333333,9,29.927937368057464,29.927937368057464,29.927937368057464,6.85805028999581e-07,24.309563958615904
5083,9078.444444444445,3363.0,9,29.926270383839103,29.926270383839103,29.926270383839103,6.857668297028452e-07,24.309624435738133
4468,8943.5,3298.5,8,29.92133133014555,29.92133133014555,29.92133133014555,6.856536502404625e-07,24.309803641229113
6882,9025.666666666666,3562.777777777778,9,29.91924005609019,29.91924005609019,29.91924005609019,6.856057282521696e-07,24.30987952860466
3941,8673.4,3246.7,10,29.915972436221608,29.915972436221608,29.915972436221608,6.855308500502017e-07,24.30999811339948
10092,8564.7,3324.6,10,29.91544234001342,29.91544234001342,29.91544234001342,6.855187027832197e-07,24.310017352277498
8608,8908.3,3880.5,10,29.901551628965223,29.901551628965223,29.901551628965223,6.852003941949572e-07,24.310521611925644
3418,9137.2,3192.7,10,29.896903003615897,29.896903003615897,29.896903003615897,6.850938699596484e-07,24.310690418323247
10533,8726.0,3484.0,10,29.894900164791906,29.894900164791906,29.894900164791906,6.850479744834291e-07,24.31076315587284
7076,8907.444444444445,3588.777777777778,9,29.89223041901038,29.89223041901038,29.89223041901038,6.849867966929051e-07,24.31086012121057
7733,8781.333333333334,3692.0,9,29.87045393430764,29.87045393430764,29.87045393430764,6.844877839296997e-07,24.311651368095024
937,9023.5,2819.2,10,29.865205311803248,29.865205311803248,29.865205311803248,6.843675106323934e-07,24.31184216265776
4855,9439.5,3339.0,8,29.85708273260022,29.85708273260022,29.85708273260022,6.841813800081082e-07,24.312137495561434
525,8960.714285714286,2678.714285714286,7,29.823672897359625,29.823672897359625,29.823672897359625,6.834157865512566e-07,24.313353105890833
2456,9119.875,3080.875,8,29.816749729703794,29.816749729703794,29.816749729703794,6.832571406968302e-07,24.313605174319534
1910,9041.454545454546,3002.272727272727,11,29.812953908524285,29.812953908524285,29.812953908524285,6.831701586498526e-07,24.31374340276058
4867,9243.4,3340.8,10,29.807426431598667,29.807426431598667,29.807426431598667,6.830434953443716e-07,24.31394472257109
2637,8459.909090909092,3106.818181818182,11,29.80287697359602,29.80287697359602,29.80287697359602,6.829392435498338e-07,24.314110449332837
3982,8498.0,3250.1,10,29.789973091093827,29.789973091093827,29.789973091093827,6.826435483468937e-07,24.31458064710382
3681,9052.666666666666,3220.0,9,29.781739145436497,29.781739145436497,29.781739145436497,6.824548657367004e-07,24.314880785966025
2086,8676.777777777777,3029.5555555555557,9,29.77730196689773,29.77730196689773,29.77730196689773,6.823531868498787e-07,24.315042561753728
2775,8962.5,3119.75,8,29.75567067651925,29.75567067651925,29.75567067651925,6.818575012453924e-07,24.31583156573288
4587,8841.888888888889,3312.222222222222,9,29.74712714927142,29.74712714927142,29.74712714927142,6.816617245074269e-07,24.31614334995991
6167,8897.222222222223,3475.1111111111113,9,29.735531345766418,29.735531345766418,29.735531345766418,6.813960042119978e-07,24.316566666071413
5168,9137.5,3369.875,8,29.729279951342697,29.729279951342697,29.729279951342697,6.812527521835896e-07,24.316794947810916
9510,8969.125,3113.5,8,29.728976820825068,29.728976820825068,29.728976820825068,6.812458058835197e-07,24.316806018427364
6636,8748.888888888889,3529.5555555555557,9,29.724804519134267,29.724804519134267,29.724804519134267,6.811501967058184e-07,24.316958406346462
10459,8660.111111111111,3443.666666666667,9,29.720891180603303,29.720891180603303,29.720891180603303,6.810605217238205e-07,24.31710135541218
3661,8303.454545454546,3217.818181818182,11,29.715577247032805,29.715577247032805,29.715577247032805,6.809387518095896e-07,24.317295496492065
9377,9215.666666666666,2974.4444444444443,9,29.708583703224896,29.708583703224896,29.708583703224896,6.807784932707198e-07,24.317551053949686
2887,8985.0,3133.0,10,29.706378700605946,29.706378700605946,29.706378700605946,6.807279651682838e-07,24.317631641434026
2453,8960.0,3081.25,8,29.706327000162617,29.706327000162617,29.706327000162617,6.807267804416653e-07,24.31763353103129
1037,8930.8,2846.0,10,29.697170454128266,29.697170454128266,29.697170454128266,6.80516956248257e-07,24.317968245115303
6258,9047.111111111111,3486.8888888888887,9,29.687449390933793,29.687449390933793,29.687449390933793,6.802941960244567e-07,24.31832370787252
1550,8878.636363636364,2946.727272727273,11,29.685112219982443,29.685112219982443,29.685112219982443,6.802406392566662e-07,24.31840918678908
7727,9010.444444444445,3690.777777777778,9,29.670586578983958,29.670586578983958,29.670586578983958,6.799077811139986e-07,24.31894059371254
3986,8575.727272727272,3251.636363636364,11,29.666166647998423,29.666166647998423,29.666166647998423,6.798064974585153e-07,24.319102344359194
6002,8608.125,3457.25,8,29.64721259042433,29.64721259042433,29.64721259042433,6.793721612112692e-07,24.319796255496946
1146,8840.090909090908,2868.5454545454545,11,29.641668173126515,29.641668173126515,29.641668173126515,6.792451097135681e-07,24.319999321385005
2029,9433.777777777777,3020.4444444444443,9,29.63355104061775,29.63355104061775,29.63355104061775,6.790591039014367e-07,24.320296682232105
2514,9277.0,3088.9,10,29.63054750433443,29.63054750433443,29.63054750433443,6.789902772308061e-07,24.32040673361795
1667,9045.222222222223,2965.5555555555557,9,29.618647024592427,29.618647024592427,29.618647024592427,6.7871757521482e-07,24.32084288408333
2279,8843.7,3058.2,10,29.57828429897078,29.57828429897078,29.57828429897078,6.777926548009929e-07,24.32232347702427
10757,8867.7,3758.7,10,29.57236706806281,29.57236706806281,29.57236706806281,6.776570602003851e-07,24.32254070377331
7432,8471.888888888889,3643.333333333333,9,29.56824476420514,29.56824476420514,29.56824476420514,6.775625967336287e-07,24.322692062861893
3677,8439.777777777777,3219.666666666667,9,29.563586939765695,29.563586939765695,29.563586939765695,6.774558616992198e-07,24.32286311011323
10093,8560.5,3325.3,10,29.56156964603693,29.56156964603693,29.56156964603693,6.774096349857933e-07,24.322937198672626
9708,8778.111111111111,3217.777777777778,9,29.55947369390367,29.55947369390367,29.55947369390367,6.773616057983538e-07,24.323014181451917
5470,8577.777777777777,3404.222222222222,9,29.547552922062508,29.547552922062508,29.547552922062508,6.770884387846139e-07,24.323452126464318
3840,8801.222222222223,3234.777777777778,9,29.54749128518722,29.54749128518722,29.54749128518722,6.770870263625507e-07,24.323454391337386
5033,8863.0,3355.714285714286,7,29.539308616569258,29.539308616569258,29.539308616569258,6.768995187765843e-07,24.323755108913616
10671,9006.818181818182,3595.818181818182,11,29.530939356603326,29.530939356603326,29.530939356603326,6.767077354103252e-07,24.324062770009505
1640,8487.272727272728,2961.0,11,29.517949498500602,29.517949498500602,29.517949498500602,6.764100700582736e-07,24.32454046094451
7672,8982.333333333334,3679.666666666667,9,29.511429347101434,29.511429347101434,29.511429347101434,6.762606594068012e-07,24.324780313187645
1397,8553.0,2920.8888888888887,9,29.50732581825305,29.50732581825305,29.50732581825305,6.761666261733626e-07,24.324931294001544
3222,8129.2,3171.0,10,29.506242327325392,29.506242327325392,29.506242327325392,6.761417977490738e-07,24.32497116230183
5697,8048.875,3424.875,8,29.493181893535457,29.493181893535457,29.493181893535457,6.758425151401889e-07,24.325451851265644
9778,8773.25,3251.75,8,29.49184083638704,29.49184083638704,29.49184083638704,6.758117845313518e-07,24.325501220893106
9679,8887.888888888889,3199.8888888888887,9,29.461268426979487,29.461268426979487,29.461268426979487,6.751112112889502e-07,24.32662732179434
1381,8859.0,2916.5555555555557,9,29.449682648262304,29.449682648262304,29.449682648262304,6.748457207136591e-07,24.327054376504755
7340,8360.5,3630.4,10,29.42824104224568,29.42824104224568,29.42824104224568,6.743543817665346e-07,24.327845162847417
2352,9510.875,3066.875,8,29.422207325823095,29.422207325823095,29.422207325823095,6.742161178756664e-07,24.328067795794965
10630,8864.875,3561.75,8,29.412582290895926,29.412582290895926,29.412582290895926,6.739955581599677e-07,24.32842303625911
765,9427.875,2766.125,8,29.410909992448968,29.410909992448968,29.410909992448968,6.73957237086557e-07,24.328484769247037
5485,8337.222222222223,3403.5555555555557,9,29.40212283709176,29.40212283709176,29.40212283709176,6.737558775588201e-07,24.328809205254505
7357,9441.571428571428,3631.714285714286,7,29.401829670308018,29.401829670308018,29.401829670308018,6.737491595798243e-07,24.328820031118333
9279,8875.9,4233.8,10,29.38283223018668,29.38283223018668,29.38283223018668,6.733138292123116e-07,24.329521785915883
7360,8550.333333333334,3632.8888888888887,9,29.378886710704336,29.378886710704336,29.378886710704336,6.732234167969911e-07,24.329667588095674
7409,8585.25,3640.25,8,29.370334828235194,29.370334828235194,29.370334828235194,6.730274485973579e-07,24.329983680402535
5428,8950.555555555555,3397.777777777778,9,29.340923582617123,29.340923582617123,29.340923582617123,6.723534836693391e-07,24.331071473705897
3812,8094.2,3232.0,10,29.33434358560462,29.33434358560462,29.33434358560462,6.722027016429509e-07,24.331314988268623
1149,9088.7,2869.6,10,29.326351461545684,29.326351461545684,29.326351461545684,6.720195604259468e-07,24.331610836740598
4497,9048.57142857143,3303.285714285714,7,29.308582737913454,29.308582737913454,29.308582737913454,6.716123863572489e-07,24.33226887950687
10058,8666.5,3314.5,10,29.307697104676237,29.307697104676237,29.307697104676237,6.71592091883879e-07,24.332301688278513
10218,8549.285714285714,3367.857142857143,7,29.29996977389102,29.29996977389102,29.29996977389102,6.714150184608739e-07,24.332587993579338
2238,8450.111111111111,3051.777777777778,9,29.29765652385768,29.29765652385768,29.29765652385768,6.713620098459904e-07,24.33267371648219
10713,8844.888888888889,3659.333333333333,9,29.294524956940656,29.294524956940656,29.294524956940656,6.712902493262483e-07,24.33278977481956
1342,8961.9,2908.9,10,29.291736067950616,29.291736067950616,29.291736067950616,6.712263413438447e-07,24.33289314368785
9703,8913.888888888889,3210.777777777778,9,29.273052654414172,29.273052654414172,29.273052654414172,6.707982069620932e-07,24.33358588960688
289,8499.727272727272,2568.818181818182,11,29.27270609947341,29.27270609947341,29.27270609947341,6.70790265582162e-07,24.333598743390112
2067,8785.285714285714,3025.4285714285716,7,29.26325797025563,29.26325797025563,29.26325797025563,6.705737596982948e-07,24.333949234791806
666,8758.8,2737.8,10,29.262122696996308,29.262122696996308,29.262122696996308,6.70547744670899e-07,24.333991356936625
9599,8901.9,3174.7,10,29.26112926036143,29.26112926036143,29.26112926036143,6.705249798598192e-07,24.334028217845262
3529,8905.625,3203.25,8,29.258883550881592,29.258883550881592,29.258883550881592,6.704735189510367e-07,24.334111548247005
7410,8632.75,3640.375,8,29.255788961076206,29.255788961076206,29.255788961076206,6.704026057696462e-07,24.334226388099967
9836,8626.222222222223,3259.333333333333,9,29.254002263673712,29.254002263673712,29.254002263673712,6.703616632199188e-07,24.334292697755732
3832,8995.777777777777,3234.1111111111113,9,29.2538529167319,29.2538529167319,29.2538529167319,6.703582409030882e-07,24.334298240648433
5798,8641.5,3434.5,8,29.244695591766515,29.244695591766515,29.244695591766515,6.701483988603101e-07,24.334638161538386
5438,8887.5,3400.0,8,29.244323436816472,29.244323436816472,29.244323436816472,6.701398708507395e-07,24.334651978220894
1879,9107.666666666666,2997.8888888888887,9,29.24264176349528,29.24264176349528,29.24264176349528,6.701013349500983e-07,24.334714414478395
8688,8632.222222222223,3906.1111111111113,9,29.232068609780164,29.232068609780164,29.232068609780164,6.698590488913889e-07,24.335107051084503
3719,9065.375,3223.75,8,29.20176093129829,29.20176093129829,29.20176093129829,6.691645420142675e-07,24.33623332150077
2823,9227.1,3125.9,10,29.198739861589623,29.198739861589623,29.198739861589623,6.690953135614784e-07,24.336345652207466
8616,8127.0,3886.0,9,29.18721624583477,29.18721624583477,29.18721624583477,6.688312474636466e-07,24.336774234963713
1682,9440.5,2969.0,10,29.186559043295752,29.186559043295752,29.186559043295752,6.688161875281493e-07,24.33679868253754
2993,8701.3,3146.6,10,29.185089694421393,29.185089694421393,29.185089694421393,6.687825170872166e-07,24.3368533435007
9241,8587.6,4187.9,10,29.184164937061695,29.184164937061695,29.184164937061695,6.687613260762864e-07,24.336887746631337
7715,8456.0,3690.6,10,29.180200911348987,29.180200911348987,29.180200911348987,6.686704895867741e-07,24.337035229986185
2140,8821.0,3037.666666666667,9,29.179656947626064,29.179656947626064,29.179656947626064,6.686580245427523e-07,24.33705546996379
9752,8913.42857142857,3230.857142857143,7,29.17867118405374,29.17867118405374,29.17867118405374,6.686354355615274e-07,24.3370921495341
7740,8659.090909090908,3694.181818181818,11,29.170038910414476,29.170038910414476,29.170038910414476,6.684376251811894e-07,24.337413403322667
2298,8509.125,3060.5,8,29.16920640172281,29.16920640172281,29.16920640172281,6.684185480680423e-07,24.337444390519106
5379,9337.666666666666,3393.1111111111113,9,29.163885367585088,29.163885367585088,29.163885367585088,6.682966154428082e-07,24.33764246811969
7151,9181.375,3599.125,8,29.16201495514438,29.16201495514438,29.16201495514438,6.682537545452339e-07,24.337712103547318
2129,8390.375,3035.75,8,29.159295975597015,29.159295975597015,29.159295975597015,6.68191448552529e-07,24.337813339081627
1392,8877.875,2919.625,8,29.15894895619237,29.15894895619237,29.15894895619237,6.681834965293094e-07,24.337826260304883
10600,8786.444444444445,3529.333333333333,9,29.149010607214308,29.149010607214308,29.149010607214308,6.679557571557172e-07,24.33819637874107
963,8782.5,2826.0,10,29.144118202196903,29.144118202196903,29.144118202196903,6.678436466576372e-07,24.33837862530689
3402,8423.555555555555,3191.333333333333,9,29.137185404675765,29.137185404675765,29.137185404675765,6.676847801328059e-07,24.33863693076125
8171,9100.3,3774.5,10,29.11784117731737,29.11784117731737,29.11784117731737,6.672415030622431e-07,24.339357992273033
7094,8944.4,3591.7,10,29.106526195922513,29.106526195922513,29.106526195922513,6.669822178649976e-07,24.33977998346557
10534,8724.625,3490.375,8,29.10329701589731,29.10329701589731,29.10329701589731,6.669082205201892e-07,24.339900445527647
9366,8843.666666666666,2896.8888888888887,9,29.10030829504819,29.10030829504819,29.10030829504819,6.668397333483739e-07,24.340011949356914
8095,8706.555555555555,3757.8888888888887,9,29.096612665865973,29.096612665865973,29.096612665865973,6.667550472222532e-07,24.340149842508016
5670,8925.5,3420.5,8,29.09419486133163,29.09419486133163,29.09419486133163,6.666996427188155e-07,24.34024006630906
5527,8570.0,3409.6,10,29.086602913657558,29.086602913657558,29.086602913657558,6.665256716285012e-07,24.3405234193333
9609,8473.444444444445,3177.666666666667,9,29.081758883386506,29.081758883386506,29.081758883386506,6.664146696479886e-07,24.34070425093632
10735,8939.777777777777,3700.8888888888887,9,29.081170262056084,29.081170262056084,29.081170262056084,6.664011812654243e-07,24.340726226703318
7176,8028.3,3604.7,10,29.073803188914212,29.073803188914212,29.073803188914212,6.662323632226849e-07,24.34100130887089
1734,9041.666666666666,2976.666666666667,9,29.071384811806446,29.071384811806446,29.071384811806446,6.661769455986059e-07,24.341091624842836
7906,8643.8,3724.3,10,29.065291040270406,29.065291040270406,29.065291040270406,6.660373055320822e-07,24.341319234292726
5231,9353.555555555555,3377.222222222222,9,29.06454030142315,29.06454030142315,29.06454030142315,6.660201021922535e-07,24.34134727856287
3841,8839.444444444445,3234.666666666667,9,29.063201293002834,29.063201293002834,29.063201293002834,6.659894185304551e-07,24.34139729977067
6270,8838.5,3487.5,8,29.06223023905187,29.06223023905187,29.06223023905187,6.65967166623322e-07,24.341433576780705
2764,8813.57142857143,3118.714285714286,7,29.061295354405956,29.061295354405956,29.061295354405956,6.659457435434813e-07,24.341468503709073
6752,8492.1,3545.4,10,29.056069634284505,29.056069634284505,29.056069634284505,6.658259950591351e-07,24.34166375528485
3899,8504.714285714286,3241.0,7,29.05605820559024,29.05605820559024,29.05605820559024,6.658257331681833e-07,24.341664182340182
10081,8667.714285714286,3319.4285714285716,7,29.054376647555486,29.054376647555486,29.054376647555486,6.657871999093554e-07,24.34172701884946
8158,8491.4,3773.2,10,29.040373994530384,29.040373994530384,29.040373994530384,6.654663261469624e-07,24.342250411668203
9593,8852.0,3167.625,8,29.036345113493553,29.036345113493553,29.036345113493553,6.653740034839496e-07,24.342401050412285
2747,9033.2,3116.8,10,29.033795208453753,29.033795208453753,29.033795208453753,6.653155718694263e-07,24.34249640145524
1351,9261.333333333334,2909.1111111111113,9,29.030419667787204,29.030419667787204,29.030419667787204,6.652382206394954e-07,24.342622639163757
10660,9089.444444444445,3589.1111111111113,9,29.023949470070313,29.023949470070313,29.023949470070313,6.650899546872417e-07,24.3428646511965
3276,8354.5,3178.25,8,29.023919167041306,29.023919167041306,29.023919167041306,6.650892602869083e-07,24.34286578478147
2602,8731.222222222223,3102.777777777778,9,29.0159255831731,29.0159255831731,29.0159255831731,6.649060856180654e-07,24.343164852551332
3028,8454.0,3150.777777777778,9,29.013002337098428,29.013002337098428,29.013002337098428,6.648390988145861e-07,24.343274241927123
8126,8498.777777777777,3765.1111111111113,9,29.011239923082293,29.011239923082293,29.011239923082293,6.647987127238048e-07,24.343340197694268
3515,8515.7,3203.6,10,29.009487557252427,29.009487557252427,29.009487557252427,6.647585568893418e-07,24.343405781395425
5531,9047.818181818182,3408.727272727273,11,29.006368902407672,29.006368902407672,29.006368902407672,6.646870922524728e-07,24.343522509362053
5323,8844.42857142857,3386.142857142857,7,29.005585012061914,29.005585012061914,29.005585012061914,6.646691292390285e-07,24.34355185152592
9412,9130.777777777777,3029.0,9,29.001672235786266,29.001672235786266,29.001672235786266,6.645794671412304e-07,24.343698324331964
4097,9331.8,3260.6,10,29.00078020649196,29.00078020649196,29.00078020649196,6.645590261008564e-07,24.34373171976474
3317,8947.125,3182.375,8,28.9994549490133,28.9994549490133,28.9994549490133,6.645286575448009e-07,24.343781336116173
4510,8464.375,3305.625,8,28.99513070770208,28.99513070770208,28.99513070770208,6.644295666384892e-07,24.343943247277547
1990,8820.9,3013.8,10,28.993234663675516,28.993234663675516,28.993234663675516,6.643861183876916e-07,24.344014247852677
4186,9207.222222222223,3269.333333333333,9,28.99137844915854,28.99137844915854,28.99137844915854,6.643435828385494e-07,24.344083761442484
2409,8584.444444444445,3075.8888888888887,9,28.987151123331564,28.987151123331564,28.987151123331564,6.642467127711035e-07,24.344242087662266
9373,8738.222222222223,2899.1111111111113,9,28.984478033547138,28.984478033547138,28.984478033547138,6.641854583520442e-07,24.344342214928027
4479,9287.0,3301.4444444444443,9,28.976156037464158,28.976156037464158,28.976156037464158,6.639947580476819e-07,24.344653995247548
9838,8624.888888888889,3262.222222222222,9,28.962053728271144,28.962053728271144,28.962053728271144,6.636716006430758e-07,24.345182537224453
10572,9486.8,3511.5,10,28.95538624913462,28.95538624913462,28.95538624913462,6.635188139452708e-07,24.3454325180084
1922,8448.545454545454,3005.181818181818,11,28.94952950919467,28.94952950919467,28.94952950919467,6.633846055080182e-07,24.34565214960731
5736,8677.75,3428.25,8,28.949501390662476,28.949501390662476,28.949501390662476,6.633839611658924e-07,24.345653204177932
8623,9034.0,3887.5,8,28.944655517175548,28.944655517175548,28.944655517175548,6.632729169476972e-07,24.345834961390807
7443,8243.727272727272,3646.818181818182,11,28.94268583824945,28.94268583824945,28.94268583824945,6.632277813375674e-07,24.345908848070437
1766,8217.636363636364,2981.727272727273,11,28.922159222539378,28.922159222539378,28.922159222539378,6.627574095872798e-07,24.346679142737226
355,8828.222222222223,2603.4444444444443,9,28.921282495767244,28.921282495767244,28.921282495767244,6.627373192074453e-07,24.34671205550901
4677,8468.875,3320.625,8,28.917857777153102,28.917857777153102,28.917857777153102,6.626588410544206e-07,24.346840630760205
7726,8886.444444444445,3689.777777777778,9,28.91052045736398,28.91052045736398,28.91052045736398,6.624907048160665e-07,24.347116149252233
3552,9004.42857142857,3205.285714285714,7,28.909892847808848,28.909892847808848,28.909892847808848,6.624763230100682e-07,24.347139719419843
1057,9000.454545454546,2851.181818181818,11,28.89463038385211,28.89463038385211,28.89463038385211,6.621265804131185e-07,24.34771306590383
7392,9279.75,3636.5,8,28.88369592687799,28.88369592687799,28.88369592687799,6.618760150136387e-07,24.348124013631672
9652,9228.375,3187.375,8,28.880236056728403,28.880236056728403,28.880236056728403,6.617967313557276e-07,24.348254077710088
9773,8776.1,3238.3,10,28.87860242876613,28.87860242876613,28.87860242876613,6.61759296424671e-07,24.348315494770084
2268,9151.75,3055.25,8,28.869590021741715,28.869590021741715,28.869590021741715,6.615527752072305e-07,24.348654383184165
4202,8742.666666666666,3271.5555555555557,9,28.862698530832233,28.862698530832233,28.862698530832233,6.613948552321616e-07,24.34891359138146
5791,9048.555555555555,3435.222222222222,9,28.854815062186177,28.854815062186177,28.854815062186177,6.612142038769768e-07,24.34921018653425
10079,9087.111111111111,3317.777777777778,9,28.846378294595148,28.846378294595148,28.846378294595148,6.61020873559178e-07,24.349527687908385
10392,8971.444444444445,3422.4444444444443,9,28.845435499523134,28.845435499523134,28.845435499523134,6.609992692102464e-07,24.34956317393928
4989,8867.125,3351.375,8,28.839275852944667,28.839275852944667,28.839275852944667,6.608581196031612e-07,24.349795046515826
8628,8486.0,3890.6,10,28.830485260840664,28.830485260840664,28.830485260840664,6.606566813216428e-07,24.350126043696953
1347,8535.875,2909.25,8,28.82965962456605,28.82965962456605,28.82965962456605,6.606377616913893e-07,24.350157137035243
6133,9204.0,3471.9,10,28.82604528591385,28.82604528591385,28.82604528591385,6.605549383549962e-07,24.350293262969082
5020,8678.777777777777,3354.666666666667,9,28.81753910521897,28.81753910521897,28.81753910521897,6.603600174212083e-07,24.350613696492054
6609,8948.375,3526.5,8,28.81512995342763,28.81512995342763,28.81512995342763,6.603048111972108e-07,24.350704468041144
2387,9055.222222222223,3072.333333333333,9,28.814799125888847,28.814799125888847,28.814799125888847,6.602972302140298e-07,24.350716933488947
6779,8958.25,3548.0,8,28.799967048681168,28.799967048681168,28.799967048681168,6.599573500206693e-07,24.351275947250212
4266,8500.8,3278.7,10,28.79180129566778,28.79180129566778,28.79180129566778,6.597702300593676e-07,24.35158383339436
5734,8657.57142857143,3428.714285714286,7,28.790518358852793,28.790518358852793,28.790518358852793,6.597408312902915e-07,24.35163221390272
4676,8431.888888888889,3320.777777777778,9,28.77870749399191,28.77870749399191,28.77870749399191,6.594701828183031e-07,24.35207771177346
10809,8842.272727272728,4174.454545454546,11,28.7786434683656,28.7786434683656,28.7786434683656,6.594687156575039e-07,24.352080127275197
7800,8587.6,3703.3,10,28.777835314189204,28.777835314189204,28.777835314189204,6.59450196633237e-07,24.3521106170573
5422,8540.3,3399.9,10,28.771008625202313,28.771008625202313,28.771008625202313,6.592937616079612e-07,24.35236820636472
5094,9526.2,3363.9,10,28.770694288118484,28.770694288118484,28.770694288118484,6.592865585070511e-07,24.352380068618878
9495,8601.75,3101.125,8,28.76470563746002,28.76470563746002,28.76470563746002,6.591493273077209e-07,24.35260608929031
7016,9130.555555555555,3580.333333333333,9,28.758710488979162,28.758710488979162,28.758710488979162,6.590119472094132e-07,24.35283240233708
4690,8849.25,3321.5,8,28.756015196581927,28.756015196581927,28.756015196581927,6.589501840127747e-07,24.352934163286307
3219,9114.0,3171.222222222222,9,28.73931116766866,28.73931116766866,28.73931116766866,6.58567407649259e-07,24.353565037849982
8349,8990.272727272728,3814.272727272727,11,28.738206608526934,28.738206608526934,28.738206608526934,6.585420964423787e-07,24.353606767552204
232,8797.666666666666,2522.5555555555557,9,28.737432269427064,28.737432269427064,28.737432269427064,6.585243522977585e-07,24.353636022659654
2533,8912.4,3091.4,10,28.728016969497943,28.728016969497943,28.728016969497943,6.583085987040003e-07,24.35399180277583
6706,8404.1,3541.8,10,28.71929050299843,28.71929050299843,28.71929050299843,6.581086298743023e-07,24.354321657771926
10456,8429.0,3447.5,8,28.7121473486279,28.7121473486279,28.7121473486279,6.579449429776752e-07,24.354591739164498
1991,8917.125,3013.125,8,28.7090173724712,28.7090173724712,28.7090173724712,6.578732189105431e-07,24.35471010417689
7118,8821.285714285714,3595.0,7,28.70163878165033,28.70163878165033,28.70163878165033,6.577041369377478e-07,24.354989188367004
9990,8877.857142857143,3304.5714285714284,7,28.683307240892105,28.683307240892105,28.683307240892105,6.572840657953001e-07,24.355682862215172
4485,9089.125,3301.125,8,28.68210182437273,28.68210182437273,28.68210182437273,6.57256443420231e-07,24.355728491258123
7710,8508.5,3687.7,10,28.672881587950066,28.672881587950066,28.672881587950066,6.570451597480733e-07,24.356077571459743
3955,8484.875,3247.5,8,28.669511118807115,28.669511118807115,28.669511118807115,6.569679247331808e-07,24.35620520618885
7020,8387.5,3580.75,8,28.66948694141318,28.66948694141318,28.66948694141318,6.569673707030736e-07,24.356206121805542
5206,8864.125,3374.25,8,28.669327722539407,28.669327722539407,28.669327722539407,6.569637221688294e-07,24.356212151567295
5009,8614.555555555555,3353.8888888888887,9,28.66910675884297,28.66910675884297,28.66910675884297,6.56958658738885e-07,24.35622051971642
9352,8952.9,2775.0,10,28.663474034818414,28.663474034818414,28.663474034818414,6.568295836738212e-07,24.356433859229135
4962,8079.888888888889,3349.4444444444443,9,28.662745671756717,28.662745671756717,28.662745671756717,6.56812893079862e-07,24.35646144905279
6776,8388.1,3548.6,10,28.65758352643126,28.65758352643126,28.65758352643126,6.566946014254426e-07,24.35665700717912
261,9023.3,2549.4,10,28.65598310518141,28.65598310518141,28.65598310518141,6.566579274332404e-07,24.35671764326919
10676,8848.888888888889,3606.777777777778,9,28.648084826373392,28.648084826373392,28.648084826373392,6.564769367000547e-07,24.357016939553763
8420,8756.1,3830.5,10,28.641850485822022,28.641850485822022,28.641850485822022,6.563340754647466e-07,24.357253241069525
3870,8834.857142857143,3238.5714285714284,7,28.638581081730962,28.638581081730962,28.638581081730962,6.562591563769422e-07,24.357377182537718
1661,8585.888888888889,2966.222222222222,9,28.638451750029898,28.638451750029898,28.638451750029898,6.562561927135962e-07,24.357382085728517
7197,8104.4,3608.5,10,28.60625991807328,28.60625991807328,28.60625991807328,6.555185100601929e-07,24.3586032235461
9096,8737.555555555555,4070.4444444444443,9,28.59851181083949,28.59851181083949,28.59851181083949,6.553409605404644e-07,24.358897338891346
9948,8856.833333333334,3286.833333333333,6,28.59589945879449,28.59589945879449,28.59589945879449,6.552810979395794e-07,24.358996520791607
3768,8672.25,3227.0,8,28.595640486942315,28.595640486942315,28.595640486942315,6.552751635446892e-07,24.359006353543656
3344,8584.714285714286,3185.0,7,28.588435702080773,28.588435702080773,28.588435702080773,6.551100643722958e-07,24.35927994354753
2093,8392.222222222223,3030.1111111111113,9,28.575034515803445,28.575034515803445,28.575034515803445,6.548029733479287e-07,24.3597890152795
6341,9484.5,3495.0,10,28.549823416097325,28.549823416097325,28.549823416097325,6.542252556538413e-07,24.360747358336475
3070,8936.714285714286,3153.4285714285716,7,28.54573607256974,28.54573607256974,28.54573607256974,6.541315933104598e-07,24.360902809194528
2392,8643.777777777777,3074.0,9,28.538517973842396,28.538517973842396,28.538517973842396,6.539661890480094e-07,24.36117738407653
4808,8219.4,3335.7,10,28.529544935639233,28.529544935639233,28.529544935639233,6.537605699754533e-07,24.361518813311292
8338,8770.9,3812.0,10,28.510764749365812,28.510764749365812,28.510764749365812,6.533302180259197e-07,24.36223375784853
5483,8062.111111111111,3404.666666666667,9,28.50948627612653,28.50948627612653,28.50948627612653,6.533009215406272e-07,24.36228244527652
7636,8786.4,3673.2,10,28.503036904168873,28.503036904168873,28.503036904168873,6.53153132815061e-07,24.362528086629393
4445,9066.714285714286,3296.4285714285716,7,28.497673156868416,28.497673156868416,28.497673156868416,6.530302214086484e-07,24.36273242144025
4775,8650.875,3331.625,8,28.482364192078407,28.482364192078407,28.482364192078407,6.526794132352468e-07,24.36331583621157
5154,8603.0,3370.1111111111113,9,28.47009110392858,28.47009110392858,28.47009110392858,6.523981728186089e-07,24.36378378219512
9481,8903.0,3089.285714285714,7,28.461855108067162,28.461855108067162,28.461855108067162,6.522094432275543e-07,24.364097915807143
1849,8759.111111111111,2993.666666666667,9,28.46079933563462,28.46079933563462,28.46079933563462,6.521852499784568e-07,24.364138191172557
5080,8645.285714285714,3361.0,7,28.45086011437087,28.45086011437087,28.45086011437087,6.519574906162532e-07,24.364517423568422
5634,9104.444444444445,3418.666666666667,9,28.449325899959035,28.449325899959035,28.449325899959035,6.519223337677789e-07,24.364575973539864
2685,8760.6,3111.4,10,28.44481839927002,28.44481839927002,28.44481839927002,6.51819043433977e-07,24.3647480108123
935,8914.818181818182,2818.909090909091,11,28.443861130298632,28.443861130298632,28.443861130298632,6.517971074125731e-07,24.364784550299188
5465,8955.0,3403.0,8,28.442598180715777,28.442598180715777,28.442598180715777,6.517681666551583e-07,24.364832759665838
9638,9288.9,3182.6,10,28.426771757121795,28.426771757121795,28.426771757121795,6.514055008035712e-07,24.365437068155632
9788,9064.333333333334,3239.4444444444443,9,28.424892304783114,28.424892304783114,28.424892304783114,6.513624327548186e-07,24.365508854601423
1066,9215.222222222223,2852.3333333333335,9,28.424747032812224,28.424747032812224,28.424747032812224,6.513591038168105e-07,24.365514403520997
2858,9176.9,3129.9,10,28.42389968687784,28.42389968687784,28.42389968687784,6.513396867051012e-07,24.36554676996108
1994,9174.7,3015.8,10,28.40717546903123,28.40717546903123,28.40717546903123,6.509564477078982e-07,24.36618578969761
4908,9190.25,3344.125,8,28.406490867393572,28.406490867393572,28.406490867393572,6.509407599162474e-07,24.366211955823893
6256,8861.142857142857,3486.285714285714,7,28.39854878612094,28.39854878612094,28.39854878612094,6.507587654402998e-07,24.366515555831484
5951,8888.5,3451.0,6,28.393425627752578,28.393425627752578,28.393425627752578,6.506413671802668e-07,24.366711442612875
4767,8510.0,3331.0,8,28.392877806256102,28.392877806256102,28.392877806256102,6.506288137345463e-07,24.36673239096121
8990,8692.2,4016.0,10,28.391530404803753,28.391530404803753,28.391530404803753,6.505979377446397e-07,24.36678391646215
10149,8663.0,3344.0,9,28.388536026518352,28.388536026518352,28.388536026518352,6.505293209314727e-07,24.366898432175944
1805,8652.6,2986.6,10,28.386671021252006,28.386671021252006,28.386671021252006,6.504865839404452e-07,24.3669697627389
4608,9077.5,3314.0,8,28.383446904479044,28.383446904479044,28.383446904479044,6.504127026211353e-07,24.36709308608014
2547,9362.1,3093.8,10,28.375111861751957,28.375111861751957,28.375111861751957,6.502217033501576e-07,24.3674119686564
4552,9028.0,3308.333333333333,9,28.372488026247495,28.372488026247495,28.372488026247495,6.501615776033646e-07,24.367512370901082
4994,8556.375,3352.25,8,28.371358507068315,28.371358507068315,28.371358507068315,6.50135694431935e-07,24.367555595318947
6505,8974.375,3513.125,8,28.370065495197082,28.370065495197082,28.370065495197082,6.501060647908093e-07,24.367605078384514
6629,8196.222222222223,3529.1111111111113,9,28.355746606039204,28.355746606039204,28.355746606039204,6.497779444103971e-07,24.368153207573855
8372,9019.4,3820.8,10,28.348959096486688,28.348959096486688,28.348959096486688,6.496224071901653e-07,24.368413131148277
9468,8869.875,3084.875,8,28.346970072301765,28.346970072301765,28.346970072301765,6.495768282793287e-07,24.368489311417385
6981,8473.222222222223,3575.0,9,28.340006151800864,28.340006151800864,28.340006151800864,6.494172485648186e-07,24.368756073949328
541,8910.8,2687.2,10,28.33655419208976,28.33655419208976,28.33655419208976,6.493381461762823e-07,24.368888330304248
8010,8711.909090909092,3743.272727272727,11,28.32614777909573,28.32614777909573,28.32614777909573,6.490996810165426e-07,24.36928713301161
3709,8984.1,3221.1,10,28.31981209688692,28.31981209688692,28.31981209688692,6.489544975156716e-07,24.36953000574604
9903,9244.7,3271.1,10,28.318726070931064,28.318726070931064,28.318726070931064,6.489296110006741e-07,24.369571643038874
7352,8705.777777777777,3632.1111111111113,9,28.310944108493793,28.310944108493793,28.310944108493793,6.487512856817813e-07,24.369870043449424
9994,8791.5,3302.5,6,28.307434948196544,28.307434948196544,28.307434948196544,6.486708725296879e-07,24.370004629513218
9880,8813.857142857143,3283.4285714285716,7,28.281865126127997,28.281865126127997,28.281865126127997,6.480849346366224e-07,24.37098580734797
425,9062.0,2629.0,10,28.268008992511028,28.268008992511028,28.268008992511028,6.477674183975264e-07,24.371517872413065
5159,8828.888888888889,3370.222222222222,9,28.265883376811416,28.265883376811416,28.265883376811416,6.477187094631757e-07,24.371599517522814
8430,8718.444444444445,3832.5555555555557,9,28.263781136325775,28.263781136325775,28.263781136325775,6.476705361768082e-07,24.37168027082737
6154,8427.75,3474.25,8,28.263490131119866,28.263490131119866,28.263490131119866,6.476638677308267e-07,24.37169144967541
6111,8917.0,3467.714285714286,7,28.263451310083326,28.263451310083326,28.263451310083326,6.47662978138545e-07,24.37169294097863
5537,8583.25,3409.5,8,28.26306696934924,28.26306696934924,28.26306696934924,6.476541708891497e-07,24.37170770547015
8523,8858.7,3856.1,10,28.259145675221337,28.259145675221337,28.259145675221337,6.475643136029616e-07,24.371858353890016
9115,8795.0,4080.5,10,28.252635340489103,28.252635340489103,28.252635340489103,6.474151279024928e-07,24.37210851433543
3310,8386.5,3182.5,8,28.237445136957565,28.237445136957565,28.237445136957565,6.470670411685045e-07,24.37269242408348
8381,9075.222222222223,3820.666666666667,9,28.226571248423628,28.226571248423628,28.226571248423628,6.46817863707671e-07,24.373110608101175
10504,8398.555555555555,3468.5555555555557,9,28.223608580701324,28.223608580701324,28.223608580701324,6.467499735487796e-07,24.373224573215957
6036,8928.375,3460.375,8,28.223574101835908,28.223574101835908,28.223574101835908,6.467491834582696e-07,24.373225899586934
3842,8927.57142857143,3234.285714285714,7,28.209713211642097,28.209713211642097,28.209713211642097,6.46431558221207e-07,24.37375924688363
775,8855.777777777777,2769.0,9,28.200802384848238,28.200802384848238,28.200802384848238,6.462273647362829e-07,24.37410226120437
9296,7805.4,4256.4,10,28.20017115057424,28.20017115057424,28.20017115057424,6.462128998690833e-07,24.374126564114835
5667,8556.5,3421.125,8,28.199322272108688,28.199322272108688,28.199322272108688,6.461934476390976e-07,24.374159247319156
1828,8621.333333333334,2990.8888888888887,9,28.18725367547472,28.18725367547472,28.18725367547472,6.459168931888943e-07,24.374624014412596
602,8879.888888888889,2710.6666666666665,9,28.184677141581172,28.184677141581172,28.184677141581172,6.458578513685425e-07,24.374723263669896
9686,8259.125,3203.625,8,28.165473151215153,28.165473151215153,28.165473151215153,6.454177878583878e-07,24.37546329606786
7725,8541.375,3690.5,8,28.164019912226124,28.164019912226124,28.164019912226124,6.453844865788924e-07,24.37551931766859
1154,8642.333333333334,2870.3333333333335,9,28.149443928700315,28.149443928700315,28.149443928700315,6.450504748265394e-07,24.376081374139922
8030,8582.3,3748.0,10,28.149115647450714,28.149115647450714,28.149115647450714,6.450429521921148e-07,24.376094036163273
8977,8323.875,4008.125,8,28.122295012612085,28.122295012612085,28.122295012612085,6.444283516592721e-07,24.377129024841977
10784,8945.090909090908,3858.0,11,28.112573629164743,28.112573629164743,28.112573629164743,6.442055840968093e-07,24.37750440966386
7764,9594.5,3696.5,8,28.110282914326625,28.110282914326625,28.110282914326625,6.441530918807014e-07,24.377592883006866
10233,8732.888888888889,3369.333333333333,9,28.108898712807957,28.108898712807957,28.108898712807957,6.441213726094742e-07,24.37764634795105
10152,8856.714285714286,3343.285714285714,7,28.09684631884619,28.09684631884619,28.09684631884619,6.438451894469391e-07,24.3781119843614
1197,8738.555555555555,2879.0,9,28.09280079303173,28.09280079303173,28.09280079303173,6.437524853653185e-07,24.378268325398494
6705,8302.8,3540.5,10,28.09178127252923,28.09178127252923,28.09178127252923,6.437291228368827e-07,24.378307728746545
4764,9309.0,3330.333333333333,9,28.087466259497468,28.087466259497468,28.087466259497468,6.43630243398551e-07,24.378474515098716
8409,8224.666666666666,3828.333333333333,9,28.084711132753707,28.084711132753707,28.084711132753707,6.43567109085178e-07,24.378581021237366
2508,8671.5,3088.25,8,28.080022831549805,28.080022831549805,28.080022831549805,6.43459675669251e-07,24.378762282965447
10441,9238.5,3439.25,8,28.059268649586215,28.059268649586215,28.059268649586215,6.429840891900239e-07,24.3795650564665
548,8869.5,2689.5,8,28.056987512246486,28.056987512246486,28.056987512246486,6.42931816444322e-07,24.379653327266034
7823,8562.0,3705.5,6,28.048074204979006,28.048074204979006,28.048074204979006,6.427275661188191e-07,24.379998305069805
3449,9084.0,3196.1,10,28.037698163667777,28.037698163667777,28.037698163667777,6.42489796932629e-07,24.38040003418457
3857,8446.375,3236.75,8,28.035290602362515,28.035290602362515,28.035290602362515,6.424346271549572e-07,24.380493268967783
3688,8700.0,3218.5,6,28.0330960448359,28.0330960448359,28.0330960448359,6.423843384040262e-07,24.380578261980915
4935,9336.222222222223,3346.0,9,28.026304835774674,28.026304835774674,28.026304835774674,6.422287164087681e-07,24.380841320860323
4134,8729.714285714286,3264.5714285714284,7,28.016068988357773,28.016068988357773,28.016068988357773,6.419941597953853e-07,24.381237928979935
2554,9200.0,3093.5555555555557,9,28.011919671792125,28.011919671792125,28.011919671792125,6.418990773266993e-07,24.381398743720432
3000,8204.222222222223,3147.8888888888887,9,28.00352896653436,28.00352896653436,28.00352896653436,6.417068025370318e-07,24.38172401443669
275,8689.4,2560.6,10,27.99332951897002,27.99332951897002,27.99332951897002,6.414730800339867e-07,24.38211953339654
8764,8869.111111111111,3931.222222222222,9,27.98325853192409,27.98325853192409,27.98325853192409,6.412423012309522e-07,24.38251021227684
4682,8856.375,3321.0,8,27.981902434324923,27.981902434324923,27.981902434324923,6.412112259669978e-07,24.38256282944922
4955,9027.222222222223,3348.5555555555557,9,27.97533505929134,27.97533505929134,27.97533505929134,6.410607331759321e-07,24.38281768251904
3664,8563.125,3216.875,8,27.970905308620118,27.970905308620118,27.970905308620118,6.409592245002697e-07,24.382989616885325
9383,8788.75,2989.0,8,27.96337054550515,27.96337054550515,27.96337054550515,6.407865638062494e-07,24.38328213037666
1800,8946.875,2986.25,8,27.948137908068304,27.948137908068304,27.948137908068304,6.404375046903256e-07,24.383873730454205
7983,8607.9,3738.0,10,27.947299376853717,27.947299376853717,27.947299376853717,6.404182895697891e-07,24.38390630641184
4181,8777.142857142857,3268.857142857143,7,27.94489842312018,27.94489842312018,27.94489842312018,6.40363271206024e-07,24.38399958606441
7163,8258.6,3602.3,10,27.941299838393352,27.941299838393352,27.941299838393352,6.402808088741704e-07,24.38413940998698
10488,8577.444444444445,3460.1111111111113,9,27.9409027851382,27.9409027851382,27.9409027851382,6.4027171031466e-07,24.384154838695014
3563,8844.0,3206.0,7,27.93899109139541,27.93899109139541,27.93899109139541,6.402279034472977e-07,24.384229126420554
106,8757.9,2419.7,10,27.936381563061147,27.936381563061147,27.936381563061147,6.401681055523427e-07,24.384330539950607
6406,8916.666666666666,3503.0,9,27.928208606168425,27.928208606168425,27.928208606168425,6.399808205126189e-07,24.38464822509731
1439,8770.333333333334,2929.1111111111113,9,27.92711793118471,27.92711793118471,27.92711793118471,6.399558274641627e-07,24.384690626973406
2046,8678.7,3023.8,10,27.92531739036164,27.92531739036164,27.92531739036164,6.399145676895183e-07,24.38476062973512
4188,8536.555555555555,3270.333333333333,9,27.91799639221108,27.91799639221108,27.91799639221108,6.397468054649718e-07,24.385045307425397
8274,8744.0,3796.75,8,27.91153128739268,27.91153128739268,27.91153128739268,6.395986562175666e-07,24.38529676570176
6442,9420.3,3506.5,10,27.90666934256022,27.90666934256022,27.90666934256022,6.394872437210818e-07,24.385485907934363
4416,9413.2,3294.6,10,27.903793037610697,27.903793037610697,27.903793037610697,6.394213325834359e-07,24.385597819152768
5339,9226.0,3389.5,8,27.89453990489173,27.89453990489173,27.89453990489173,6.392092950856751e-07,24.3859579181293
4275,9307.2,3277.7,10,27.892852685631905,27.892852685631905,27.892852685631905,6.391706320986745e-07,24.386023591570964
4578,8899.0,3311.125,8,27.886801573432876,27.886801573432876,27.886801573432876,6.390319695799016e-07,24.386259158166226
3306,9103.111111111111,3180.8888888888887,9,27.880640605714426,27.880640605714426,27.880640605714426,6.388907896986136e-07,24.386499053900152
1635,8906.25,2960.25,8,27.879276162631278,27.879276162631278,27.879276162631278,6.388595231961246e-07,24.386552189749015
4883,9057.4,3343.2,10,27.87881071847974,27.87881071847974,27.87881071847974,6.38848857444726e-07,24.38657031625209
977,8687.5,2830.25,8,27.872262682212902,27.872262682212902,27.872262682212902,6.386988078055997e-07,24.386825358519225
6172,8713.0,3476.4444444444443,9,27.870638410450013,27.870638410450013,27.870638410450013,6.386615872738353e-07,24.386888632250063
5189,8670.333333333334,3372.5555555555557,9,27.868035269755865,27.868035269755865,27.868035269755865,6.386019357530077e-07,24.386990045646296
1505,9021.5,2936.5,8,27.864858379401166,27.864858379401166,27.864858379401166,6.385291366370834e-07,24.387113824070653
1227,8265.545454545454,2884.818181818182,11,27.850390697005793,27.850390697005793,27.850390697005793,6.381976066280923e-07,24.3876776943643
3613,8355.4,3212.9,10,27.842775818239357,27.842775818239357,27.842775818239357,6.380231100669355e-07,24.387974597921428
2705,9387.0,3111.333333333333,9,27.83735441005655,27.83735441005655,27.83735441005655,6.378988773491807e-07,24.388186027712962
2175,8659.875,3042.5,8,27.8278903603305,27.8278903603305,27.8278903603305,6.376820066434917e-07,24.388555215401713
10248,9259.222222222223,3368.5555555555557,9,27.827398400313527,27.827398400313527,27.827398400313527,6.376707332754156e-07,24.38857440994059
9501,8781.3,3102.4,10,27.818362172695558,27.818362172695558,27.818362172695558,6.374636662040242e-07,24.388927031936024
10356,8753.0,3417.0,7,27.812108263989444,27.812108263989444,27.812108263989444,6.37320356560302e-07,24.38917114618057
7200,8687.777777777777,3608.4444444444443,9,27.81143210243704,27.81143210243704,27.81143210243704,6.373048621749939e-07,24.38919754266928
6513,8372.6,3516.7,10,27.81009542926806,27.81009542926806,27.81009542926806,6.372742320259749e-07,24.389249726581454
3649,8252.222222222223,3217.5555555555557,9,27.80713516411047,27.80713516411047,27.80713516411047,6.372063969223632e-07,24.389365304686514
7009,8775.444444444445,3578.777777777778,9,27.807104668210492,27.807104668210492,27.807104668210492,6.372056981023506e-07,24.38936649540683
3228,8835.0,3171.0,7,27.807072031459995,27.807072031459995,27.807072031459995,6.372049502242946e-07,24.38936776971866
974,9187.333333333334,2829.6666666666665,9,27.78136760392069,27.78136760392069,27.78136760392069,6.366159278183327e-07,24.39037187164252
3846,9315.333333333334,3233.8888888888887,9,27.767547762045794,27.767547762045794,27.767547762045794,6.362992432121994e-07,24.390912105520293
2138,8672.222222222223,3037.1111111111113,9,27.750526456869878,27.750526456869878,27.750526456869878,6.35909196395868e-07,24.391577858002552
3137,8864.777777777777,3162.4444444444443,9,27.738884448642835,27.738884448642835,27.738884448642835,6.356424173094387e-07,24.392033445827597
8393,8633.666666666666,3824.333333333333,9,27.730806800047638,27.730806800047638,27.730806800047638,6.354573162795565e-07,24.392349661598537
5524,8427.5,3407.5,8,27.71427316858142,27.71427316858142,27.71427316858142,6.350784446096613e-07,24.39299719111139
2396,9153.666666666666,3074.333333333333,9,27.712808405384976,27.712808405384976,27.712808405384976,6.3504487925051e-07,24.39305457628806
940,9032.555555555555,2821.0,9,27.71269469569372,27.71269469569372,27.71269469569372,6.350422735688304e-07,24.393059031231065
5794,9329.6,3435.3,10,27.709969210091298,27.709969210091298,27.709969210091298,6.349798184884945e-07,24.393165816368693
1943,9225.111111111111,3006.4444444444443,9,27.705970904918804,27.705970904918804,27.705970904918804,6.348881964778945e-07,24.393322489870286
8800,8617.8,3942.9,10,27.70126599726827,27.70126599726827,27.70126599726827,6.347803825217227e-07,24.393506880533824
4738,8306.666666666666,3327.8888888888887,9,27.686947060723714,27.686947060723714,27.686947060723714,6.344522610554347e-07,24.39406824864115
3871,9018.125,3237.875,8,27.686753553176686,27.686753553176686,27.686753553176686,6.344478267889742e-07,24.39407583701424
2782,8689.285714285714,3120.714285714286,7,27.667188750590462,27.667188750590462,27.667188750590462,6.339994951903076e-07,24.394843342073763
5184,8392.75,3371.625,8,27.66220023503364,27.66220023503364,27.66220023503364,6.338851822988431e-07,24.39503912272712
2210,8711.0,3047.333333333333,9,27.657109201948487,27.657109201948487,27.657109201948487,6.337685201964849e-07,24.395238963217253
10557,8543.625,3501.75,8,27.654310979537577,27.654310979537577,27.654310979537577,6.337043983367636e-07,24.39534881870001
8851,8955.625,3957.75,8,27.648506790700765,27.648506790700765,27.648506790700765,6.335713941191794e-07,24.395576720938507
952,8566.3,2824.3,10,27.640869374190732,27.640869374190732,27.640869374190732,6.333963811008504e-07,24.3958766780096
6045,8956.142857142857,3460.5714285714284,7,27.63631189233594,27.63631189233594,27.63631189233594,6.332919454380396e-07,24.39605571112779
9763,8939.4,3239.1,10,27.63385996984219,27.63385996984219,27.63385996984219,6.332357591143298e-07,24.396152043052762
3933,8629.444444444445,3244.5555555555557,9,27.628948572316006,27.628948572316006,27.628948572316006,6.33123213398885e-07,24.396345029340097
4480,8431.222222222223,3300.8888888888887,9,27.621523340754884,27.621523340754884,27.621523340754884,6.329530626436399e-07,24.396636858260436
8519,9344.9,3854.3,10,27.620681041267837,27.620681041267837,27.620681041267837,6.329337611723412e-07,24.396669967549197
7591,8791.0,3667.75,8,27.619257630821068,27.619257630821068,27.619257630821068,6.329011434202148e-07,24.396725921567025
2393,8664.444444444445,3073.8888888888887,9,27.616808435686487,27.616808435686487,27.616808435686487,6.328450195945184e-07,24.396822205753107
6903,8388.888888888889,3565.1111111111113,9,27.61585931432235,27.61585931432235,27.61585931432235,6.328232702772618e-07,24.39685952046087
8207,9054.333333333334,3782.1111111111113,9,27.614838787241347,27.614838787241347,27.614838787241347,6.327998846828663e-07,24.39689964391532
9581,8753.25,3154.125,8,27.614335395552658,27.614335395552658,27.614335395552658,6.327883493556095e-07,24.396919436012148
3725,8677.125,3223.625,8,27.60462149893405,27.60462149893405,27.60462149893405,6.325657533554143e-07,24.39730143270133
2428,8765.5,3080.6,10,27.595669922669764,27.595669922669764,27.595669922669764,6.323606260877372e-07,24.397653570354038
6985,8864.625,3575.25,8,27.594739862297295,27.594739862297295,27.594739862297295,6.323393135571452e-07,24.397690163676067
9513,8833.111111111111,3115.8888888888887,9,27.588647247169263,27.588647247169263,27.588647247169263,6.321996999899562e-07,24.397929908758766
7537,8573.0,3658.9,10,27.56589556414022,27.56589556414022,27.56589556414022,6.316783403503783e-07,24.398825658270077
3940,8234.888888888889,3245.333333333333,9,27.561881338248,27.561881338248,27.561881338248,6.315863535131108e-07,24.398983777847466
1012,9224.272727272728,2841.181818181818,11,27.56118695084552,27.56118695084552,27.56118695084552,6.315704414785848e-07,24.399011131968575
9378,8662.875,2971.875,8,27.561001645624398,27.561001645624398,27.561001645624398,6.315661951701612e-07,24.39901843184518
2512,9072.7,3088.1,10,27.5585236281808,27.5585236281808,27.5585236281808,6.315094108751439e-07,24.39911605508279
1259,8951.777777777777,2891.5555555555557,9,27.55741886291033,27.55741886291033,27.55741886291033,6.314840949447797e-07,24.39915958091571
7540,8899.555555555555,3659.222222222222,9,27.554666071848743,27.554666071848743,27.554666071848743,6.314210141540589e-07,24.39926804369391
9851,8468.0,3262.125,8,27.553403752440254,27.553403752440254,27.553403752440254,6.313920878372232e-07,24.39931778399105
7855,8914.0,3711.875,8,27.546467365865617,27.546467365865617,27.546467365865617,6.312331390684701e-07,24.399591145286507
8674,8900.555555555555,3902.1111111111113,9,27.545689871939103,27.545689871939103,27.545689871939103,6.312153226303288e-07,24.39962179042176
5412,8827.125,3397.625,8,27.543392275516368,27.543392275516368,27.543392275516368,6.311626727212507e-07,24.39971235586683
9455,8844.0,3078.5,8,27.53843554370895,27.53843554370895,27.53843554370895,6.310490881611413e-07,24.39990776344164
10429,8932.142857142857,3447.285714285714,7,27.521195574937536,27.521195574937536,27.521195574937536,6.306540306221661e-07,24.40058768295782
8672,8749.875,3902.5,8,27.515739988793708,27.515739988793708,27.515739988793708,6.305290147091893e-07,24.400802932130155
4123,9366.875,3262.875,8,27.511477992536697,27.511477992536697,27.511477992536697,6.304313501614896e-07,24.40097111812319
3040,8553.4,3152.2,10,27.50581500197648,27.50581500197648,27.50581500197648,6.303015815323452e-07,24.4011946301706
10334,8625.25,3399.375,8,27.498080378120818,27.498080378120818,27.498080378120818,6.301243409870848e-07,24.401499981678803
5568,8898.5,3412.125,8,27.492016729103923,27.492016729103923,27.492016729103923,6.299853911844728e-07,24.401739425638485
7351,8692.0,3631.0,8,27.48833850009597,27.48833850009597,27.48833850009597,6.29901103787034e-07,24.4018846988508
4328,8434.0,3285.666666666667,9,27.48267520611897,27.48267520611897,27.48267520611897,6.297713282050296e-07,24.40210841105533
5943,8700.25,3450.0,8,27.48249016422679,27.48249016422679,27.48249016422679,6.297670879308446e-07,24.4021157213829
8570,8423.625,3869.125,8,27.468659718833376,27.468659718833376,27.468659718833376,6.294501603428368e-07,24.402662251005683
3272,9111.285714285714,3177.0,7,27.4677264519079,27.4677264519079,27.4677264519079,6.294287743334029e-07,24.402699140279275
6315,8865.75,3492.75,8,27.460567605144888,27.460567605144888,27.460567605144888,6.292647278422755e-07,24.40298214994824
861,8918.285714285714,2793.0,7,27.457737250950824,27.457737250950824,27.457737250950824,6.291998696759319e-07,24.403094062289
5060,8838.5,3358.5,4,27.45623482523905,27.45623482523905,27.45623482523905,6.29165441272258e-07,24.403153472960962
6322,8956.714285714286,3493.0,7,27.45230276880575,27.45230276880575,27.45230276880575,6.290753373655603e-07,24.403308974317333
3916,9097.625,3241.875,8,27.447798768558457,27.447798768558457,27.447798768558457,6.289721272451226e-07,24.403487121752722
2217,8757.888888888889,3048.222222222222,9,27.445756212123378,27.445756212123378,27.445756212123378,6.289253216314258e-07,24.403567920945765
7886,8923.5,3718.625,8,27.434923571741514,27.434923571741514,27.434923571741514,6.286770893807409e-07,24.40399653772146
8533,8696.3,3859.6,10,27.42819982499301,27.42819982499301,27.42819982499301,6.285230132986797e-07,24.40426266239177
3853,8894.285714285714,3236.0,7,27.427809534753038,27.427809534753038,27.427809534753038,6.285140697150959e-07,24.404278112011557
2599,8857.875,3101.625,8,27.414499937740914,27.414499937740914,27.414499937740914,6.282090774781563e-07,24.404805103371675
6840,8756.714285714286,3555.4285714285716,7,27.410277652632132,27.410277652632132,27.410277652632132,6.281123229198364e-07,24.40497233753185
9902,8901.125,3274.125,8,27.40611123116662,27.40611123116662,27.40611123116662,6.280168484887441e-07,24.40513738432644
6005,8699.875,3456.625,8,27.405524821326438,27.405524821326438,27.405524821326438,6.280034107829475e-07,24.405160616123194
1519,8652.666666666666,2940.1111111111113,9,27.39558665586943,27.39558665586943,27.39558665586943,6.277756756147792e-07,24.40555441201065
8029,8574.625,3747.625,8,27.38707667149365,27.38707667149365,27.38707667149365,6.275806675188371e-07,24.405891730339178
2055,8808.625,3024.25,8,27.381477962586068,27.381477962586068,27.381477962586068,6.274523719173895e-07,24.406113708845744
7738,8579.3,3693.9,10,27.38138826377027,27.38138826377027,27.38138826377027,6.274503164500107e-07,24.40611726560814
6773,9083.25,3547.0,8,27.379730751253504,27.379730751253504,27.379730751253504,6.274123341993248e-07,24.40618299185268
4180,8771.166666666666,3269.333333333333,6,27.378740333406483,27.378740333406483,27.378740333406483,6.273896385644087e-07,24.406222267328907
5728,9148.555555555555,3427.333333333333,9,27.37688580471867,27.37688580471867,27.37688580471867,6.27347141646399e-07,24.40629581333986
9420,8753.375,3046.0,8,27.363422076710272,27.363422076710272,27.363422076710272,6.270386174650068e-07,24.4068299008454
4079,8963.333333333334,3259.0,6,27.362879086179248,27.362879086179248,27.362879086179248,6.270261747218837e-07,24.406851446042715
7885,8825.111111111111,3719.4444444444443,9,27.361505567806486,27.361505567806486,27.361505567806486,6.269947002572094e-07,24.40690594747329
7222,8950.5,3611.0,6,27.360465741430843,27.360465741430843,27.360465741430843,6.269708724153861e-07,24.40694720977126
1248,8874.888888888889,2888.4444444444443,9,27.35783997451095,27.35783997451095,27.35783997451095,6.269107024097991e-07,24.407051412201326
7306,8832.777777777777,3623.666666666667,9,27.35748603005206,27.35748603005206,27.35748603005206,6.269025916974935e-07,24.40706545909976
1834,9538.111111111111,2992.222222222222,9,27.354258653967605,27.354258653967605,27.354258653967605,6.268286356903697e-07,24.407193551489634
6478,9284.0,3511.333333333333,9,27.34710846917136,27.34710846917136,27.34710846917136,6.26664787690047e-07,24.407477391362615
10723,8847.5,3686.0,8,27.346882967372302,27.346882967372302,27.346882967372302,6.26659620268519e-07,24.40748634428271
6101,9050.555555555555,3468.333333333333,9,27.344572456408805,27.344572456408805,27.344572456408805,6.266066744200017e-07,24.407578080931028
2691,9104.0,3111.5,8,27.312660185577776,27.312660185577776,27.312660185577776,6.258753979690535e-07,24.40884592088851
3506,7966.8,3202.4,10,27.312310415345788,27.312310415345788,27.312310415345788,6.258673829100421e-07,24.408859825086534
1181,9150.625,2875.75,8,27.306009819656023,27.306009819656023,27.306009819656023,6.257230034241926e-07,24.409110319237683
7842,8750.888888888889,3710.4444444444443,9,27.294137337943717,27.294137337943717,27.294137337943717,6.254509429889922e-07,24.40958249318261
4644,8548.125,3317.75,8,27.293931236259183,27.293931236259183,27.293931236259183,6.254462201252011e-07,24.40959069175298
3997,9085.5,3252.0,8,27.288958652037294,27.288958652037294,27.288958652037294,6.253322723036538e-07,24.40978851619016
8105,8474.57142857143,3761.714285714286,7,27.280092374828552,27.280092374828552,27.280092374828552,6.251290996819164e-07,24.410141332963423
4044,8542.222222222223,3257.0,9,27.279406833593498,27.279406833593498,27.279406833593498,6.251133903591922e-07,24.410168617559126
6950,8359.333333333334,3571.0,9,27.27866954305062,27.27866954305062,27.27866954305062,6.250964951901091e-07,24.41019796254667
5783,8843.714285714286,3433.714285714286,7,27.26883664436201,27.26883664436201,27.26883664436201,6.248711722322534e-07,24.410589398744797
9997,8758.0,3295.4285714285716,7,27.266515673343946,27.266515673343946,27.266515673343946,6.248179866893683e-07,24.4106818144773
8852,9509.666666666666,3958.3333333333335,9,27.26164409631665,27.26164409631665,27.26164409631665,6.247063534690969e-07,24.410875815066696
7873,9084.777777777777,3715.8888888888887,9,27.256286589906264,27.256286589906264,27.256286589906264,6.245835850740031e-07,24.41108920683056
9538,8841.888888888889,3142.8888888888887,9,27.246456314237022,27.246456314237022,27.246456314237022,6.243583222231923e-07,24.41148086001144
6476,8950.0,3511.0,10,27.23598156324271,27.23598156324271,27.23598156324271,6.241182910836897e-07,24.411898345607664
1707,8531.125,2972.375,8,27.228946747136725,27.228946747136725,27.228946747136725,6.239570867813604e-07,24.412178818007778
10708,8407.111111111111,3648.333333333333,9,27.220098319714314,27.220098319714314,27.220098319714314,6.237543231912606e-07,24.412531700526856
2577,8751.875,3097.125,8,27.193312410835993,27.193312410835993,27.193312410835993,6.231405184111597e-07,24.41360064412018
644,9486.3,2727.4,10,27.192806474055082,27.192806474055082,27.192806474055082,6.231289247625752e-07,24.413620844637943
8998,8709.6,4021.7,10,27.19063974723722,27.19063974723722,27.19063974723722,6.230792737582349e-07,24.413707359705178
6031,8984.75,3460.125,8,27.18969442210446,27.18969442210446,27.18969442210446,6.230576114324249e-07,24.41374510767925
10063,8418.625,3315.5,8,27.187934063754703,27.187934063754703,27.187934063754703,6.230172724476744e-07,24.413815404411473
3027,8016.222222222223,3150.333333333333,9,27.185299442894532,27.185299442894532,27.185299442894532,6.229568995521691e-07,24.413920621742555
7289,9135.777777777777,3620.1111111111113,9,27.178044190411086,27.178044190411086,27.178044190411086,6.227906439035215e-07,24.414210423282206
7821,9046.666666666666,3706.5555555555557,9,27.1768247591325,27.1768247591325,27.1768247591325,6.227627003772742e-07,24.41425913945848
8168,9041.0,3773.8,10,27.17255669748388,27.17255669748388,27.17255669748388,6.2266489683984e-07,24.414429665375845
2938,9264.222222222223,3138.222222222222,9,27.168077421068602,27.168077421068602,27.168077421068602,6.22562253271254e-07,24.414608658965633
8883,8952.3,3969.8,10,27.16653664309038,27.16653664309038,27.16653664309038,6.225269460172644e-07,24.41467023586146
6451,8972.0,3508.25,8,27.163882490842305,27.163882490842305,27.163882490842305,6.22466125555865e-07,24.41477631673611
7241,8681.625,3613.75,8,27.15939244948062,27.15939244948062,27.15939244948062,6.2236323530625e-07,24.414955797832704
9557,8688.625,3144.875,8,27.15363197464356,27.15363197464356,27.15363197464356,6.222312328042367e-07,24.4151861056153
3854,9135.5,3236.0,10,27.143575578977412,27.143575578977412,27.143575578977412,6.220007883657632e-07,24.415588284418995
9172,8060.333333333333,4120.666666666666,9,27.128861896387587,27.128861896387587,27.128861896387587,6.216636212101683e-07,24.416176987599748
1548,8766.25,2946.875,8,27.128641645050656,27.128641645050656,27.128641645050656,6.216585741040931e-07,24.416185802411896
2778,9309.714285714286,3120.0,7,27.128589272854338,27.128589272854338,27.128589272854338,6.216573739841125e-07,24.416187898441816
2380,8138.777777777777,3071.4444444444443,9,27.12170259298415,27.12170259298415,27.12170259298415,6.214995642550288e-07,24.416463551067768
4802,9045.5,3334.5,8,27.120937793139454,27.120937793139454,27.120937793139454,6.214820387044632e-07,24.416494167972658
37,8672.875,2178.125,8,27.11600931873414,27.11600931873414,27.11600931873414,6.213691016687132e-07,24.416691488190544
3503,9229.5,3200.25,8,27.114585384833436,27.114585384833436,27.114585384833436,6.213364719215289e-07,24.416748504588686
4525,8700.222222222223,3305.4444444444443,9,27.107242666664064,27.107242666664064,27.107242666664064,6.211682119781472e-07,24.417042565312684
8461,8184.4,3841.3,10,27.107122660281682,27.107122660281682,27.107122660281682,6.211654620064556e-07,24.417047371982402
2886,8438.777777777777,3133.333333333333,9,27.104182318792635,27.104182318792635,27.104182318792635,6.21098083457932e-07,24.41716514945385
4559,8649.142857142857,3309.5714285714284,7,27.09986522247749,27.09986522247749,27.09986522247749,6.209991562807199e-07,24.417338096973133
5223,9199.25,3375.375,8,27.09717053525651,27.09717053525651,27.09717053525651,6.209374069518235e-07,24.417446063006253
3356,9021.714285714286,3185.857142857143,7,27.090221935771574,27.090221935771574,27.090221935771574,6.207781783216421e-07,24.417724516931806
2598,8658.25,3101.125,8,27.08708216330242,27.08708216330242,27.08708216330242,6.207062297699333e-07,24.41785036168192
1539,9318.0,2944.0,8,27.084895995283482,27.084895995283482,27.084895995283482,6.206561332663492e-07,24.417937993769577
705,8916.3,2746.5,10,27.084107455000684,27.084107455000684,27.084107455000684,6.206380636986119e-07,24.41796960397761
565,8773.111111111111,2697.0,9,27.07294630300877,27.07294630300877,27.07294630300877,6.20382303534744e-07,24.418417119716928
151,8571.777777777777,2459.8888888888887,9,27.07022924663191,27.07022924663191,27.07022924663191,6.203200416118987e-07,24.418526090291756
9104,8414.875,4075.125,8,27.069936490248306,27.069936490248306,27.069936490248306,6.20313333037309e-07,24.418537832265592
4580,9105.222222222223,3309.4444444444443,9,27.069443844228218,27.069443844228218,27.069443844228218,6.203020439493263e-07,24.418557591768447
8888,8311.888888888889,3973.4444444444443,9,27.060522464071127,27.060522464071127,27.060522464071127,6.200976086318466e-07,24.41891548098144
5409,8719.0,3396.5,6,27.0589471597209,27.0589471597209,27.0589471597209,6.200615101987236e-07,24.418978687992848
4411,8638.714285714286,3293.5714285714284,7,27.057955321836076,27.057955321836076,27.057955321836076,6.200387820233402e-07,24.419018486068925
4491,8597.625,3302.5,8,27.05723886755888,27.05723886755888,27.05723886755888,6.200223643217022e-07,24.419047235123955
1452,9684.666666666666,2928.6666666666665,9,27.051288859110336,27.051288859110336,27.051288859110336,6.198860186168039e-07,24.419286019651594
2470,9359.0,3082.0,9,27.05122469555394,27.05122469555394,27.05122469555394,6.198845482953075e-07,24.41928859493661
5745,9055.142857142857,3428.857142857143,7,27.048058198978566,27.048058198978566,27.048058198978566,6.198119873550396e-07,24.419415693847874
1495,8862.666666666666,2935.5555555555557,9,27.047835613788585,27.047835613788585,27.047835613788585,6.19806886768227e-07,24.419424628677575
2407,8418.285714285714,3075.4285714285716,7,27.04260588525475,27.04260588525475,27.04260588525475,6.196870464302613e-07,24.419634577255202
469,9382.5,2649.6,10,27.035741974691337,27.035741974691337,27.035741974691337,6.19529758464669e-07,24.41991019204522
7170,8726.8,3603.6,10,27.027245161650924,27.027245161650924,27.027245161650924,6.19335052192669e-07,24.420251471656563
3864,8857.57142857143,3237.0,7,27.024818655385616,27.024818655385616,27.024818655385616,6.192794482872217e-07,24.420348953436868
6123,9173.0,3470.5,8,27.015243090547322,27.015243090547322,27.015243090547322,6.190600221890964e-07,24.42073372492672
9498,9197.444444444445,3099.333333333333,9,27.01200365496504,27.01200365496504,27.01200365496504,6.189857898360234e-07,24.420863924879917
6052,8882.625,3463.0,8,27.00862997019017,27.00862997019017,27.00862997019017,6.189084811342439e-07,24.42099953719923
2697,8539.5,3111.0,8,27.001752198814266,27.001752198814266,27.001752198814266,6.187508755451952e-07,24.421276056088054
680,8959.875,2740.5,8,26.997615406013217,26.997615406013217,26.997615406013217,6.186560800612298e-07,24.421442408618603
2122,8845.111111111111,3035.666666666667,9,26.99585433809502,26.99585433809502,26.99585433809502,6.186157248165681e-07,24.42151323404277
3574,8477.777777777777,3208.777777777778,9,26.98311059877485,26.98311059877485,26.98311059877485,6.183236993285918e-07,24.422025890757737
7658,8441.555555555555,3677.4444444444443,9,26.974799253968275,26.974799253968275,26.974799253968275,6.181332431004862e-07,24.422360371024403
6144,8085.8,3473.8,10,26.974177169469886,26.974177169469886,26.974177169469886,6.181189879023344e-07,24.42238541022652
6719,8823.333333333334,3541.166666666667,6,26.971430279805233,26.971430279805233,26.971430279805233,6.180560423433753e-07,24.422495980769817
8369,8789.875,3819.5,8,26.96309091334819,26.96309091334819,26.96309091334819,6.178649439932092e-07,24.422831734270876
2044,8483.888888888889,3022.666666666667,9,26.942545268150955,26.942545268150955,26.942545268150955,6.173941361781894e-07,24.423659371360465
708,8602.875,2748.125,8,26.941546454608257,26.941546454608257,26.941546454608257,6.173712481541271e-07,24.423699622499182
2213,9178.666666666666,3047.4444444444443,9,26.939613094670815,26.939613094670815,26.939613094670815,6.173269448013213e-07,24.423777539117882
9386,8839.285714285714,2994.0,7,26.93647186954845,26.93647186954845,26.93647186954845,6.172549629617564e-07,24.4239041460103
9959,8869.0,3289.125,8,26.936279213791067,26.936279213791067,26.936279213791067,6.172505482142362e-07,24.423911911469705
5611,8539.42857142857,3416.714285714286,7,26.931288320104215,26.931288320104215,26.931288320104215,6.171361808274179e-07,24.424113100951
888,9337.333333333334,2802.8888888888887,9,26.92769419539023,26.92769419539023,26.92769419539023,6.170538206977041e-07,24.424258007934014
4237,8490.625,3275.25,8,26.91910680453781,26.91910680453781,26.91910680453781,6.16857038815941e-07,24.42460431044628
5190,8880.875,3373.75,8,26.918471617789777,26.918471617789777,26.918471617789777,6.16842483376961e-07,24.424629929921352
10585,8873.666666666666,3522.666666666667,9,26.91767280356487,26.91767280356487,26.91767280356487,6.168241783796624e-07,24.424662149967354
2191,8810.666666666666,3045.666666666667,9,26.910844225660988,26.910844225660988,26.910844225660988,6.166677000694532e-07,24.424937618611345
7643,9012.0,3675.1,10,26.910816996411857,26.910816996411857,26.910816996411857,6.166670761054372e-07,24.42493871719437
3908,9056.222222222223,3240.333333333333,9,26.90760615941788,26.90760615941788,26.90760615941788,6.165934990950778e-07,24.42506826844361
7950,8463.375,3733.5,8,26.90493468846823,26.90493468846823,26.90493468846823,6.165322817719605e-07,24.42517606906728
6008,9084.0,3457.25,8,26.903804733185112,26.903804733185112,26.903804733185112,6.165063886071166e-07,24.425221668848064
10077,8639.875,3318.25,8,26.894848575719678,26.894848575719678,26.894848575719678,6.163011563602441e-07,24.42558316579668
2841,9352.125,3127.875,8,26.893952153049465,26.893952153049465,26.893952153049465,6.162806146447299e-07,24.425619354688596
2524,8880.75,3089.875,8,26.887344148564964,26.887344148564964,26.887344148564964,6.161291908211836e-07,24.42588615933034
10648,8720.857142857143,3577.714285714286,7,26.877026351409107,26.877026351409107,26.877026351409107,6.158927563121608e-07,24.426302881630214
2593,8960.666666666666,3098.777777777778,9,26.876837283483418,26.876837283483418,26.876837283483418,6.158884237805645e-07,24.426310519328354
5237,9123.75,3377.375,8,26.872401491189514,26.872401491189514,26.872401491189514,6.157867766598376e-07,24.426489725598472
7928,8724.25,3727.625,8,26.872255305619447,26.872255305619447,26.872255305619447,6.157834267865107e-07,24.426495632007608
9350,9406.444444444445,2725.4444444444443,9,26.86801880359797,26.86801880359797,26.86801880359797,6.156863464446226e-07,24.426666815490087
8975,8915.5,4007.0,8,26.85867884590369,26.85867884590369,26.85867884590369,6.15472319334147e-07,24.427044308645836
10203,8473.25,3359.75,8,26.839702949110233,26.839702949110233,26.839702949110233,6.150374826365596e-07,24.427811662086864
6737,8638.0,3543.0,8,26.824920700578957,26.824920700578957,26.824920700578957,6.146987442778817e-07,24.42840980744716
9327,8331.888888888889,4320.888888888889,9,26.811255480784496,26.811255480784496,26.811255480784496,6.143856028694989e-07,24.428963046893152
4012,9059.0,3252.5,6,26.805974128121235,26.805974128121235,26.805974128121235,6.142645795536639e-07,24.429176939175797
7430,8063.555555555556,3643.666666666667,9,26.801952985260005,26.801952985260005,26.801952985260005,6.141724342125853e-07,24.429339821817685
6023,8461.333333333334,3460.333333333333,9,26.79329523573972,26.79329523573972,26.79329523573972,6.139740400470332e-07,24.429690600384806
6470,8351.125,3510.125,8,26.793040296171753,26.793040296171753,26.793040296171753,6.139681980527905e-07,24.429700931269206
7438,8071.555555555556,3644.1111111111113,9,26.79230708746631,26.79230708746631,26.79230708746631,6.139513964198775e-07,24.429730643542285
10588,8785.777777777777,3519.5555555555557,9,26.787597324451625,26.787597324451625,26.787597324451625,6.138434712020069e-07,24.42992151959144
10480,8869.5,3457.0,6,26.755089412390376,26.755089412390376,26.755089412390376,6.130985455060024e-07,24.43123990772449
6546,8995.125,3517.625,8,26.731545147048934,26.731545147048934,26.731545147048934,6.125590236747219e-07,24.432195767563393
1497,9151.857142857143,2935.714285714286,7,26.731364760479796,26.731364760479796,26.731364760479796,6.125548900782511e-07,24.432203094221414
4517,9007.875,3304.875,8,26.726459289600584,26.726459289600584,26.726459289600584,6.124424801731782e-07,24.432402355880285
10806,8878.888888888889,4055.4444444444443,9,26.723220743754215,26.723220743754215,26.723220743754215,6.123682682085923e-07,24.432533926601693
3593,9276.111111111111,3208.777777777778,9,26.710708442998317,26.710708442998317,26.710708442998317,6.120815461843773e-07,24.43304240720159
2878,8619.8,3132.8,10,26.69844562668186,26.69844562668186,26.69844562668186,6.118005411489784e-07,24.43354098030625
8303,8478.142857142857,3803.4285714285716,7,26.691641175557525,26.691641175557525,26.691641175557525,6.116446157090371e-07,24.433817729771246
7369,8720.666666666666,3633.1111111111113,9,26.68106932174686,26.68106932174686,26.68106932174686,6.114023594379137e-07,24.434247846378657
1190,8734.375,2878.125,8,26.675256116249887,26.675256116249887,26.675256116249887,6.112691486016504e-07,24.434484429675834
1909,8988.666666666666,3003.1111111111113,9,26.66630347672207,26.66630347672207,26.66630347672207,6.110639969690641e-07,24.434848881147783
10010,8680.57142857143,3298.714285714286,7,26.65576486491595,26.65576486491595,26.65576486491595,6.108225024455217e-07,24.435278052516807
1301,9198.375,2900.25,8,26.655117655576465,26.655117655576465,26.655117655576465,6.108076715063099e-07,24.43530441481204
758,8503.75,2765.5,8,26.64510030612147,26.64510030612147,26.64510030612147,6.105781218200421e-07,24.435712525679985
5324,9394.777777777777,3386.8888888888887,9,26.630312087749918,26.630312087749918,26.630312087749918,6.102392466612088e-07,24.436315284205197
3722,9235.0,3221.875,8,26.606903168024314,26.606903168024314,26.606903168024314,6.097028263034062e-07,24.43727010173937
3653,8463.875,3216.25,8,26.601120848759116,26.601120848759116,26.601120848759116,6.095703232316914e-07,24.437506083943724
3824,8110.888888888889,3233.333333333333,9,26.59544274060423,26.59544274060423,26.59544274060423,6.094402081796606e-07,24.437737863111614
8001,8622.875,3742.125,8,26.588859401358786,26.588859401358786,26.588859401358786,6.092893495652959e-07,24.438006655575393
10272,8699.5,3383.875,8,26.586852446558524,26.586852446558524,26.586852446558524,6.092433597706078e-07,24.43808861116802
6288,8343.625,3489.625,8,26.58597493640681,26.58597493640681,26.58597493640681,6.092232514394642e-07,24.4381244469356
2734,9069.888888888889,3114.4444444444443,9,26.583667862917494,26.583667862917494,26.583667862917494,6.091703843613964e-07,24.438218668866917
1415,9092.375,2924.5,8,26.578139475156934,26.578139475156934,26.578139475156934,6.090437001839396e-07,24.438444484017595
6305,9167.833333333334,3489.833333333333,6,26.570089910512856,26.570089910512856,26.570089910512856,6.088592427037506e-07,24.438773364356017
7,9163.285714285714,2006.5714285714287,7,26.566689048142113,26.566689048142113,26.566689048142113,6.087813112216004e-07,24.438912343025056
1244,9271.888888888889,2887.777777777778,9,26.549237147503842,26.549237147503842,26.549237147503842,6.083813972189701e-07,24.439625807419027
3520,9298.111111111111,3202.0,9,26.5467974604176,26.5467974604176,26.5467974604176,6.08325491272217e-07,24.439725583480243
7633,8088.111111111111,3673.4444444444443,9,26.537381181577828,26.537381181577828,26.537381181577828,6.081097152465136e-07,24.44011076773737
727,8968.75,2753.875,8,26.536910521254185,26.536910521254185,26.536910521254185,6.080989299654255e-07,24.44013002425261
4194,8971.888888888889,3269.666666666667,9,26.52440480300058,26.52440480300058,26.52440480300058,6.078123587806458e-07,24.44064180618801
1907,8849.333333333334,3003.1111111111113,9,26.51863881879099,26.51863881879099,26.51863881879099,6.076802300301931e-07,24.44087785364719
6736,8544.333333333334,3542.777777777778,9,26.515643711946637,26.515643711946637,26.515643711946637,6.076115965219433e-07,24.441000487377163
7724,8427.625,3690.125,8,26.513591269086792,26.513591269086792,26.513591269086792,6.075645643587272e-07,24.44108453201869
9441,8906.0,3054.25,8,26.51022123925045,26.51022123925045,26.51022123925045,6.074873394106387e-07,24.4412225441018
1132,9225.1,2865.3,10,26.50790540942064,26.50790540942064,26.50790540942064,6.074342716791724e-07,24.44131739393716
8678,8268.6,3906.2,10,26.50053912402567,26.50053912402567,26.50053912402567,6.072654716878203e-07,24.441619151246577
9110,9130.75,4080.0,8,26.499178933643513,26.499178933643513,26.499178933643513,6.07234302636876e-07,24.44167488014468
231,9020.5,2522.5,10,26.495056630170605,26.495056630170605,26.495056630170605,6.071398391789365e-07,24.44184379414406
8869,8583.5,3966.4,10,26.484125602980367,26.484125602980367,26.484125602980367,6.068893523736816e-07,24.44229182718813
10489,8574.888888888889,3463.1111111111113,9,26.48066799148112,26.48066799148112,26.48066799148112,6.068101204732219e-07,24.442433583767823
1746,8832.125,2977.875,8,26.47765746378745,26.47765746378745,26.47765746378745,6.067411335929411e-07,24.442557025696466
6642,8907.111111111111,3530.333333333333,9,26.477162809068084,26.477162809068084,26.477162809068084,6.067297984751884e-07,24.442577309573736
8321,8809.714285714286,3806.0,7,26.440860880727566,26.440860880727566,26.440860880727566,6.058979320918779e-07,24.444066946613688
2709,8594.777777777777,3113.222222222222,9,26.437341711278087,26.437341711278087,26.437341711278087,6.058172895779394e-07,24.444211463238695
8744,8530.4,3924.8,10,26.4302354055322,26.4302354055322,26.4302354055322,6.056544470753573e-07,24.444503346237603
3474,9034.555555555555,3198.777777777778,9,26.427632431988428,26.427632431988428,26.427632431988428,6.055947993848158e-07,24.444610279897034
6097,9305.222222222223,3466.222222222222,9,26.427408235631912,26.427408235631912,26.427408235631912,6.055896618777805e-07,24.444619490678
3927,9079.0,3243.5,8,26.425884561439823,26.425884561439823,26.425884561439823,6.055547465606759e-07,24.444682090684452
10634,8960.0,3559.8888888888887,9,26.422852347588332,26.422852347588332,26.422852347588332,6.054852627374915e-07,24.444806679636063
7441,8983.375,3644.75,8,26.421076484912064,26.421076484912064,26.421076484912064,6.054445684678123e-07,24.444879653710686
8392,8148.375,3824.25,8,26.419511141472398,26.419511141472398,26.419511141472398,6.054086982910664e-07,24.44494398115753
1043,9053.444444444445,2846.8888888888887,9,26.41100882114728,26.41100882114728,26.41100882114728,6.0521386581847e-07,24.44529344874133
6385,8704.375,3502.0,8,26.402196406233983,26.402196406233983,26.402196406233983,6.050119274626506e-07,24.445655780774402
4813,9222.285714285714,3335.0,7,26.398014044930623,26.398014044930623,26.398014044930623,6.04916087766795e-07,24.44582778543344
4010,8961.714285714286,3253.0,7,26.396867177368748,26.396867177368748,26.396867177368748,6.048898070534984e-07,24.445874956507808
10775,8587.8,3819.9,10,26.39632847719474,26.39632847719474,26.39632847719474,6.048774626248158e-07,24.44589711414669
10540,8990.25,3491.375,8,26.393197836134767,26.393197836134767,26.393197836134767,6.048057233212842e-07,24.446025891598747
8891,8498.333333333334,3976.3333333333335,9,26.392649572705466,26.392649572705466,26.392649572705466,6.047931597485793e-07,24.446048445729605
4920,9018.75,3345.75,8,26.3915769551258,26.3915769551258,26.3915769551258,6.047685804893647e-07,24.446092571780774
10200,8423.0,3358.333333333333,9,26.391184211711327,26.391184211711327,26.391184211711327,6.047595806907672e-07,24.44610872916757
5317,8230.25,3386.25,8,26.39083454884358,26.39083454884358,26.39083454884358,6.047515680920301e-07,24.446123114431487
1365,8493.8,2913.8,10,26.389509929894956,26.389509929894956,26.389509929894956,6.047212141680259e-07,24.44617761148961
4129,9026.5,3264.5,8,26.385523922396345,26.385523922396345,26.385523922396345,6.046298739612299e-07,24.446341619064633
9335,8675.111111111111,4344.111111111111,9,26.380017913175426,26.380017913175426,26.380017913175426,6.045037025927528e-07,24.446568209122027
513,8583.125,2673.125,8,26.37439545162098,26.37439545162098,26.37439545162098,6.04374862694367e-07,24.4467996403788
9086,8605.375,4066.75,8,26.371770705759854,26.371770705759854,26.371770705759854,6.043147160865581e-07,24.446907696824212
3623,8579.0,3214.0,9,26.36911510981438,26.36911510981438,26.36911510981438,6.042538625425267e-07,24.447017034262185
7603,9193.285714285714,3668.5714285714284,7,26.346526024321726,26.346526024321726,26.346526024321726,6.03736228859963e-07,24.447947528093813
8269,8686.1,3796.1,10,26.338200242181745,26.338200242181745,26.338200242181745,6.03545441797302e-07,24.448290686493532
7022,8673.125,3581.875,8,26.337786497812168,26.337786497812168,26.337786497812168,6.035359607573664e-07,24.44830774235786
4256,9191.5,3276.5,8,26.33539722253814,26.33539722253814,26.33539722253814,6.034812100079766e-07,24.44840624115693
5492,9198.375,3403.375,8,26.33175946023389,26.33175946023389,26.33175946023389,6.033978499136313e-07,24.44855622647959
2116,8811.0,3034.5,8,26.33028453898693,26.33028453898693,26.33028453898693,6.033640517805991e-07,24.44861704354159
4872,8694.285714285714,3340.857142857143,7,26.32080558724698,26.32080558724698,26.32080558724698,6.031468395921027e-07,24.449007980981776
3601,8887.285714285714,3209.714285714286,7,26.319202838866005,26.319202838866005,26.319202838866005,6.031101122731974e-07,24.449074096546603
1071,9291.875,2853.25,8,26.30155222837319,26.30155222837319,26.30155222837319,6.027056447921272e-07,24.449802474827848
10680,8872.111111111111,3603.222222222222,9,26.301136948341536,26.301136948341536,26.301136948341536,6.026961285621696e-07,24.44981961785124
6269,8801.714285714286,3487.0,7,26.298620080477576,26.298620080477576,26.298620080477576,6.02638454001534e-07,24.449923521546573
4997,8668.625,3353.0,8,26.29627487210489,26.29627487210489,26.29627487210489,6.025847130545298e-07,24.450020347584235
10797,8761.555555555555,3912.222222222222,9,26.287903653869066,26.287903653869066,26.287903653869066,6.02392884814101e-07,24.450366038438332
6925,8606.888888888889,3566.777777777778,9,26.28720294812171,26.28720294812171,26.28720294812171,6.023768279933627e-07,24.450394979191778
7852,8306.125,3712.625,8,26.279935381583115,26.279935381583115,26.279935381583115,6.022102901655311e-07,24.450695191849817
3769,8694.555555555555,3227.1111111111113,9,26.278439105772748,26.278439105772748,26.278439105772748,6.021760026881516e-07,24.450757011144493
315,8617.0,2581.4444444444443,9,26.27438292027522,26.27438292027522,26.27438292027522,6.020830543376339e-07,24.450924611942582
2979,8365.875,3144.875,8,26.26830126393558,26.26830126393558,26.26830126393558,6.01943691893404e-07,24.45117595328933
9914,9062.333333333334,3285.777777777778,9,26.259405076506383,26.259405076506383,26.259405076506383,6.017398338726244e-07,24.451543717790827
5367,8893.875,3392.0,8,26.233858104548432,26.233858104548432,26.233858104548432,6.011544195946871e-07,24.452600511477698
5810,9441.9,3436.7,10,26.227331381824154,26.227331381824154,26.227331381824154,6.010048583599067e-07,24.45287066544356
872,8852.25,2797.75,8,26.200722663111538,26.200722663111538,26.200722663111538,6.003951139300142e-07,24.453972749138075
2852,8746.0,3129.75,8,26.196384906370767,26.196384906370767,26.196384906370767,6.002957133147692e-07,24.454152517059246
7758,8877.25,3696.875,8,26.193619093455098,26.193619093455098,26.193619093455098,6.002323341255017e-07,24.454267155081453
3345,8596.666666666666,3185.5,6,26.185636940522365,26.185636940522365,26.185636940522365,6.000494213989683e-07,24.454598069002508
1074,9147.333333333334,2854.777777777778,9,26.182735645370045,26.182735645370045,26.182735645370045,5.999829376055279e-07,24.454718372194503
7214,8927.5,3608.75,8,26.180278241462112,26.180278241462112,26.180278241462112,5.999266256740501e-07,24.454820279712667
9608,8472.25,3174.5,8,26.17829781891851,26.17829781891851,26.17829781891851,5.998812438716477e-07,24.454902413972963
5091,8978.42857142857,3361.5714285714284,7,26.17738560728992,26.17738560728992,26.17738560728992,5.998603403488054e-07,24.454940248306386
8272,9060.333333333334,3795.4444444444443,9,26.1763094239657,26.1763094239657,26.1763094239657,5.998356793797985e-07,24.454984885125143
3939,9575.9,3245.9,10,26.171774670187766,26.171774670187766,26.171774670187766,5.997317645356868e-07,24.45517299311243
9252,8882.222222222223,4201.111111111111,9,26.16629751296663,26.16629751296663,26.16629751296663,5.996062543169009e-07,24.455400236786787
1498,9368.0,2936.7,10,26.166257091029415,26.166257091029415,26.166257091029415,5.996053280396408e-07,24.455401914043367
3930,8346.3,3245.2,10,26.15705877148128,26.15705877148128,26.15705877148128,5.99394546597309e-07,24.455783653942476
1481,8575.7,2934.7,10,26.153162453938304,26.153162453938304,26.153162453938304,5.993052616548591e-07,24.455945395679763
7851,7912.75,3711.875,8,26.145587244542753,26.145587244542753,26.145587244542753,5.991316741257452e-07,24.45625992247837
9153,8587.333333333334,4109.333333333334,9,26.144472946125163,26.144472946125163,26.144472946125163,5.991061397412941e-07,24.4563061964406
2299,8678.444444444445,3059.777777777778,9,26.142820010974674,26.142820010974674,26.142820010974674,5.990682623819266e-07,24.456374842240987
842,9163.5,2790.3,10,26.138571109371696,26.138571109371696,26.138571109371696,5.98970897901e-07,24.45655131751114
6587,8767.2,3522.6,5,26.136246996056343,26.136246996056343,26.136246996056343,5.989176403517063e-07,24.456647860131987
5872,8793.285714285714,3443.0,7,26.116585807780638,26.116585807780638,26.116585807780638,5.984671000545331e-07,24.4574649207123
9174,8673.111111111111,4121.111111111111,9,26.0976179706962,26.0976179706962,26.0976179706962,5.980324480468863e-07,24.45825375083377
4528,9162.125,3306.125,8,26.091276119250708,26.091276119250708,26.091276119250708,5.978871231766489e-07,24.458517622213822
3010,9431.5,3147.5,8,26.089289201374356,26.089289201374356,26.089289201374356,5.978415925323198e-07,24.45860030697057
2188,8569.625,3044.75,8,26.081195464771884,26.081195464771884,26.081195464771884,5.976561228423405e-07,24.458937189519688
10773,8437.375,3819.25,8,26.070067733328866,26.070067733328866,26.070067733328866,5.974011285174351e-07,24.459400525605798
7908,8864.5,3722.5,6,26.06808029460691,26.06808029460691,26.06808029460691,5.973555859378185e-07,24.459483299323615
9591,8540.875,3165.125,8,26.06686555487837,26.06686555487837,26.06686555487837,5.973277499194349e-07,24.45953389444293
6046,9073.5,3462.0,8,26.06373970808196,26.06373970808196,26.06373970808196,5.972561204774692e-07,24.459664099915294
4770,9084.0,3331.0,7,26.04459112691068,26.04459112691068,26.04459112691068,5.968173266807578e-07,24.46046206478771
8262,8605.666666666666,3794.5555555555557,9,26.04295550611023,26.04295550611023,26.04295550611023,5.967798460833919e-07,24.460530252016163
4568,9281.857142857143,3308.714285714286,7,26.039447428497425,26.039447428497425,26.039447428497425,5.96699457741242e-07,24.460676514349096
6671,8554.714285714286,3535.4285714285716,7,26.03593919727068,26.03593919727068,26.03593919727068,5.966190658789962e-07,24.460822802793988
7030,8787.222222222223,3582.777777777778,9,26.030904686449013,26.030904686449013,26.030904686449013,5.965036989962876e-07,24.461032769455365
1888,8871.375,2999.25,8,26.021032219351632,26.021032219351632,26.021032219351632,5.96277469319957e-07,24.46144462329688
4835,9208.875,3338.625,8,26.0208713027479,26.0208713027479,26.0208713027479,5.962737818818709e-07,24.46145133761633
5455,9243.0,3402.222222222222,9,26.020294621393425,26.020294621393425,26.020294621393425,5.962605671063866e-07,24.461475400252674
7282,8952.25,3618.625,8,26.016906754394128,26.016906754394128,26.016906754394128,5.961829334159278e-07,24.461616773338314
2469,9168.2,3082.7,10,26.0167519826239,26.0167519826239,26.0167519826239,5.961793867880042e-07,24.461623232285024
3214,8295.75,3170.0,8,26.011721099930305,26.011721099930305,26.011721099930305,5.960641030446194e-07,24.461833202371622
6290,8664.333333333334,3490.1111111111113,9,26.009752371853594,26.009752371853594,26.009752371853594,5.960189892234049e-07,24.4619153807187
8711,8479.714285714286,3912.5714285714284,7,26.00232192443394,26.00232192443394,26.00232192443394,5.958487189456557e-07,24.462225597373006
9363,8964.25,2889.5,8,26.001127101079774,26.001127101079774,26.001127101079774,5.958213393152129e-07,24.462275488793615
5641,8524.777777777777,3420.5555555555557,9,25.993121703347043,25.993121703347043,25.993121703347043,5.956378939291601e-07,24.46260982385645
5746,9122.75,3429.25,8,25.99203684607911,25.99203684607911,25.99203684607911,5.956130341948943e-07,24.462655139436738
10592,8934.875,3521.5,8,25.9865639220287,25.9865639220287,25.9865639220287,5.954876209801129e-07,24.462883777827212
764,8957.2,2767.0,10,25.985281820403973,25.985281820403973,25.985281820403973,5.954582413495986e-07,24.462937346221118
1537,9115.75,2944.625,8,25.982391665921632,25.982391665921632,25.982391665921632,5.953920128469725e-07,24.463058111502747
6839,8552.777777777777,3557.0,9,25.97711604159432,25.97711604159432,25.97711604159432,5.952711207971701e-07,24.463278588432082
9627,8789.375,3187.125,8,25.975746099317533,25.975746099317533,25.975746099317533,5.952397282794932e-07,24.463335847873328
10765,8817.111111111111,3793.8888888888887,9,25.975644187044217,25.975644187044217,25.975644187044217,5.952373929381465e-07,24.46334010761861
5337,8810.42857142857,3389.142857142857,7,25.973964969052503,25.973964969052503,25.973964969052503,5.951989133019009e-07,24.4634102982437
394,8957.777777777777,2618.3333333333335,9,25.965843574502887,25.965843574502887,25.965843574502887,5.950128098241998e-07,24.463749833271446
8477,8846.0,3843.5,8,25.950913505826666,25.950913505826666,25.950913505826666,5.946706841355651e-07,24.464374298953043
1873,8786.666666666666,2998.666666666667,9,25.948841820303436,25.948841820303436,25.948841820303436,5.946232110226385e-07,24.464460977742352
6174,8876.125,3475.75,8,25.946814610105065,25.946814610105065,25.946814610105065,5.945767570712089e-07,24.464545802394724
2354,8838.5,3069.0,8,25.943503517078177,25.943503517078177,25.943503517078177,5.945008826726027e-07,24.46468436287041
6585,8388.875,3523.125,8,25.942700704564377,25.942700704564377,25.942700704564377,5.944824860536665e-07,24.46471796111198
8259,8963.0,3794.333333333333,9,25.940644059437446,25.940644059437446,25.940644059437446,5.944353575946093e-07,24.46480403783221
4487,9272.888888888889,3301.777777777778,9,25.928100702959394,25.928100702959394,25.928100702959394,5.941479239219378e-07,24.465329162416786
5732,8382.0,3427.5555555555557,9,25.927188780928496,25.927188780928496,25.927188780928496,5.941270270352879e-07,24.465367349717436
10589,8790.75,3521.75,8,25.91065711719085,25.91065711719085,25.91065711719085,5.9374820045631e-07,24.46605985636552
4566,9036.888888888889,3309.8888888888887,9,25.907115539213663,25.907115539213663,25.907115539213663,5.936670444462088e-07,24.466208269515704
4031,9043.222222222223,3254.666666666667,9,25.905150561634052,25.905150561634052,25.905150561634052,5.936220165684304e-07,24.466290622497393
8084,8686.375,3756.875,8,25.89217009223805,25.89217009223805,25.89217009223805,5.933245663605837e-07,24.46683479604518
8571,8711.111111111111,3869.5555555555557,9,25.89162484974389,25.89162484974389,25.89162484974389,5.933120720132479e-07,24.46685765993598
325,9245.57142857143,2587.714285714286,7,25.891435076171042,25.891435076171042,25.891435076171042,5.933077233115973e-07,24.46686561790675
4360,8512.222222222223,3289.333333333333,9,25.88899973889231,25.88899973889231,25.88899973889231,5.932519170416054e-07,24.466967746591678
5298,8792.285714285714,3383.4285714285716,7,25.8773916538683,25.8773916538683,25.8773916538683,5.929859153125648e-07,24.467454677129066
4794,8390.111111111111,3335.222222222222,9,25.874587205446645,25.874587205446645,25.874587205446645,5.929216507824875e-07,24.467572349583563
9109,8658.25,4079.0,8,25.87180024087106,25.87180024087106,25.87180024087106,5.928577868984492e-07,24.46768930106533
2561,9276.0,3095.5,8,25.859151323189398,25.859151323189398,25.859151323189398,5.925679342684198e-07,24.468220255464445
10038,9114.285714285714,3304.5714285714284,7,25.85683306433824,25.85683306433824,25.85683306433824,5.925148108754144e-07,24.468317595487967
6792,8170.75,3550.875,8,25.856642754156837,25.856642754156837,25.856642754156837,5.92510449877265e-07,24.468325586699187
5128,9031.5,3366.5,8,25.85403895543864,25.85403895543864,25.85403895543864,5.924507832776767e-07,24.468434927301445
7323,8660.125,3627.125,8,25.848137074541327,25.848137074541327,25.848137074541327,5.923155404258171e-07,24.468682804133188
6510,8121.444444444444,3513.8888888888887,9,25.847146516922205,25.847146516922205,25.847146516922205,5.922928415879936e-07,24.46872441273635
9825,8473.875,3252.125,8,25.8464103419156,25.8464103419156,25.8464103419156,5.922759719816608e-07,24.46875533697164
3516,8619.833333333334,3201.5,6,25.836917278626515,25.836917278626515,25.836917278626515,5.920584364240244e-07,24.469154187552572
3389,8569.111111111111,3191.0,9,25.828871433185334,25.828871433185334,25.828871433185334,5.918740641701582e-07,24.46949234810259
3299,8434.0,3181.285714285714,7,25.82761116674352,25.82761116674352,25.82761116674352,5.918451848974891e-07,24.469545325651005
9743,8888.0,3229.0,7,25.825741617590197,25.825741617590197,25.825741617590197,5.918023437823283e-07,24.469623920247237
6720,8891.57142857143,3541.714285714286,7,25.81791471586218,25.81791471586218,25.81791471586218,5.916229886700615e-07,24.469953019743503
8828,8673.875,3951.25,8,25.811948197795772,25.811948197795772,25.811948197795772,5.914862646437701e-07,24.470203962292807
6995,8877.125,3578.125,8,25.801891025333084,25.801891025333084,25.801891025333084,5.912558024048392e-07,24.470627082779977
1542,8902.0,2945.5555555555557,9,25.799990918037984,25.799990918037984,25.799990918037984,5.912122610433817e-07,24.470707041696453
9471,8861.75,3094.5,8,25.798920604154183,25.798920604154183,25.798920604154183,5.911877345738462e-07,24.470752084450265
2367,9008.5,3070.5,8,25.796433226409192,25.796433226409192,25.796433226409192,5.911307357855382e-07,24.47085676969319
2038,8094.0,3020.5,8,25.780883144846904,25.780883144846904,25.780883144846904,5.907744023701872e-07,24.471511448464337
6321,8950.875,3493.25,8,25.778648188917558,25.778648188917558,25.778648188917558,5.907231878812938e-07,24.471605575486336
5462,8678.714285714286,3401.5714285714284,7,25.777290970050686,25.777290970050686,25.777290970050686,5.906920869232523e-07,24.47166273986685
6089,9385.555555555555,3464.666666666667,9,25.7767307873915,25.7767307873915,25.7767307873915,5.906792502188679e-07,24.471686334945318
7262,8770.875,3616.125,8,25.77179375099975,25.77179375099975,25.77179375099975,5.905661169833837e-07,24.47189430672411
318,9079.444444444445,2585.0,9,25.76765374246868,25.76765374246868,25.76765374246868,5.904712478102834e-07,24.47206873456059
1588,9408.444444444445,2951.666666666667,9,25.766231459035325,25.766231459035325,25.766231459035325,5.904386558839082e-07,24.4721286650165
798,8440.888888888889,2778.777777777778,9,25.75932447013306,25.75932447013306,25.75932447013306,5.902803807690493e-07,24.472419750394494
3497,8940.75,3200.125,8,25.757447864774747,25.757447864774747,25.757447864774747,5.902373779594554e-07,24.47249885078406
2639,8611.42857142857,3105.0,7,25.756087127433062,25.756087127433062,25.756087127433062,5.902061963748177e-07,24.47255621053612
2792,9170.57142857143,3122.714285714286,7,25.753300172815187,25.753300172815187,25.753300172815187,5.901423327189624e-07,24.472673699704256
4120,9273.333333333334,3262.777777777778,9,25.749785268882295,25.749785268882295,25.749785268882295,5.900617879502407e-07,24.47282189503777
9155,7957.111111111111,4111.777777777777,9,25.74564565721008,25.74564565721008,25.74564565721008,5.89966927871245e-07,24.472996455234473
1913,9332.0,3002.222222222222,9,25.74498075821447,25.74498075821447,25.74498075821447,5.899516915698134e-07,24.473024495480335
2177,9009.375,3042.375,8,25.736954673876582,25.736954673876582,25.736954673876582,5.897677721458182e-07,24.473363030166162
8693,8854.4,3907.5,10,25.731620437592248,25.731620437592248,25.731620437592248,5.896455369905959e-07,24.473588082966508
7384,8890.0,3635.777777777778,9,25.72944022380868,25.72944022380868,25.72944022380868,5.895955769295775e-07,24.473680080177992
4104,8755.285714285714,3261.4285714285716,7,25.726696262187687,25.726696262187687,25.726696262187687,5.895326984673595e-07,24.473795876608996
5158,8766.42857142857,3369.714285714286,7,25.717366198730645,25.717366198730645,25.717366198730645,5.893188980854276e-07,24.474189701953048
4436,9117.555555555555,3297.4444444444443,9,25.70476428382343,25.70476428382343,25.70476428382343,5.890301225339384e-07,24.47472186020513
3632,9349.555555555555,3212.777777777778,9,25.699782007095916,25.699782007095916,25.699782007095916,5.889159526065701e-07,24.47493232556792
1041,9340.375,2846.75,8,25.699569730376403,25.699569730376403,25.699569730376403,5.889110882405434e-07,24.474941293639
4295,8769.285714285714,3280.5714285714284,7,25.688415363850027,25.688415363850027,25.688415363850027,5.886554835670566e-07,24.47541263727105
7929,8735.875,3728.625,8,25.686799334057365,25.686799334057365,25.686799334057365,5.886184519017871e-07,24.4754809418831
3083,8744.57142857143,3155.5714285714284,7,25.68132189174355,25.68132189174355,25.68132189174355,5.884929351500421e-07,24.475712488504236
3700,9062.42857142857,3221.142857142857,7,25.663314507619894,25.663314507619894,25.663314507619894,5.880802921255913e-07,24.476474058594853
2536,8524.0,3092.0,9,25.662625323634998,25.662625323634998,25.662625323634998,5.880644993284821e-07,24.47650321624912
7316,8450.5,3626.0,8,25.652735824436327,25.652735824436327,25.652735824436327,5.8783787935794e-07,24.47692170253547
3998,9156.5,3251.75,8,25.64982151874596,25.64982151874596,25.64982151874596,5.877710974252623e-07,24.477045055731374
8248,8368.222222222223,3791.666666666667,9,25.649517032456245,25.649517032456245,25.649517032456245,5.877641200573876e-07,24.477057944466317
7917,8680.75,3724.875,8,25.635414379844708,25.635414379844708,25.635414379844708,5.874409547832732e-07,24.477655069605717
3924,8832.625,3242.875,8,25.629001054267064,25.629001054267064,25.629001054267064,5.872939920681462e-07,24.477926727040998
3568,8495.333333333334,3208.222222222222,9,25.618503270249967,25.618503270249967,25.618503270249967,5.870534331220439e-07,24.47837154184658
2511,8983.0,3088.4444444444443,9,25.616413794646746,25.616413794646746,25.616413794646746,5.87005552345663e-07,24.478460099394542
9551,8531.75,3143.125,8,25.616236991469435,25.616236991469435,25.616236991469435,5.870015008633757e-07,24.478467593116136
5382,8548.714285714286,3393.857142857143,7,25.610154210634718,25.610154210634718,25.610154210634718,5.868621126511027e-07,24.4787254404973
8774,8424.625,3935.75,8,25.609440174996003,25.609440174996003,25.609440174996003,5.868457503730782e-07,24.47875571228503
5453,8980.285714285714,3401.0,7,25.60595039553958,25.60595039553958,25.60595039553958,5.867657813370608e-07,24.47890367483559
1877,8992.0,2998.285714285714,7,25.600583434905012,25.600583434905012,25.600583434905012,5.866427962964158e-07,24.47913126702182
8250,8918.0,3791.0,8,25.5942206517733,25.5942206517733,25.5942206517733,5.864969917721515e-07,24.479401150037017
4371,8568.625,3291.125,8,25.589674381346505,25.589674381346505,25.589674381346505,5.8639281302159e-07,24.479594025175135
4013,9105.777777777777,3253.4444444444443,9,25.588251568135696,25.588251568135696,25.588251568135696,5.863602089552523e-07,24.479654394945392
10700,8662.285714285714,3632.285714285714,7,25.58283905507256,25.58283905507256,25.58283905507256,5.862361800710503e-07,24.47988407781288
3729,9288.111111111111,3224.5555555555557,9,25.572310978687067,25.572310978687067,25.572310978687067,5.859949269689048e-07,24.480330981549923
10561,9023.5,3503.25,8,25.571032802976475,25.571032802976475,25.571032802976475,5.859656373015452e-07,24.48038525104201
8139,8377.125,3767.5,8,25.56439948469743,25.56439948469743,25.56439948469743,5.858136334070309e-07,24.48066693571862
1955,9115.5,3007.75,8,25.55400687812072,25.55400687812072,25.55400687812072,5.855754846242709e-07,24.481108406029627
9649,9121.125,3187.125,8,25.54800975263877,25.54800975263877,25.54800975263877,5.85438059222564e-07,24.481363241228678
10383,8797.857142857143,3435.142857142857,7,25.540221681694106,25.540221681694106,25.540221681694106,5.852595939259293e-07,24.481694268176298
6662,9244.555555555555,3533.8888888888887,9,25.537054003550452,25.537054003550452,25.537054003550452,5.851870059097738e-07,24.481828937177482
713,9060.25,2748.5,8,25.533068114764927,25.533068114764927,25.533068114764927,5.850956684233134e-07,24.481998414891336
9815,9013.142857142857,3253.285714285714,7,25.53088205380189,25.53088205380189,25.53088205380189,5.850455743729379e-07,24.482091376188965
273,9054.222222222223,2556.8888888888887,9,25.527217645381004,25.527217645381004,25.527217645381004,5.849616036771814e-07,24.48224722142887
5988,8887.142857142857,3454.857142857143,7,25.511659797571994,25.511659797571994,25.511659797571994,5.846050922966404e-07,24.482909137207738
10270,8699.5,3376.666666666667,6,25.511249822876806,25.511249822876806,25.511249822876806,5.845956976395926e-07,24.482926585227574
3145,8146.3,3164.5,10,25.510862290835902,25.510862290835902,25.510862290835902,5.845868172607251e-07,24.482943078373385
9650,9124.25,3188.625,8,25.508744501223262,25.508744501223262,25.508744501223262,5.845382876628164e-07,24.483033214734775
10135,8575.75,3334.375,8,25.499628402871295,25.499628402871295,25.499628402871295,5.843293903366242e-07,24.48342129526229
9936,8792.833333333334,3291.5,6,25.497965877494806,25.497965877494806,25.497965877494806,5.84291293215195e-07,24.483492085424796
6252,8581.42857142857,3486.285714285714,7,25.48489811059772,25.48489811059772,25.48489811059772,5.839918425666053e-07,24.48404867039615
7524,8437.875,3657.625,8,25.477884164815404,25.477884164815404,25.477884164815404,5.838311165121671e-07,24.48434752750646
3179,8345.555555555555,3167.0,9,25.476365208324765,25.476365208324765,25.476365208324765,5.837963093021913e-07,24.484412259538672
9400,9023.875,3010.875,8,25.475221780483288,25.475221780483288,25.475221780483288,5.837701074108167e-07,24.484460990543084
7103,8981.75,3592.75,8,25.46972218155294,25.46972218155294,25.46972218155294,5.836440829355069e-07,24.484695404921794
4168,8632.714285714286,3268.0,7,25.466506928555987,25.466506928555987,25.466506928555987,5.835704047315032e-07,24.484832475005376
6622,8587.57142857143,3528.285714285714,7,25.46586876217986,25.46586876217986,25.46586876217986,5.835557810137138e-07,24.484859682860105
8267,8564.5,3794.5,8,25.464646246660678,25.464646246660678,25.464646246660678,5.835277668114394e-07,24.484911806007105
8306,8941.125,3804.0,8,25.457927298067457,25.457927298067457,25.457927298067457,5.833738006801237e-07,24.48519831964065
2479,9386.125,3083.875,8,25.45745002441904,25.45745002441904,25.45745002441904,5.833628638532963e-07,24.485218674720272
5897,9644.777777777777,3445.5555555555557,9,25.455191302920063,25.455191302920063,25.455191302920063,5.833111047713369e-07,24.485315011333167
9923,9080.625,3273.625,8,25.453256107288624,25.453256107288624,25.453256107288624,5.832667593532141e-07,24.48539755606074
190,8731.75,2492.0,8,25.442057186649865,25.442057186649865,25.442057186649865,5.830101337127975e-07,24.485875363269344
6537,8354.3,3517.4,10,25.44042921557506,25.44042921557506,25.44042921557506,5.829728284105164e-07,24.48594483892833
9577,8725.0,3153.1111111111113,9,25.435106310187336,25.435106310187336,25.435106310187336,5.828508529051918e-07,24.486172031470097
2264,8885.3,3057.3,10,25.433387902459245,25.433387902459245,25.433387902459245,5.828114752278296e-07,24.486245386796007
2451,8788.714285714286,3080.857142857143,7,25.427388122559385,25.427388122559385,25.427388122559385,5.826739889995737e-07,24.48650154404712
2777,9298.875,3121.375,8,25.416471297129064,25.416471297129064,25.416471297129064,5.824238276306576e-07,24.486967786890528
5004,9082.125,3352.125,8,25.413488844828294,25.413488844828294,25.413488844828294,5.823554841039566e-07,24.487095198221823
9063,9011.333333333334,4055.6666666666665,9,25.41165819145063,25.41165819145063,25.41165819145063,5.823135342937403e-07,24.487173411734908
4074,8607.0,3258.5,6,25.400781974666018,25.400781974666018,25.400781974666018,5.82064303480549e-07,24.48763820746113
9139,8329.666666666666,4101.555555555556,9,25.400310558195415,25.400310558195415,25.400310558195415,5.82053500872193e-07,24.487658357969877
4340,8387.5,3286.0,8,25.395832303398926,25.395832303398926,25.395832303398926,5.819508807142181e-07,24.487849797835402
7858,8522.0,3713.75,8,25.394493695495786,25.394493695495786,25.394493695495786,5.819202062303556e-07,24.487907028224704
4178,8495.625,3269.625,8,25.392858037476977,25.392858037476977,25.392858037476977,5.818827247801231e-07,24.48797696268947
7187,9163.625,3606.375,8,25.387269915260283,25.387269915260283,25.387269915260283,5.817546717749413e-07,24.488215923356815
5050,9191.285714285714,3358.0,7,25.386211594423138,25.386211594423138,25.386211594423138,5.817304201286122e-07,24.48826118545881
701,8734.625,2747.0,8,25.384168015886793,25.384168015886793,25.384168015886793,5.816835910932482e-07,24.48834859024965
5406,8992.0,3396.285714285714,7,25.38367306582643,25.38367306582643,25.38367306582643,5.81672249207694e-07,24.48836976054914
7469,9041.111111111111,3649.666666666667,9,25.37941911973506,25.37941911973506,25.37941911973506,5.815747691312465e-07,24.48855172989326
4258,8538.75,3277.0,8,25.371661741229765,25.371661741229765,25.371661741229765,5.813970071583662e-07,24.488883642696692
6793,8493.125,3550.875,8,25.369771814852776,25.369771814852776,25.369771814852776,5.813536990948055e-07,24.48896452182639
2266,8932.222222222223,3056.333333333333,9,25.368308018618656,25.368308018618656,25.368308018618656,5.813201558938008e-07,24.489027168918017
3051,9174.555555555555,3152.777777777778,9,25.35746021531145,25.35746021531145,25.35746021531145,5.810715761814675e-07,24.489491542485233
9940,9020.875,3276.875,8,25.352248008669648,25.352248008669648,25.352248008669648,5.80952137361372e-07,24.4897147376751
4992,9070.111111111111,3352.4444444444443,9,25.34513306754664,25.34513306754664,25.34513306754664,5.807890969772926e-07,24.490019485141687
917,8712.0,2813.375,8,25.343850691460272,25.343850691460272,25.343850691460272,5.807597110574317e-07,24.49007442102882
7805,8880.0,3702.0,7,25.34343494784634,25.34343494784634,25.34343494784634,5.807501842043879e-07,24.49009223172386
9573,8327.777777777777,3154.1111111111113,9,25.343241272313485,25.343241272313485,25.343241272313485,5.807457460884966e-07,24.49010052899461
3575,8725.5,3208.0,6,25.32258816896264,25.32258816896264,25.32258816896264,5.802724758471076e-07,24.49098569454062
7219,8038.777777777777,3611.777777777778,9,25.314708904471235,25.314708904471235,25.314708904471235,5.800919208310178e-07,24.4913235799843
9798,8686.0,3241.714285714286,7,25.311699233713682,25.311699233713682,25.311699233713682,5.800229535876097e-07,24.491452671050794
9601,9015.0,3173.285714285714,7,25.310399606212265,25.310399606212265,25.310399606212265,5.79993172347916e-07,24.491508419534703
2106,8652.875,3033.75,8,25.30857141991754,25.30857141991754,25.30857141991754,5.799512790714282e-07,24.49158684578517
4805,9348.375,3335.0,8,25.307309341190596,25.307309341190596,25.307309341190596,5.799223582698611e-07,24.491640990237343
7328,8757.166666666666,3627.833333333333,6,25.30321225643022,25.30321225643022,25.30321225643022,5.798284727040653e-07,24.49181677792447
3142,9083.666666666666,3162.333333333333,9,25.30059024820696,25.30059024820696,25.30059024820696,5.797683888298084e-07,24.491929291574387
8817,8205.888888888889,3948.1111111111113,9,25.29551388392079,25.29551388392079,25.29551388392079,5.796520628660884e-07,24.492147157855083
233,8782.42857142857,2524.142857142857,7,25.2933076870385,25.2933076870385,25.2933076870385,5.796015073968548e-07,24.49224185655559
7659,8564.875,3677.75,8,25.28987927829749,25.28987927829749,25.28987927829749,5.795229446837906e-07,24.492389033818384
8146,8725.333333333334,3769.1111111111113,9,25.28293736932603,25.28293736932603,25.28293736932603,5.793638693681437e-07,24.492687102324247
1676,9118.5,2967.5,8,25.28276715746462,25.28276715746462,25.28276715746462,5.793599689272574e-07,24.492694411831046
2350,9160.285714285714,3067.4285714285716,7,25.268533727146014,25.268533727146014,25.268533727146014,5.79033806854263e-07,24.49330582046951
2184,9116.0,3043.0,7,25.266062686801988,25.266062686801988,25.266062686801988,5.789771824409613e-07,24.493412001112375
4520,8233.555555555555,3306.777777777778,9,25.265678480850372,25.265678480850372,25.265678480850372,5.78968378280135e-07,24.493428511381055
4378,8323.375,3290.875,8,25.258857373897616,25.258857373897616,25.258857373897616,5.788120711683546e-07,24.49372167282014
1837,8974.5,2991.5,8,25.258502871787023,25.258502871787023,25.258502871787023,5.78803947677342e-07,24.493736910978832
3183,9026.125,3167.0,8,25.25655106210216,25.25655106210216,25.25655106210216,5.787592215446632e-07,24.49382081271804
8360,7911.875,3818.125,8,25.243168417506226,25.243168417506226,25.243168417506226,5.784525554068557e-07,24.494396262334128
1968,8668.125,3010.375,8,25.239793130655833,25.239793130655833,25.239793130655833,5.783752099931759e-07,24.494541446809357
5061,8913.42857142857,3359.4285714285716,7,25.238954810309394,25.238954810309394,25.238954810309394,5.783559997047277e-07,24.49457750930253
389,8791.444444444445,2616.3333333333335,9,25.235823169703586,25.235823169703586,25.235823169703586,5.782842374963913e-07,24.494712235426206
1574,8644.285714285714,2950.0,7,25.235755337253664,25.235755337253664,25.235755337253664,5.78282683101422e-07,24.494715153826974
1477,9213.125,2933.75,8,25.2339821931249,25.2339821931249,25.2339821931249,5.782420511278352e-07,24.494791443773064
8365,8780.777777777777,3818.8888888888887,9,25.231890681423614,25.231890681423614,25.231890681423614,5.781941236938356e-07,24.494881438450605
7381,8531.125,3635.75,8,25.219559657480957,25.219559657480957,25.219559657480957,5.779115556662235e-07,24.49541217599384
10462,8821.857142857143,3445.142857142857,7,25.21614448308037,25.21614448308037,25.21614448308037,5.778332962208756e-07,24.49555921383385
7136,8869.142857142857,3597.0,7,25.215901296513472,25.215901296513472,25.215901296513472,5.778277235491437e-07,24.495569684813404
10748,8832.444444444445,3730.666666666667,9,25.212432264487436,25.212432264487436,25.212432264487436,5.777482299448916e-07,24.495719063284042
2287,8865.0,3057.5,6,25.211615498162885,25.211615498162885,25.211615498162885,5.777295135714241e-07,24.495754236690736
3789,8496.5,3229.125,8,25.211332935309095,25.211332935309095,25.211332935309095,5.77723038583731e-07,24.49576640530562
2870,8946.875,3131.25,8,25.208634684500353,25.208634684500353,25.208634684500353,5.776612075944657e-07,24.49588261278189
6698,8273.25,3539.0,8,25.206446889205356,25.206446889205356,25.206446889205356,5.776110738015057e-07,24.495976845241216
10372,8917.285714285714,3422.5714285714284,7,25.20570261154927,25.20570261154927,25.20570261154927,5.775940185212424e-07,24.496008904544603
4059,9639.125,3257.5,8,25.20549541246114,25.20549541246114,25.20549541246114,5.775892705102152e-07,24.49601782968665
2956,8814.857142857143,3140.714285714286,7,25.204482552940902,25.204482552940902,25.204482552940902,5.775660606196e-07,24.49606145986845
6410,8562.0,3503.714285714286,7,25.20278940454616,25.20278940454616,25.20278940454616,5.77527261765216e-07,24.49613439825379
10733,8863.5,3700.5,8,25.195805786731853,25.195805786731853,25.195805786731853,5.773672306825938e-07,24.49643529421015
1350,9249.57142857143,2909.714285714286,7,25.1904599859045,25.1904599859045,25.1904599859045,5.772447305234166e-07,24.496665679591345
1701,9004.285714285714,2970.5714285714284,7,25.189442628930735,25.189442628930735,25.189442628930735,5.772214175727005e-07,24.49670952966816
7558,8393.222222222223,3662.222222222222,9,25.179330670345596,25.179330670345596,25.179330670345596,5.769896998981599e-07,24.497145471183714
2708,8307.888888888889,3112.666666666667,9,25.16016789662718,25.16016789662718,25.16016789662718,5.765505808762223e-07,24.49797208721315
9861,9054.142857142857,3259.714285714286,7,25.157944258478267,25.157944258478267,25.157944258478267,5.764996257366668e-07,24.49806804806473
10062,8656.57142857143,3319.857142857143,7,25.147742680734837,25.147742680734837,25.147742680734837,5.762658544201162e-07,24.498508404737205
7863,8478.375,3714.875,8,25.146625277905255,25.146625277905255,25.146625277905255,5.76240248897406e-07,24.498556648894827
6909,8834.142857142857,3565.5714285714284,7,25.14528550398589,25.14528550398589,25.14528550398589,5.762095476940347e-07,24.498614496808262
5896,9393.0,3445.0,9,25.141816337516882,25.141816337516882,25.141816337516882,5.761300510089934e-07,24.498764300614955
10224,8891.285714285714,3366.4285714285716,7,25.140315178778167,25.140315178778167,25.140315178778167,5.760956516382757e-07,24.4988291293063
1111,8967.142857142857,2861.5714285714284,7,25.12561783197789,25.12561783197789,25.12561783197789,5.757588588207615e-07,24.499464050058148
6100,8980.714285714286,3467.5714285714284,7,25.114816195600056,25.114816195600056,25.114816195600056,5.755113370334013e-07,24.49993091417243
2424,9237.0,3078.5,8,25.11089681836984,25.11089681836984,25.11089681836984,5.754215236733301e-07,24.500100365615218
3476,9237.444444444445,3198.5555555555557,9,25.107003107094528,25.107003107094528,25.107003107094528,5.753322984540561e-07,24.50026873360023
10697,9116.125,3629.125,8,25.10571839641347,25.10571839641347,25.10571839641347,5.75302859036463e-07,24.500324291508964
2927,8661.75,3138.0,8,25.10358172530492,25.10358172530492,25.10358172530492,5.752538967650728e-07,24.500416699137674
8827,8469.111111111111,3951.1111111111113,9,25.094569811151295,25.094569811151295,25.094569811151295,5.75047386841871e-07,24.500806536662616
5460,8310.555555555555,3403.777777777778,9,25.09446013040049,25.09446013040049,25.09446013040049,5.750448734842157e-07,24.500811282096517
3156,9233.333333333334,3162.8888888888887,9,25.093574197906694,25.093574197906694,25.093574197906694,5.750245721533179e-07,24.500849613503455
3689,8739.0,3218.875,8,25.088324602515513,25.088324602515513,25.088324602515513,5.749042765621047e-07,24.501076774130436
9586,8616.285714285714,3157.0,7,25.082931977407036,25.082931977407036,25.082931977407036,5.747807034145996e-07,24.501310173440743
2922,9154.222222222223,3136.777777777778,9,25.08214175922599,25.08214175922599,25.08214175922599,5.747625953974682e-07,24.501344379250686
2652,9434.625,3106.875,8,25.0808671862016,25.0808671862016,25.0808671862016,5.747333882864267e-07,24.5013995533763
2125,9369.5,3035.25,8,25.074902973437457,25.074902973437457,25.074902973437457,5.745967170866253e-07,24.501657771393525
7189,9278.166666666666,3605.166666666667,6,25.07394225974982,25.07394225974982,25.07394225974982,5.745747021288183e-07,24.50169937082132
3588,8869.625,3208.75,8,25.070476781914905,25.070476781914905,25.070476781914905,5.744952899696092e-07,24.501849441151382
4724,9408.666666666666,3324.8888888888887,9,25.068563687765593,25.068563687765593,25.068563687765593,5.744514510116345e-07,24.501932295372868
3445,8784.0,3194.857142857143,7,25.05979888208701,25.05979888208701,25.05979888208701,5.742506036315209e-07,24.502311971327234
8842,8412.333333333334,3956.4444444444443,9,25.05615991871006,25.05615991871006,25.05615991871006,5.741672160143402e-07,24.502469643828675
4226,8936.5,3272.875,8,25.05196940842592,25.05196940842592,25.05196940842592,5.740711895828627e-07,24.5026512426552
9487,8799.125,3093.375,8,25.03636064629204,25.03636064629204,25.03636064629204,5.737135114897744e-07,24.50332792717194
1556,8907.0,2947.285714285714,7,25.01426525240491,25.01426525240491,25.01426525240491,5.732071908550054e-07,24.504286547378157
739,8873.0,2757.0,7,25.012070415224226,25.012070415224226,25.012070415224226,5.731568956957421e-07,24.50438181776566
1264,8063.75,2893.0,8,25.011650205904896,25.011650205904896,25.011650205904896,5.731472665101125e-07,24.504400058570855
1568,8731.375,2948.875,8,25.007722405614153,25.007722405614153,25.007722405614153,5.730572601338236e-07,24.50457057470358
7162,8147.0,3602.125,8,25.003618686099742,25.003618686099742,25.003618686099742,5.729632225312327e-07,24.50474875656248
2848,8552.444444444445,3128.8888888888887,9,24.998126117451804,24.998126117451804,24.998126117451804,5.728373591563346e-07,24.504987287465177
4229,8144.666666666667,3274.0,9,24.9978973524221,24.9978973524221,24.9978973524221,5.728321169571846e-07,24.50499722339439
7237,9252.333333333334,3614.0,9,24.98840756035018,24.98840756035018,24.98840756035018,5.72614656360183e-07,24.505409472748283
3450,9189.777777777777,3195.5555555555557,9,24.987204215063805,24.987204215063805,24.987204215063805,5.725870814478572e-07,24.50546175887338
4919,8829.142857142857,3346.142857142857,7,24.963351026995667,24.963351026995667,24.963351026995667,5.720404805868081e-07,24.506498715188588
8138,8132.111111111111,3766.777777777778,9,24.962244192766136,24.962244192766136,24.962244192766136,5.720151172458085e-07,24.50654685602659
10388,8971.142857142857,3414.0,7,24.946028314316607,24.946028314316607,24.946028314316607,5.716435269536489e-07,24.50725239705455
3778,8434.5,3227.5,8,24.938467884754825,24.938467884754825,24.938467884754825,5.714702781075589e-07,24.50758150259984
5731,8222.5,3427.5,8,24.937290507702503,24.937290507702503,24.937290507702503,5.714432982628212e-07,24.50763276280856
3513,8402.875,3203.125,8,24.93527573178724,24.93527573178724,24.93527573178724,5.71397129245625e-07,24.507720486995296
10216,9024.0,3368.0,7,24.9260336398237,24.9260336398237,24.9260336398237,5.711853447491151e-07,24.508122982400806
3777,9436.714285714286,3227.142857142857,7,24.922930381228895,24.922930381228895,24.922930381228895,5.711142329205774e-07,24.5082581635537
706,9295.222222222223,2747.1111111111113,9,24.92130834974623,24.92130834974623,24.92130834974623,5.710770637253092e-07,24.50832882762046
2434,9062.555555555555,3079.5555555555557,9,24.919091579488573,24.919091579488573,24.919091579488573,5.710262659649376e-07,24.508425409017534
9162,7969.333333333333,4115.444444444444,9,24.91126921383794,24.91126921383794,24.91126921383794,5.708470147978457e-07,24.50876628656802
6763,8592.0,3545.714285714286,7,24.908443091938814,24.908443091938814,24.908443091938814,5.707822536154378e-07,24.50888946764339
8133,8023.333333333333,3765.8888888888887,9,24.90380529683143,24.90380529683143,24.90380529683143,5.706759775574188e-07,24.509091643703925
6075,9271.555555555555,3464.777777777778,9,24.89774069819396,24.89774069819396,24.89774069819396,5.705370059940502e-07,24.509356075428244
10503,8394.875,3469.125,8,24.89328896307407,24.89328896307407,24.89328896307407,5.704349935400862e-07,24.50955022325123
5019,8626.875,3354.625,8,24.89051230302894,24.89051230302894,24.89051230302894,5.703713657865477e-07,24.509671335752316
986,9072.5,2832.25,8,24.889104448509293,24.889104448509293,24.889104448509293,5.703391045017889e-07,24.509732748785325
10411,8546.125,3426.125,8,24.87106660374551,24.87106660374551,24.87106660374551,5.699257634653124e-07,24.510519898088052
3949,8553.666666666666,3247.222222222222,9,24.86884474275209,24.86884474275209,24.86884474275209,5.698748490496517e-07,24.510616896850568
5521,8169.0,3407.875,8,24.861945105258417,24.861945105258417,24.861945105258417,5.697167423938791e-07,24.510918166397964
835,9111.5,2787.0,6,24.85903227956881,24.85903227956881,24.85903227956881,5.696499943757326e-07,24.51104537871274
4326,9642.111111111111,3283.777777777778,9,24.855297256692385,24.855297256692385,24.855297256692385,5.695644055347583e-07,24.511208520793023
9343,8968.875,2626.5,8,24.854842897480314,24.854842897480314,24.854842897480314,5.695539937970973e-07,24.51122836842351
3319,9151.222222222223,3181.666666666667,9,24.842841158532593,24.842841158532593,24.842841158532593,5.69278971404947e-07,24.51175276802065
5904,9213.111111111111,3446.666666666667,9,24.841519978718654,24.841519978718654,24.841519978718654,5.692486962894431e-07,24.51181051064728
7499,8359.0,3654.0,7,24.83861927866641,24.83861927866641,24.83861927866641,5.691822261328472e-07,24.51193729753301
7828,8700.0,3707.4285714285716,7,24.834549032716268,24.834549032716268,24.834549032716268,5.690889555840772e-07,24.512115229142783
54,9515.142857142857,2353.285714285714,7,24.831764728467885,24.831764728467885,24.831764728467885,5.690251526620007e-07,24.51223696235396
8384,8722.0,3822.0,8,24.827280954020356,24.827280954020356,24.827280954020356,5.689224060200521e-07,24.512433027187587
7003,9178.777777777777,3578.1111111111113,9,24.826616850822425,24.826616850822425,24.826616850822425,5.689071879544929e-07,24.51246206985765
2730,8852.375,3114.375,8,24.82415988707676,24.82415988707676,24.82415988707676,5.688508861094268e-07,24.512569524953825
714,8463.25,2750.125,8,24.82289207065637,24.82289207065637,24.82289207065637,5.688218338273982e-07,24.512624976954882
4499,9694.625,3302.625,8,24.816612587632832,24.816612587632832,24.816612587632832,5.686779381427709e-07,24.512899671964398
8395,8898.0,3823.714285714286,7,24.8153887285126,24.8153887285126,24.8153887285126,5.686498931515935e-07,24.51295321758502
8858,8763.25,3962.375,8,24.813594192053483,24.813594192053483,24.813594192053483,5.686087709682219e-07,24.513031735946292
7372,9434.444444444445,3633.5555555555557,9,24.807340766745924,24.807340766745924,24.807340766745924,5.6846547240168e-07,24.513305393437903
7132,8468.25,3596.875,8,24.80455720473605,24.80455720473605,24.80455720473605,5.684016864881562e-07,24.513427227682474
4810,8409.142857142857,3334.714285714286,7,24.798917053611394,24.798917053611394,24.798917053611394,5.682724412295193e-07,24.51367413443222
3889,8336.625,3240.5,8,24.797940736932066,24.797940736932066,24.797940736932066,5.6825006872585e-07,24.513716879977544
4420,8663.285714285714,3295.142857142857,7,24.79071433202357,24.79071433202357,24.79071433202357,5.680844741254976e-07,24.514033322094555
3767,8580.57142857143,3226.857142857143,7,24.784925777286432,24.784925777286432,24.784925777286432,5.679518281666216e-07,24.514286867725676
5018,8419.0,3354.75,8,24.779368938421428,24.779368938421428,24.779368938421428,5.678244920260753e-07,24.514530319637974
9527,8750.25,3132.5,8,24.779190854217333,24.779190854217333,24.779190854217333,5.678204111887877e-07,24.514538122627755
9832,8793.5,3254.833333333333,6,24.77771092818267,24.77771092818267,24.77771092818267,5.677864983699843e-07,24.514602969671007
9894,8864.166666666666,3267.833333333333,6,24.775921230088386,24.775921230088386,24.775921230088386,5.677454870587684e-07,24.514681395406228
4263,8286.555555555555,3278.222222222222,9,24.77436958478558,24.77436958478558,24.77436958478558,5.677099307777324e-07,24.514749394098267
6912,9370.5,3564.75,8,24.76948071551928,24.76948071551928,24.76948071551928,5.675979013021385e-07,24.514963669829676
2924,8330.0,3137.0,7,24.76518413605095,24.76518413605095,24.76518413605095,5.674994442728205e-07,24.515152020832396
7801,8708.875,3702.375,8,24.762677832967256,24.762677832967256,24.762677832967256,5.674420118063642e-07,24.51526190580995
2505,8341.714285714286,3087.4285714285716,7,24.75351107696305,24.75351107696305,24.75351107696305,5.672319536493324e-07,24.515663902781313
9183,8697.25,4127.5,8,24.752934933391302,24.752934933391302,24.752934933391302,5.672187511972532e-07,24.515689173831262
2077,9182.285714285714,3027.0,7,24.75155663119583,24.75155663119583,24.75155663119583,5.671871671102675e-07,24.515749631884578
475,8773.0,2652.0,7,24.7475150380169,24.7475150380169,24.7475150380169,5.670945531458238e-07,24.515926932342992
5045,8671.57142857143,3359.0,7,24.746648651779097,24.746648651779097,24.746648651779097,5.670746997215255e-07,24.515964943568385
3213,8200.875,3169.875,8,24.735905045252576,24.735905045252576,24.735905045252576,5.668285077005095e-07,24.51643641166723
45,9483.0,2212.285714285714,7,24.733375244712093,24.733375244712093,24.733375244712093,5.667705367848499e-07,24.51654745820051
9257,9095.666666666666,4205.0,9,24.731031132903052,24.731031132903052,24.731031132903052,5.667168209658341e-07,24.51665036399671
5660,9030.333333333334,3420.166666666667,6,24.72314880653866,24.72314880653866,24.72314880653866,5.665361957862758e-07,24.516996467286447
5928,8198.0,3449.5555555555557,9,24.71843759518159,24.71843759518159,24.71843759518159,5.664282373793324e-07,24.517203383493076
822,8876.111111111111,2784.3333333333335,9,24.712746171425795,24.712746171425795,24.712746171425795,5.662978171974839e-07,24.517453403192576
2033,8686.333333333334,3019.777777777778,9,24.710146753575586,24.710146753575586,24.710146753575586,5.662382509864143e-07,24.517567612697803
6970,8401.222222222223,3575.1111111111113,9,24.70256691233788,24.70256691233788,24.70256691233788,5.660645573176556e-07,24.51790071353409
5500,9296.0,3404.714285714286,7,24.69632745663693,24.69632745663693,24.69632745663693,5.659215788676105e-07,24.518174987000126
1168,8912.222222222223,2872.5555555555557,9,24.693067858712297,24.693067858712297,24.693067858712297,5.658468844901885e-07,24.518318299687486
9604,8766.714285714286,3172.857142857143,7,24.68889761380491,24.68889761380491,24.68889761380491,5.657513224441153e-07,24.518501677803208
10791,8548.0,3873.714285714286,7,24.688209339444516,24.688209339444516,24.688209339444516,5.657355504912444e-07,24.518531946259095
5411,8809.4,3396.8,5,24.683325660938408,24.683325660938408,24.683325660938408,5.656236399630207e-07,24.51874674154888
7483,8317.888888888889,3651.222222222222,9,24.679483184857478,24.679483184857478,24.679483184857478,5.65535588809087e-07,24.51891577226261
6562,8853.5,3519.875,8,24.673607883556713,24.673607883556713,24.673607883556713,5.654009550343167e-07,24.51917427795002
8112,8815.555555555555,3763.333333333333,9,24.666091300040147,24.666091300040147,24.666091300040147,5.652287109296475e-07,24.519505087705987
6954,8725.25,3572.125,8,24.665812048720966,24.665812048720966,24.665812048720966,5.652223118264719e-07,24.519517379681233
2199,9013.875,3045.75,8,24.65939956704539,24.65939956704539,24.65939956704539,5.650753684495398e-07,24.51979968008416
2455,9001.0,3080.5,6,24.65717982851796,24.65717982851796,24.65717982851796,5.650245026706371e-07,24.519897418026062
5273,9023.0,3381.0,7,24.650931388703867,24.650931388703867,24.650931388703867,5.648813183477348e-07,24.520172592118044
2716,8038.375,3113.25,8,24.640942716344973,24.640942716344973,24.640942716344973,5.646524258032032e-07,24.520612626649616
6128,8758.333333333334,3471.833333333333,6,24.631047330507485,24.631047330507485,24.631047330507485,5.644256709390848e-07,24.52104872751739
4579,9099.111111111111,3309.777777777778,9,24.62516294064605,24.62516294064605,24.62516294064605,5.6429082889802e-07,24.521308142324607
9503,8879.666666666666,3105.5555555555557,9,24.62296909381172,24.62296909381172,24.62296909381172,5.642405564327533e-07,24.521404874478247
9541,8995.888888888889,3137.333333333333,9,24.62152339129363,24.62152339129363,24.62152339129363,5.642074278530871e-07,24.52146862380275
2023,8617.0,3019.4444444444443,9,24.61434603961589,24.61434603961589,24.61434603961589,5.640429573179159e-07,24.52178516987845
5191,8888.285714285714,3372.142857142857,7,24.613412780919703,24.613412780919703,24.613412780919703,5.64021571497058e-07,24.52182633660142
9374,9127.0,2925.25,8,24.607484038932228,24.607484038932228,24.607484038932228,5.638857131176232e-07,24.522087894202826
8590,8895.5,3875.25,8,24.604959670676777,24.604959670676777,24.604959670676777,5.638278666839267e-07,24.522199280584193
1535,9017.857142857143,2944.4285714285716,7,24.59715903137348,24.59715903137348,24.59715903137348,5.636491133806895e-07,24.522543551798776
8285,8810.333333333334,3799.4444444444443,9,24.596986319195054,24.596986319195054,24.596986319195054,5.636451556445088e-07,24.522551175464713
8957,9023.111111111111,4001.5555555555557,9,24.576025806401784,24.576025806401784,24.576025806401784,5.631648410505811e-07,24.52347678843836
2480,8635.0,3086.0,8,24.574833282018304,24.574833282018304,24.574833282018304,5.631375141015389e-07,24.523529473861252
1830,8670.125,2991.625,8,24.574166884321002,24.574166884321002,24.574166884321002,5.631222434570403e-07,24.52355891625497
10226,9003.75,3366.75,8,24.55220885558414,24.55220885558414,24.55220885558414,5.626190705738089e-07,24.524529499898208
5549,8783.714285714286,3410.142857142857,7,24.55195423032896,24.55195423032896,24.55195423032896,5.626132357821102e-07,24.524540759874583
6464,9033.0,3508.857142857143,7,24.54442785326691,24.54442785326691,24.54442785326691,5.624407672562702e-07,24.524873642249382
1436,9000.222222222223,2926.8888888888887,9,24.53512242957474,24.53512242957474,24.53512242957474,5.622275314997736e-07,24.525285350810933
4296,8829.57142857143,3281.5714285714284,7,24.532910705043946,24.532910705043946,24.532910705043946,5.621768493633026e-07,24.52538322917476
8211,8655.25,3783.0,8,24.530983732176548,24.530983732176548,24.530983732176548,5.621326923715609e-07,24.525468513240885
72,9038.555555555555,2387.6666666666665,9,24.52769872803346,24.52769872803346,24.52769872803346,5.620574158052574e-07,24.525613916572464
9505,9057.42857142857,3107.285714285714,7,24.526620013327744,24.526620013327744,24.526620013327744,5.620326968291069e-07,24.525661667703893
7417,8239.875,3641.25,8,24.524608408857233,24.524608408857233,24.524608408857233,5.619866004862393e-07,24.525750720389212
585,8517.0,2706.0,7,24.522487117261058,24.522487117261058,24.522487117261058,5.619379906396355e-07,24.525844636779716
471,8860.666666666666,2650.5555555555557,9,24.517646844814095,24.517646844814095,24.517646844814095,5.618270747704584e-07,24.526058961604264
9810,9144.75,3246.875,8,24.5160714244293,24.5160714244293,24.5160714244293,5.617909736783787e-07,24.526128729552134
2263,8831.857142857143,3055.5714285714284,7,24.51584048284363,24.51584048284363,24.51584048284363,5.617856816029874e-07,24.526138957243898
2921,9124.857142857143,3136.285714285714,7,24.510217811521223,24.510217811521223,24.510217811521223,5.616568368977243e-07,24.52638799777709
2958,9052.0,3142.333333333333,9,24.505148236444462,24.505148236444462,24.505148236444462,5.615406665101772e-07,24.526612589437498
5607,9276.25,3415.5,8,24.50416665647377,24.50416665647377,24.50416665647377,5.615181733970706e-07,24.526656080635632
8342,8965.5,3812.75,8,24.499447212514156,24.499447212514156,24.499447212514156,5.614100263382948e-07,24.526865210974584
4903,8528.857142857143,3343.714285714286,7,24.49704021997001,24.49704021997001,24.49704021997001,5.613548695939045e-07,24.526971886333936
9311,8432.42857142857,4279.142857142857,7,24.494430807914988,24.494430807914988,24.494430807914988,5.612950743635129e-07,24.527087544552984
1810,9033.625,2986.875,8,24.494234945059134,24.494234945059134,24.494234945059134,5.612905861246515e-07,24.52709622637318
3221,9383.714285714286,3170.0,7,24.4917662485045,24.4917662485045,24.4917662485045,5.612340154197806e-07,24.527205659809873
2684,8659.285714285714,3110.0,7,24.491685229103034,24.491685229103034,24.491685229103034,5.612321588430212e-07,24.527209251459496
3906,8929.57142857143,3240.857142857143,7,24.484859501168245,24.484859501168245,24.484859501168245,5.610757458404581e-07,24.527511883669725
4871,8525.375,3341.125,8,24.484216811824346,24.484216811824346,24.484216811824346,5.610610184779035e-07,24.52754038292442
3872,9082.5,3238.0,6,24.477068373824018,24.477068373824018,24.477068373824018,5.608972105057794e-07,24.52785742190615
4431,8590.166666666666,3295.833333333333,6,24.47123674771005,24.47123674771005,24.47123674771005,5.60763577557173e-07,24.5281161278049
5013,9141.0,3353.5,8,24.465446135080313,24.465446135080313,24.465446135080313,5.606308844412517e-07,24.528373075249593
9427,8894.25,3047.625,8,24.460819342433275,24.460819342433275,24.460819342433275,5.60524860506944e-07,24.528578424104843
2280,8848.375,3056.75,8,24.45934162493773,24.45934162493773,24.45934162493773,5.604909982972827e-07,24.52864401715908
4167,8518.888888888889,3268.333333333333,9,24.457877054821523,24.457877054821523,24.457877054821523,5.604574373626061e-07,24.528709030536497
4687,8345.5,3320.875,8,24.446454124892714,24.446454124892714,24.446454124892714,5.601956785018218e-07,24.529216236688363
4506,9324.25,3305.25,8,24.44315615435535,24.44315615435535,24.44315615435535,5.601201048078447e-07,24.529362718773193
5306,8462.0,3385.285714285714,7,24.443142186288178,24.443142186288178,24.443142186288178,5.601197847266245e-07,24.52936333921846
428,8746.125,2631.75,8,24.434501013063603,24.434501013063603,24.434501013063603,5.599217704104025e-07,24.529747238036208
6787,8240.5,3550.5,8,24.434074656259032,24.434074656259032,24.434074656259032,5.599120003538454e-07,24.529766183176825
9292,8844.888888888889,4249.333333333334,9,24.425883240764023,24.425883240764023,24.425883240764023,5.597242923313374e-07,24.530130232465332
7830,8976.111111111111,3708.333333333333,9,24.420158590721517,24.420158590721517,24.420158590721517,5.595931107620855e-07,24.53038472431794
9843,8911.0,3259.0,7,24.41667178252652,24.41667178252652,24.41667178252652,5.595132098131535e-07,24.530539761156895
6129,8764.5,3471.0,6,24.409320043708405,24.409320043708405,24.409320043708405,5.593447431596935e-07,24.530866720170508
1236,8625.666666666666,2886.3333333333335,9,24.407560529727654,24.407560529727654,24.407560529727654,5.593044235238378e-07,24.530944986868832
9287,9016.0,4239.625,8,24.397347387045084,24.397347387045084,24.397347387045084,5.590703871942553e-07,24.531399399320776
225,8923.777777777777,2515.4444444444443,9,24.390737898053654,24.390737898053654,24.390737898053654,5.589189293529181e-07,24.531693576126237
9820,8520.75,3253.5,8,24.388744328047558,24.388744328047558,24.388744328047558,5.588732462736257e-07,24.531782322092152
5498,8821.166666666666,3405.333333333333,6,24.37702322532118,24.37702322532118,24.37702322532118,5.586046547199776e-07,24.53230424665003
10703,8787.0,3637.285714285714,7,24.373889847873265,24.373889847873265,24.373889847873265,5.585328527115361e-07,24.53244381414235
4759,8758.8,3329.4,5,24.37208212220375,24.37208212220375,24.37208212220375,5.584914282946123e-07,24.532524342363622
3033,8961.42857142857,3149.857142857143,7,24.368843359095294,24.368843359095294,24.368843359095294,5.584172113514197e-07,24.532668633524942
7350,8642.666666666666,3632.222222222222,9,24.367114229017986,24.367114229017986,24.367114229017986,5.583775879691523e-07,24.532745676399294
10711,8698.625,3659.75,8,24.365987739989897,24.365987739989897,24.365987739989897,5.583517742342771e-07,24.532795871025648
9349,9030.857142857143,2719.285714285714,7,24.365415678409533,24.365415678409533,24.365415678409533,5.583386653218959e-07,24.532821362102272
1269,9137.57142857143,2893.714285714286,7,24.352422113951587,24.352422113951587,24.352422113951587,5.580409150379287e-07,24.53340051685686
8797,8775.0,3940.5,8,24.34576409610897,24.34576409610897,24.34576409610897,5.578883451476793e-07,24.53369740064787
283,8837.375,2567.0,8,24.340620577147966,24.340620577147966,24.340620577147966,5.577704803203499e-07,24.533926807896492
5447,8382.285714285714,3400.857142857143,7,24.3358088104985,24.3358088104985,24.3358088104985,5.576602176675652e-07,24.534141462477486
7014,8510.42857142857,3580.714285714286,7,24.33249077654284,24.33249077654284,24.33249077654284,5.575841842161049e-07,24.534289505849884
3721,9186.2,3221.4,5,24.32963275613576,24.32963275613576,24.32963275613576,5.575186920726251e-07,24.53441704061443
1736,9163.222222222223,2977.777777777778,9,24.329413938873273,24.329413938873273,24.329413938873273,5.575136778286698e-07,24.534426805615603
7150,8906.0,3598.75,8,24.327327528627073,24.327327528627073,24.327327528627073,5.574658672955948e-07,24.534519918761912
4057,9148.625,3256.625,8,24.32523729138891,24.32523729138891,24.32523729138891,5.574179690661878e-07,24.534613210708834
7012,9258.714285714286,3578.857142857143,7,24.31678813928084,24.31678813928084,24.31678813928084,5.572243549545557e-07,24.534990396911684
535,9468.444444444445,2681.6666666666665,9,24.31109149647685,24.31109149647685,24.31109149647685,5.570938151771115e-07,24.535244779846433
5800,9001.0,3434.5,6,24.29956838989959,24.29956838989959,24.29956838989959,5.568297607471923e-07,24.535759525141636
2650,9025.666666666666,3105.666666666667,6,24.29768299029847,24.29768299029847,24.29768299029847,5.567865564156601e-07,24.53584377050738
720,9487.333333333334,2751.3333333333335,9,24.289525061870034,24.289525061870034,24.289525061870034,5.565996157563813e-07,24.536208366815295
9392,8868.75,3007.875,8,24.288350856849057,24.288350856849057,24.288350856849057,5.565727085994143e-07,24.53626085477938
4526,8804.166666666666,3307.166666666667,6,24.287750732679683,24.287750732679683,24.287750732679683,5.56558956626857e-07,24.53628768182053
4889,8251.5,3343.5,8,24.28062651262555,24.28062651262555,24.28062651262555,5.563957036141038e-07,24.536606202806304
10573,9486.75,3514.875,8,24.278410320163488,24.278410320163488,24.278410320163488,5.563449190940407e-07,24.53670530692992
8331,8684.375,3810.25,8,24.2776818934662,24.2776818934662,24.2776818934662,5.563282270418584e-07,24.53673788283139
6944,9214.0,3568.714285714286,7,24.276294046386525,24.276294046386525,24.276294046386525,5.562964242318279e-07,24.53679995131465
10450,8865.142857142857,3442.285714285714,7,24.267395769446168,24.267395769446168,24.267395769446168,5.560925183294571e-07,24.537197991990134
9274,8652.222222222223,4223.666666666666,9,24.266397272221532,24.266397272221532,24.266397272221532,5.560696375538902e-07,24.537242666206566
3781,9054.142857142857,3228.5714285714284,7,24.2662925504969,24.2662925504969,24.2662925504969,5.560672378333711e-07,24.537247351715166
4052,9467.0,3256.0,7,24.264309799597417,24.264309799597417,24.264309799597417,5.560218026762002e-07,24.53733606870336
9088,9008.285714285714,4067.0,7,24.26300254785148,24.26300254785148,24.26300254785148,5.559918467253271e-07,24.537394564856598
505,9027.125,2667.125,8,24.261460320943137,24.261460320943137,24.261460320943137,5.559565062687966e-07,24.537463579596455
4822,8648.5,3337.0,8,24.260907310781704,24.260907310781704,24.260907310781704,5.559438339237188e-07,24.537488327900515
4361,8680.0,3290.375,8,24.24931769155768,24.24931769155768,24.24931769155768,5.556782553423992e-07,24.53800711623554
8036,8562.555555555555,3748.333333333333,9,24.24851529045698,24.24851529045698,24.24851529045698,5.556598681510814e-07,24.53804304344598
6137,8439.714285714286,3471.4285714285716,7,24.243701301913326,24.243701301913326,24.243701301913326,5.555495545831204e-07,24.538258612955303
6808,9399.0,3552.25,8,24.24228593987148,24.24228593987148,24.24228593987148,5.55517121261899e-07,24.538322000746273
7803,8810.25,3701.75,8,24.23529241888008,24.23529241888008,24.23529241888008,5.553568632458743e-07,24.538635263877346
6598,8666.333333333334,3527.333333333333,9,24.230795835712726,24.230795835712726,24.230795835712726,5.552538230893957e-07,24.538836728585242
10529,9049.25,3475.125,8,24.22926517640464,24.22926517640464,24.22926517640464,5.552187477068773e-07,24.53890531670477
2559,8956.285714285714,3094.5714285714284,7,24.225329488809628,24.225329488809628,24.225329488809628,5.551285605913393e-07,24.539081692899902
3952,8911.5,3246.0,6,24.22378316993324,24.22378316993324,24.22378316993324,5.550931263664937e-07,24.539150998375135
10627,8174.125,3558.125,8,24.217768050449465,24.217768050449465,24.217768050449465,5.549552886284205e-07,24.53942063602581
10570,8735.25,3511.625,8,24.21754581004572,24.21754581004572,24.21754581004572,5.549501959424576e-07,24.539430599601282
1933,9506.5,3005.5,8,24.212625745568197,24.212625745568197,24.212625745568197,5.548374516219857e-07,24.539651201427777
2867,8453.875,3130.875,8,24.209623823493057,24.209623823493057,24.209623823493057,5.547686619412777e-07,24.539785821174448
9697,8517.714285714286,3224.0,7,24.204616315912517,24.204616315912517,24.204616315912517,5.546539138435638e-07,24.54001041758573
7485,8555.75,3652.0,8,24.202059387723367,24.202059387723367,24.202059387723367,5.545953212920844e-07,24.540125118687186
10243,8458.5,3373.625,8,24.196982960392567,24.196982960392567,24.196982960392567,5.544789938836834e-07,24.540352877778965
7580,8408.25,3665.875,8,24.195119460276413,24.195119460276413,24.195119460276413,5.544362913834916e-07,24.540436497603007
1182,8507.0,2876.4444444444443,9,24.192197152716453,24.192197152716453,24.192197152716453,5.543693260862759e-07,24.540567641685595
2983,8901.857142857143,3145.714285714286,7,24.185303287907715,24.185303287907715,24.185303287907715,5.542113517128023e-07,24.54087707969277
4091,8828.285714285714,3260.5714285714284,7,24.179993818957342,24.179993818957342,24.179993818957342,5.54089684106288e-07,24.541115460640906
10136,8579.5,3336.25,8,24.17261420688694,24.17261420688694,24.17261420688694,5.539205787313433e-07,24.54144687242576
8475,8721.285714285714,3842.5714285714284,7,24.16292204897031,24.16292204897031,24.16292204897031,5.53698480878112e-07,24.54188229231384
3131,8026.0,3162.285714285714,7,24.158847263430545,24.158847263430545,24.158847263430545,5.536051063036835e-07,24.54206540407736
2992,8653.5,3146.0,6,24.148852384192345,24.148852384192345,24.148852384192345,5.533760715271968e-07,24.542514682452655
8170,8437.625,3773.75,8,24.142239713065255,24.142239713065255,24.142239713065255,5.532245407665464e-07,24.542812029900638
1516,8851.0,2939.5555555555557,9,24.138175616259048,24.138175616259048,24.138175616259048,5.531314111267132e-07,24.542994817767003
7964,9536.375,3733.75,8,24.128962724624593,24.128962724624593,24.128962724624593,5.529202957619344e-07,24.543409293141487
6861,9314.777777777777,3558.666666666667,9,24.12400304803091,24.12400304803091,24.12400304803091,5.528066437214236e-07,24.543632487731678
7119,8861.5,3595.0,6,24.119551883269835,24.119551883269835,24.119551883269835,5.527046443373527e-07,24.54383283742626
7996,8793.285714285714,3740.4285714285716,7,24.113613817727302,24.113613817727302,24.113613817727302,5.525685723066773e-07,24.544100171020673
5445,9205.25,3400.375,8,24.112982682455996,24.112982682455996,24.112982682455996,5.525541097081455e-07,24.544128588801065
742,9069.25,2757.0,8,24.111578049878982,24.111578049878982,24.111578049878982,5.525219222548851e-07,24.544191837088682
9933,8690.857142857143,3291.0,7,24.110905292398854,24.110905292398854,24.110905292398854,5.52506505874615e-07,24.544222131553116
6054,9473.625,3461.625,8,24.108978766331,24.108978766331,24.108978766331,5.524623591213794e-07,24.544308888257046
3690,9047.0,3219.5,8,24.104594408430664,24.104594408430664,24.104594408430664,5.523618906306845e-07,24.5445063536514
7021,8632.5,3581.5,8,24.091175268692965,24.091175268692965,24.091175268692965,5.520543881989671e-07,24.545110956350932
5105,8698.5,3364.0,6,24.08076755760507,24.08076755760507,24.08076755760507,5.518158932931314e-07,24.545580110312745
6623,8929.57142857143,3528.285714285714,7,24.08032530790757,24.08032530790757,24.08032530790757,5.518057590475638e-07,24.545600050329867
1912,9146.0,3002.25,8,24.07995916047354,24.07995916047354,24.07995916047354,5.51797368701496e-07,24.545616559348858
9146,8754.875,4104.125,8,24.07559225165754,24.07559225165754,24.07559225165754,5.516973000602674e-07,24.545813475836297
10582,8871.125,3515.625,8,24.063407235934562,24.063407235934562,24.063407235934562,5.514180778419606e-07,24.546363122199928
8839,8076.222222222223,3957.222222222222,9,24.053602655834894,24.053602655834894,24.053602655834894,5.511934038105735e-07,24.5468055930749
3735,8545.42857142857,3224.5714285714284,7,24.04774754110155,24.04774754110155,24.04774754110155,5.510592326152748e-07,24.5470699145567
2628,8644.875,3104.375,8,24.04583092263411,24.04583092263411,24.04583092263411,5.510153128968031e-07,24.547156451767215
4795,8516.5,3334.5,8,24.043805843802403,24.043805843802403,24.043805843802403,5.509689077860925e-07,24.54724789356442
4836,9456.375,3338.125,8,24.04270832290135,24.04270832290135,24.04270832290135,5.509437578619892e-07,24.547297454993384
5948,8592.166666666666,3451.166666666667,6,24.034406270653932,24.034406270653932,24.034406270653932,5.507535145748467e-07,24.54767242919325
4751,9250.25,3330.0,8,24.033254786785808,24.033254786785808,24.033254786785808,5.507271280779137e-07,24.54772444785601
7210,8785.42857142857,3609.142857142857,7,24.03192532919082,24.03192532919082,24.03192532919082,5.506966632753023e-07,24.547784509640465
1150,9377.875,2868.875,8,24.02867736573255,24.02867736573255,24.02867736573255,5.506222355041433e-07,24.547931259007974
1654,9768.375,2963.5,8,24.00727192710963,24.00727192710963,24.00727192710963,5.501317253405125e-07,24.548898895187627
2285,8763.5,3058.125,8,24.001679612672604,24.001679612672604,24.001679612672604,5.500035762697131e-07,24.549151838777746
6206,8639.375,3482.125,8,23.993105418810245,23.993105418810245,23.993105418810245,5.498070967997748e-07,24.549539768957906
2855,8851.714285714286,3128.714285714286,7,23.990987117830528,23.990987117830528,23.990987117830528,5.49758555483781e-07,24.549635630563124
6645,7988.25,3531.375,8,23.98593793338984,23.98593793338984,23.98593793338984,5.496428523519819e-07,24.54986416052273
552,8469.0,2690.375,8,23.979759473235504,23.979759473235504,23.979759473235504,5.495012716278175e-07,24.5501438678252
3404,8512.5,3190.5,8,23.960468518396098,23.960468518396098,23.960468518396098,5.490592153083202e-07,24.551017659632265
7115,9175.833333333334,3594.166666666667,6,23.95965198811042,23.95965198811042,23.95965198811042,5.490405043437334e-07,24.551054660227596
2752,8691.285714285714,3117.142857142857,7,23.952406504708968,23.952406504708968,23.952406504708968,5.488744725556706e-07,24.55138304034556
8954,8632.0,4001.25,8,23.949930637237394,23.949930637237394,23.949930637237394,5.488177375277181e-07,24.551495274491735
2317,8770.0,3063.5,8,23.94890264068581,23.94890264068581,23.94890264068581,5.487941807688208e-07,24.55154187826048
1679,8512.5,2968.75,8,23.942393113035767,23.942393113035767,23.942393113035767,5.486450135628116e-07,24.551837031263872
909,9234.285714285714,2808.4285714285716,7,23.936701273256244,23.936701273256244,23.936701273256244,5.485145838476912e-07,24.552095174682357
3387,8495.625,3190.625,8,23.93549659640356,23.93549659640356,23.93549659640356,5.484869784222411e-07,24.552149818560537
6335,8520.833333333334,3494.833333333333,6,23.934627389031554,23.934627389031554,23.934627389031554,5.484670603510545e-07,24.552189247324648
3146,8498.25,3162.875,8,23.927570596237665,23.927570596237665,23.927570596237665,5.483053524482632e-07,24.552509408779986
4175,8210.142857142857,3269.285714285714,7,23.92094289841179,23.92094289841179,23.92094289841179,5.481534773476249e-07,24.552810188511863
6034,8772.625,3460.625,8,23.91875666919104,23.91875666919104,23.91875666919104,5.481033794415881e-07,24.552909422756223
1826,9205.714285714286,2989.5714285714284,7,23.90782236727596,23.90782236727596,23.90782236727596,5.478528175953191e-07,24.55340587338719
6498,8773.857142857143,3512.285714285714,7,23.904229522879007,23.904229522879007,23.904229522879007,5.477704868043415e-07,24.55356904903404
583,9124.222222222223,2705.5555555555557,9,23.902068348192792,23.902068348192792,23.902068348192792,5.477209630282748e-07,24.553667214577395
4204,9018.75,3271.25,8,23.901718450016276,23.901718450016276,23.901718450016276,5.477129450373875e-07,24.55368310859516
8483,8468.222222222223,3845.4444444444443,9,23.89780013225468,23.89780013225468,23.89780013225468,5.476231559552643e-07,24.553861112876003
8498,8983.875,3848.125,8,23.89337464290839,23.89337464290839,23.89337464290839,5.475217449287661e-07,24.554062192428596
1758,8598.714285714286,2981.142857142857,7,23.886143051723575,23.886143051723575,23.886143051723575,5.473560314837924e-07,24.554390852105637
9199,8864.25,4144.0,8,23.87630326305733,23.87630326305733,23.87630326305733,5.471305506406386e-07,24.554838208377248
1467,8680.285714285714,2931.857142857143,7,23.873917450132414,23.873917450132414,23.873917450132414,5.470758792317126e-07,24.55494670477512
3432,9554.111111111111,3194.222222222222,9,23.872029974858627,23.872029974858627,23.872029974858627,5.470326273357014e-07,24.555032546625664
9087,8655.5,4067.5,8,23.86993238749246,23.86993238749246,23.86993238749246,5.469845606765531e-07,24.555127952278674
5134,8722.5,3368.166666666667,6,23.86882061216403,23.86882061216403,23.86882061216403,5.469590841092247e-07,24.555178523131488
4945,8967.285714285714,3348.142857142857,7,23.850078699991613,23.850078699991613,23.850078699991613,5.465296092188291e-07,24.556031383274185
3673,9113.166666666666,3217.166666666667,6,23.848522360131675,23.848522360131675,23.848522360131675,5.464939453610213e-07,24.556102235437393
10174,8899.857142857143,3350.0,7,23.846765395748065,23.846765395748065,23.846765395748065,5.464536841497244e-07,24.55618222656156
5264,8509.833333333334,3381.333333333333,6,23.83952385368392,23.83952385368392,23.83952385368392,5.462877426782416e-07,24.55651198190975
8795,8706.625,3940.625,8,23.839109843830343,23.839109843830343,23.839109843830343,5.462782555546838e-07,24.556530837546013
4376,9053.0,3289.5,6,23.836850203708686,23.836850203708686,23.836850203708686,5.46226475422291e-07,24.55663375621149
6048,8317.625,3462.75,8,23.83446816554264,23.83446816554264,23.83446816554264,5.461718905127647e-07,24.556742260241524
4787,9056.75,3332.625,8,23.830176356139738,23.830176356139738,23.830176356139738,5.460735427905072e-07,24.556937783481526
4352,8965.0,3286.5,6,23.822350297570324,23.822350297570324,23.822350297570324,5.458942069993985e-07,24.55729440823167
6688,8266.444444444445,3538.666666666667,9,23.817108679182596,23.817108679182596,23.817108679182596,5.457740942029103e-07,24.55753332844614
6487,8784.285714285714,3511.0,7,23.80949898760238,23.80949898760238,23.80949898760238,5.455997165072253e-07,24.55788028230789
5497,8817.5,3405.5,6,23.809330557761285,23.809330557761285,23.809330557761285,5.455958569017123e-07,24.557887962898874
4826,9300.0,3336.714285714286,7,23.804169736971758,23.804169736971758,23.804169736971758,5.454775955993146e-07,24.558123328497487
492,9270.875,2660.875,8,23.800076886876063,23.800076886876063,23.800076886876063,5.453838070717576e-07,24.558310024259132
8721,8558.5,3916.0,6,23.79814751780011,23.79814751780011,23.79814751780011,5.45339595170389e-07,24.558398043755044
8652,8826.857142857143,3896.714285714286,7,23.79403520662326,23.79403520662326,23.79403520662326,5.452453606880318e-07,24.558585674785416
10538,8481.833333333334,3487.833333333333,6,23.793840957090815,23.793840957090815,23.793840957090815,5.452409094188182e-07,24.558594538545144
9642,8630.285714285714,3187.4285714285716,7,23.792763545797428,23.792763545797428,23.792763545797428,5.452162203106375e-07,24.558643702987997
4675,8045.875,3320.25,8,23.79131509632535,23.79131509632535,23.79131509632535,5.451830287839384e-07,24.558709802157214
2779,9401.0,3119.5,6,23.785992633532622,23.785992633532622,23.785992633532622,5.45061063420772e-07,24.558952724291835
2962,9426.875,3141.0,8,23.78294257077503,23.78294257077503,23.78294257077503,5.449911705861207e-07,24.55909195648415
6055,8098.222222222223,3464.5555555555557,9,23.769017347195792,23.769017347195792,23.769017347195792,5.446720711358934e-07,24.55972785539799
1338,8205.875,2910.0,8,23.76812497523779,23.76812497523779,23.76812497523779,5.446516222433081e-07,24.559768618493784
7124,8343.57142857143,3596.285714285714,7,23.7642382330349,23.7642382330349,23.7642382330349,5.445625567218061e-07,24.559946180746227
6024,8505.75,3459.125,8,23.76396408962811,23.76396408962811,23.76396408962811,5.445562746675258e-07,24.5599587058327
6742,8946.714285714286,3542.857142857143,7,23.76334330896149,23.76334330896149,23.76334330896149,5.445420493469553e-07,24.559987068644816
4481,8566.5,3300.5,8,23.76195585516961,23.76195585516961,23.76195585516961,5.445102555491979e-07,24.560050462619863
5599,9039.833333333334,3413.833333333333,6,23.751174409854485,23.751174409854485,23.751174409854485,5.4426319644432e-07,24.560543202443736
877,8445.5,2800.5,8,23.750283644231708,23.750283644231708,23.750283644231708,5.44242784361247e-07,24.560583922730075
8061,8467.25,3752.75,8,23.74900136373062,23.74900136373062,23.74900136373062,5.44213400631743e-07,24.560642543333092
4458,9154.0,3298.25,8,23.738900849305452,23.738900849305452,23.738900849305452,5.439819452025541e-07,24.561104408096636
4335,9167.625,3286.375,8,23.73829721997719,23.73829721997719,23.73829721997719,5.439681129085379e-07,24.561132016390413
6317,8117.5,3492.5,8,23.721492633166505,23.721492633166505,23.721492633166505,5.435830322394862e-07,24.561900892490595
10737,8938.0,3704.285714285714,7,23.71783824149273,23.71783824149273,23.71783824149273,5.434992910796131e-07,24.5620681674197
10025,8912.5,3313.5,6,23.710610088561737,23.710610088561737,23.710610088561737,5.433336564229547e-07,24.562399102445735
1419,8746.25,2925.375,8,23.70810270782187,23.70810270782187,23.70810270782187,5.432761992617788e-07,24.562513924375324
6987,8506.42857142857,3576.142857142857,7,23.701550715180836,23.701550715180836,23.701550715180836,5.431260589614993e-07,24.562814020881216
3285,8600.0,3179.875,8,23.701196092808097,23.701196092808097,23.701196092808097,5.431179327146541e-07,24.562830265777347
10560,9027.42857142857,3503.0,7,23.69891515179247,23.69891515179247,23.69891515179247,5.430656644677605e-07,24.56293475921327
8536,9285.875,3859.375,8,23.698628190069925,23.698628190069925,23.698628190069925,5.430590886790574e-07,24.562947906085853
8511,9039.25,3852.75,8,23.69565834262208,23.69565834262208,23.69565834262208,5.429910339952332e-07,24.56308397611188
9639,8412.857142857143,3188.142857142857,7,23.69358563292041,23.69358563292041,23.69358563292041,5.429435374130405e-07,24.56317895192401
10496,8928.714285714286,3472.142857142857,7,23.69068110599946,23.69068110599946,23.69068110599946,5.428769795629369e-07,24.563312057288165
5310,8931.833333333334,3385.0,6,23.687054046230017,23.687054046230017,23.687054046230017,5.427938647194455e-07,24.56347829698297
4300,8469.75,3283.375,8,23.685922014840372,23.685922014840372,23.685922014840372,5.427679239801805e-07,24.56353018679725
2918,9037.875,3135.75,8,23.684981461400113,23.684981461400113,23.684981461400113,5.427463709987158e-07,24.563573301572266
8063,8885.25,3753.125,8,23.679709298266015,23.679709298266015,23.679709298266015,5.426255582628896e-07,24.56381500813992
9562,8928.166666666666,3146.166666666667,6,23.678232798846977,23.678232798846977,23.678232798846977,5.425917239657097e-07,24.563882709091654
2538,8896.5,3092.5,8,23.65970215599765,23.65970215599765,23.65970215599765,5.421670903566382e-07,24.564732741560785
455,8986.285714285714,2643.0,7,23.656863783991625,23.656863783991625,23.656863783991625,5.421020484604339e-07,24.564863001362696
2262,8768.25,3055.375,8,23.654731032029936,23.654731032029936,23.654731032029936,5.420531759971248e-07,24.564960888826906
6380,9211.0,3501.0,9,23.646346180839032,23.646346180839032,23.646346180839032,5.418610353546403e-07,24.56534581606921
2865,7999.875,3131.125,8,23.642160904981253,23.642160904981253,23.642160904981253,5.417651288711524e-07,24.565538002535547
5085,9235.75,3361.5,8,23.64210548329125,23.64210548329125,23.64210548329125,5.417638588713775e-07,24.565540547709233
2646,9512.777777777777,3105.333333333333,9,23.63128222956007,23.63128222956007,23.63128222956007,5.41515841717783e-07,24.566037706859582
1048,9100.285714285714,2848.0,7,23.629490596678234,23.629490596678234,23.629490596678234,5.414747860705002e-07,24.56612002632116
1199,9268.0,2879.5,8,23.627796733204722,23.627796733204722,23.627796733204722,5.414359708299346e-07,24.566197859349828
4177,8393.714285714286,3269.142857142857,7,23.6184509610139,23.6184509610139,23.6184509610139,5.412218104790381e-07,24.56662739794206
8859,8838.444444444445,3962.777777777778,9,23.61829505655104,23.61829505655104,23.61829505655104,5.412182378952226e-07,24.566634564867556
9543,8552.25,3138.125,8,23.618276310841132,23.618276310841132,23.618276310841132,5.412178083333063e-07,24.56663542661071
3833,9120.75,3233.25,8,23.61537494514498,23.61537494514498,23.61537494514498,5.411513229233391e-07,24.566768811081303
8216,8981.375,3783.75,8,23.614486636257276,23.614486636257276,23.614486636257276,5.411309671368711e-07,24.566809652578115
2784,8865.57142857143,3122.0,7,23.598039876795482,23.598039876795482,23.598039876795482,5.407540861573725e-07,24.567566097709935
8333,9114.75,3810.5,8,23.59585684773117,23.59585684773117,23.59585684773117,5.407040615835991e-07,24.567666542634274
7420,8879.42857142857,3641.0,7,23.59239924682575,23.59239924682575,23.59239924682575,5.406248299258992e-07,24.567825651819568
2075,8686.375,3026.25,8,23.58860214093489,23.58860214093489,23.58860214093489,5.405378184394886e-07,24.568000410948315
6718,8773.333333333334,3541.5,6,23.58721675154021,23.58721675154021,23.58721675154021,5.405060719478307e-07,24.56806417952549
9514,8830.285714285714,3117.0,7,23.586363991078386,23.586363991078386,23.586363991078386,5.404865307610773e-07,24.56810343339992
4432,8652.833333333334,3295.833333333333,6,23.580998843840575,23.580998843840575,23.580998843840575,5.403635872748035e-07,24.568350431929197
5147,9077.375,3368.125,8,23.563325920103928,23.563325920103928,23.563325920103928,5.399586084810209e-07,24.56916444863809
7536,8044.111111111111,3659.333333333333,9,23.56019647973085,23.56019647973085,23.56019647973085,5.398868966914839e-07,24.569308654611905
7449,8796.333333333334,3645.0,9,23.554937965340933,23.554937965340933,23.554937965340933,5.39766396719524e-07,24.569551012382817
4072,8526.0,3259.285714285714,7,23.55109348712871,23.55109348712871,23.55109348712871,5.396782996863273e-07,24.569728233390997
5156,8684.8,3368.4,5,23.549145138229775,23.549145138229775,23.549145138229775,5.396336528582916e-07,24.569818058538466
1696,9384.5,2970.25,8,23.547304558866916,23.547304558866916,23.547304558866916,5.395914755920203e-07,24.569902921990632
4723,9370.0,3325.285714285714,7,23.546135315407412,23.546135315407412,23.546135315407412,5.395646821302863e-07,24.569956835655034
1978,9076.42857142857,3011.714285714286,7,23.53293137558324,23.53293137558324,23.53293137558324,5.39262111050206e-07,24.570565853500803
8819,9070.333333333334,3948.222222222222,9,23.520998407298663,23.520998407298663,23.520998407298663,5.389886645523799e-07,24.5711165431471
10274,8888.0,3381.714285714286,7,23.517164577919743,23.517164577919743,23.517164577919743,5.389008115394557e-07,24.57129352826321
9032,8619.75,4037.375,8,23.516789249331307,23.516789249331307,23.516789249331307,5.388922108052885e-07,24.57131085650394
3298,8362.0,3180.75,8,23.515849085629366,23.515849085629366,23.515849085629366,5.388706667547599e-07,24.57135426337227
1729,8059.75,2976.125,8,23.51370289897281,23.51370289897281,23.51370289897281,5.3882148643257e-07,24.57145335819493
137,8858.777777777777,2451.6666666666665,9,23.505130314617574,23.505130314617574,23.505130314617574,5.386250438448287e-07,24.571849266160726
1931,8896.0,3005.5714285714284,7,23.499700436127547,23.499700436127547,23.499700436127547,5.385006170281883e-07,24.572100109131384
5796,8465.857142857143,3435.285714285714,7,23.49396182342904,23.49396182342904,23.49396182342904,5.383691155017144e-07,24.57236527763723
2143,8955.444444444445,3037.1111111111113,9,23.493754866234966,23.493754866234966,23.493754866234966,5.383643730337408e-07,24.572374841878023
1685,9194.25,2969.125,8,23.48990132436221,23.48990132436221,23.48990132436221,5.382760683048418e-07,24.572552943382945
4565,9021.57142857143,3309.714285714286,7,23.484320617015996,23.484320617015996,23.484320617015996,5.381481852129887e-07,24.572810922154794
1093,8641.25,2857.375,8,23.466947907297897,23.466947907297897,23.466947907297897,5.377500858870814e-07,24.573614401224447
3637,8263.0,3215.25,8,23.45796223012206,23.45796223012206,23.45796223012206,5.375441771897873e-07,24.574030217690574
5133,8715.285714285714,3367.0,7,23.451988547571176,23.451988547571176,23.451988547571176,5.374072889878153e-07,24.574306740831137
1125,8984.0,2864.0,7,23.444681129718266,23.444681129718266,23.444681129718266,5.372398379586683e-07,24.574645098682346
6591,8692.285714285714,3524.0,7,23.438049598772523,23.438049598772523,23.438049598772523,5.370878750212755e-07,24.574952252006263
4159,9468.0,3266.0,7,23.43430905886635,23.43430905886635,23.43430905886635,5.370021597563951e-07,24.57512554132758
1985,9402.0,3011.875,8,23.43408921810826,23.43408921810826,23.43408921810826,5.36997122058821e-07,24.575135726829068
7955,8959.5,3733.0,8,23.43152115544186,23.43152115544186,23.43152115544186,5.369382743584351e-07,24.57525471551154
526,9236.714285714286,2679.0,7,23.427602737843316,23.427602737843316,23.427602737843316,5.36848482988527e-07,24.575436296706773
2534,8997.4,3090.8,5,23.415747944473786,23.415747944473786,23.415747944473786,5.36576827885451e-07,24.57598583803755
10623,8435.0,3557.0,7,23.406994359561548,23.406994359561548,23.406994359561548,5.363762376315768e-07,24.57639179820578
2080,8856.5,3028.875,8,23.403193936532105,23.403193936532105,23.403193936532105,5.362891501322325e-07,24.57656809559042
9777,8777.166666666666,3248.833333333333,6,23.396178850941425,23.396178850941425,23.396178850941425,5.36128397958844e-07,24.576893592792995
6922,8448.0,3567.125,8,23.393381125408123,23.393381125408123,23.393381125408123,5.360642874851784e-07,24.577023433377416
345,8797.75,2599.5,8,23.391180704489564,23.391180704489564,23.391180704489564,5.360138643733781e-07,24.57712556436103
3727,8900.833333333334,3223.166666666667,6,23.384742337806557,23.384742337806557,23.384742337806557,5.358663278360134e-07,24.57742445179699
9645,8860.75,3188.25,8,23.383038812959285,23.383038812959285,23.383038812959285,5.358272912030201e-07,24.577503548070435
9873,8807.833333333334,3266.333333333333,6,23.379921454594864,23.379921454594864,23.379921454594864,5.357558562752728e-07,24.57764830489614
3360,9200.0,3185.714285714286,7,23.377925402700242,23.377925402700242,23.377925402700242,5.357101163229786e-07,24.577741003168434
7808,8740.125,3703.625,8,23.376449174378564,23.376449174378564,23.376449174378564,5.356762882380522e-07,24.57780956550299
6356,8924.833333333334,3497.0,6,23.37071284558162,23.37071284558162,23.37071284558162,5.355448390476668e-07,24.578076026165814
9910,8641.42857142857,3272.142857142857,7,23.367092131453475,23.367092131453475,23.367092131453475,5.354618696158908e-07,24.578244247177725
7267,8828.75,3617.0,8,23.36528281491585,23.36528281491585,23.36528281491585,5.35420408743887e-07,24.578328319107477
5678,8743.833333333334,3421.666666666667,6,23.36512770706119,23.36512770706119,23.36512770706119,5.354168544145173e-07,24.578335526671523
5994,8544.625,3456.875,8,23.364327040126618,23.364327040126618,23.364327040126618,5.353985069619839e-07,24.578372732886905
4678,8512.25,3319.5,8,23.361790920451753,23.361790920451753,23.361790920451753,5.353403912420204e-07,24.578490592322844
5718,8575.875,3427.25,8,23.35218167964299,23.35218167964299,23.35218167964299,5.35120193451893e-07,24.57893727241502
1169,8950.625,2874.125,8,23.348862174552703,23.348862174552703,23.348862174552703,5.350441262890708e-07,24.579091620436696
6830,8678.42857142857,3555.857142857143,7,23.345350226278775,23.345350226278775,23.345350226278775,5.349636492499008e-07,24.57925494043724
8136,9012.0,3766.0,7,23.343817189848224,23.343817189848224,23.343817189848224,5.349285193951172e-07,24.579326240623068
3751,8734.625,3227.0,8,23.33778685833164,23.33778685833164,23.33778685833164,5.347903330700876e-07,24.579606751519133
5793,9204.0,3434.75,8,23.33614813134818,23.33614813134818,23.33614813134818,5.347527812938795e-07,24.57968299215395
5287,7888.75,3382.875,8,23.334760652833094,23.334760652833094,23.334760652833094,5.347209869295846e-07,24.57974754781386
7213,8882.75,3609.5,8,23.32585056546951,23.32585056546951,23.32585056546951,5.34516810388862e-07,24.580162201814446
831,8823.5,2786.25,8,23.316636712222504,23.316636712222504,23.316636712222504,5.343056729885277e-07,24.580591158963585
1368,9200.25,2913.0,8,23.298816109078547,23.298816109078547,23.298816109078547,5.338973100898211e-07,24.581421290338294
7361,8818.42857142857,3632.285714285714,7,23.298368898554855,23.298368898554855,23.298368898554855,5.338870621658698e-07,24.58144213076703
983,8693.75,2831.5,8,23.288471176959483,23.288471176959483,23.288471176959483,5.336602537773642e-07,24.581903476281127
10037,9079.875,3307.75,8,23.28791262473434,23.28791262473434,23.28791262473434,5.336474544347215e-07,24.581929516961985
7353,8784.714285714286,3631.0,7,23.283041347129114,23.283041347129114,23.283041347129114,5.335358280757703e-07,24.582156650916854
2442,8556.666666666666,3080.166666666667,6,23.28200869757685,23.28200869757685,23.28200869757685,5.335121646923761e-07,24.58220480656169
4156,9158.375,3266.25,8,23.281320074478934,23.281320074478934,23.281320074478934,5.33496384748111e-07,24.582236920375227
5001,8924.75,3351.875,8,23.277752531533324,23.277752531533324,23.277752531533324,5.334146337452543e-07,24.582403307303867
2713,9217.0,3112.25,8,23.2752579696785,23.2752579696785,23.2752579696785,5.333574703315466e-07,24.58251966652937
6106,8551.285714285714,3468.4285714285716,7,23.267790024477243,23.267790024477243,23.267790024477243,5.331863407841832e-07,24.582868084559525
10552,8574.0,3495.857142857143,7,23.26637740970874,23.26637740970874,23.26637740970874,5.331539704173128e-07,24.582934002876435
6213,9034.42857142857,3481.142857142857,7,23.26352462321828,23.26352462321828,23.26352462321828,5.330885982101421e-07,24.583067137632607
3160,8691.0,3164.0,7,23.252789495118833,23.252789495118833,23.252789495118833,5.328426004740797e-07,24.583568274391535
1749,9130.75,2979.625,8,23.25142043877996,23.25142043877996,23.25142043877996,5.32811228257858e-07,24.58363220125046
5347,8842.833333333334,3389.833333333333,6,23.246631793121196,23.246631793121196,23.246631793121196,5.327014954274765e-07,24.583855832380465
2649,8913.75,3106.375,8,23.2465355924668,23.2465355924668,23.2465355924668,5.32699290969088e-07,24.583860325450708
2552,8653.25,3094.5,8,23.24592757434437,23.24592757434437,23.24592757434437,5.326853581049232e-07,24.583888723485302
3151,8900.0,3162.714285714286,7,23.241559867122987,23.241559867122987,23.241559867122987,5.32585271168066e-07,24.58409274302419
7596,8089.125,3668.25,8,23.24034742112599,23.24034742112599,23.24034742112599,5.32557487711027e-07,24.584149384267736
1098,8469.5,2858.5,8,23.23505661293048,23.23505661293048,23.23505661293048,5.324362477196662e-07,24.584396586939967
3080,8635.125,3156.125,8,23.23006918362435,23.23006918362435,23.23006918362435,5.323219597198665e-07,24.58462966637295
1018,8853.0,2840.714285714286,7,23.214353473802436,23.214353473802436,23.214353473802436,5.319618308978358e-07,24.58536444203866
2400,8539.5,3075.5,8,23.206446105706405,23.206446105706405,23.206446105706405,5.317806318816885e-07,24.585734332949073
2847,8516.0,3129.0,7,23.199968383260554,23.199968383260554,23.199968383260554,5.316321934986755e-07,24.586037441814817
841,9049.375,2790.375,8,23.19739345047336,23.19739345047336,23.19739345047336,5.315731883680153e-07,24.58615795288029
9824,8667.166666666666,3252.0,6,23.188583437542874,23.188583437542874,23.188583437542874,5.313713050541413e-07,24.586570377098113
3473,8823.6,3198.2,5,23.187694549328157,23.187694549328157,23.187694549328157,5.313509359922719e-07,24.58661199743328
3124,9433.571428571428,3159.857142857143,7,23.187225007848486,23.187225007848486,23.187225007848486,5.313401763497305e-07,24.58663398337693
3401,8325.42857142857,3190.5714285714284,7,23.18535827497847,23.18535827497847,23.18535827497847,5.312973997702986e-07,24.586721396210947
4574,8798.142857142857,3311.714285714286,7,23.17943308738529,23.17943308738529,23.17943308738529,5.311616228405626e-07,24.586998899485994
905,8542.42857142857,2809.5714285714284,7,23.176761542198598,23.176761542198598,23.176761542198598,5.311004038162876e-07,24.58712404320662
1719,9017.5,2973.0,8,23.17217756828901,23.17217756828901,23.17217756828901,5.309953610824254e-07,24.58733880481916
7259,8088.625,3616.5,8,23.16966086787472,23.16966086787472,23.16966086787472,5.309376903589346e-07,24.587456731636536
4348,8382.125,3287.5,8,23.166514546349976,23.166514546349976,23.166514546349976,5.308655917342288e-07,24.58760417907543
2127,9695.428571428572,3035.142857142857,7,23.1656061124162,23.1656061124162,23.1656061124162,5.308447747780638e-07,24.587646755137037
3540,8912.333333333334,3204.5,6,23.15245425813015,23.15245425813015,23.15245425813015,5.305433972491309e-07,24.58826333729214
927,8617.333333333334,2816.4444444444443,9,23.151654551017394,23.151654551017394,23.151654551017394,5.305250717911179e-07,24.588300840269216
9432,8731.25,3054.625,8,23.14912837457897,23.14912837457897,23.14912837457897,5.304671839225253e-07,24.588419316072358
1014,9476.625,2840.125,8,23.14483085331305,23.14483085331305,23.14483085331305,5.303687053117158e-07,24.588620896344185
5719,8607.57142857143,3426.714285714286,7,23.12938677720777,23.12938677720777,23.12938677720777,5.300148010338835e-07,24.589345627914277
6867,8906.25,3560.75,8,23.123259086223747,23.123259086223747,23.123259086223747,5.29874383696019e-07,24.5896333111751
124,8786.5,2432.5,8,23.118858992287045,23.118858992287045,23.118858992287045,5.297735546107148e-07,24.58983993411991
4958,9195.666666666666,3348.166666666667,6,23.116504339244514,23.116504339244514,23.116504339244514,5.297195972370991e-07,24.589950521855183
10083,8728.333333333334,3320.333333333333,6,23.10967474973438,23.10967474973438,23.10967474973438,5.295630957457182e-07,24.590271341477088
6190,9182.0,3478.166666666667,6,23.108436374085752,23.108436374085752,23.108436374085752,5.295347181052155e-07,24.590329524264938
946,8858.875,2823.375,8,23.10698292049369,23.10698292049369,23.10698292049369,5.29501411908046e-07,24.590397816069334
10300,8531.714285714286,3395.5714285714284,7,23.10682923033444,23.10682923033444,23.10682923033444,5.294978900654672e-07,24.590405037588724
1740,8824.5,2977.25,8,23.103189918180817,23.103189918180817,23.103189918180817,5.29414494455995e-07,24.590576053876816
6929,7986.5,3568.0,8,23.088427960831723,23.088427960831723,23.088427960831723,5.290762210740582e-07,24.591270014938527
6994,8457.714285714286,3577.0,7,23.083927726477157,23.083927726477157,23.083927726477157,5.289730972498506e-07,24.5914816596472
1693,8864.285714285714,2970.5714285714284,7,23.08086160565515,23.08086160565515,23.08086160565515,5.289028364412493e-07,24.591625882048632
6907,8639.57142857143,3565.142857142857,7,23.075104775162274,23.075104775162274,23.075104775162274,5.287709174501554e-07,24.591896720244133
10780,9120.25,3837.0,8,23.073721817298402,23.073721817298402,23.073721817298402,5.287392266775414e-07,24.591961793509647
10726,8679.714285714286,3695.5714285714284,7,23.07217722785842,23.07217722785842,23.07217722785842,5.287038320830977e-07,24.592034476747454
206,8895.0,2504.5,8,23.065494910745272,23.065494910745272,23.065494910745272,5.285507053699131e-07,24.592348980420304
6414,9050.8,3503.6,5,23.06033647628267,23.06033647628267,23.06033647628267,5.284324987507027e-07,24.592591824783682
2613,8626.625,3104.125,8,23.054802753346117,23.054802753346117,23.054802753346117,5.28305692316557e-07,24.592852397058582
449,8996.42857142857,2640.285714285714,7,23.053266255197606,23.053266255197606,23.053266255197606,5.282704831357726e-07,24.592924758868776
58,8632.875,2359.5,8,23.04893756468974,23.04893756468974,23.04893756468974,5.281712902751766e-07,24.593128645695348
3437,9001.833333333334,3194.0,6,23.043244631363876,23.043244631363876,23.043244631363876,5.280408355012099e-07,24.593396848395244
6351,8468.25,3498.125,8,23.041802618592442,23.041802618592442,23.041802618592442,5.280077914728705e-07,24.59346479431556
3931,8450.75,3244.625,8,23.041118024766682,23.041118024766682,23.041118024766682,5.27992103860231e-07,24.593497053047948
7501,8616.0,3653.75,8,23.040897186379276,23.040897186379276,23.040897186379276,5.279870433017696e-07,24.59350745937378
8044,8484.125,3750.75,8,23.040501831067697,23.040501831067697,23.040501831067697,5.279779836509962e-07,24.593526089518896
2304,8976.6,3061.2,5,23.033752950226038,23.033752950226038,23.033752950226038,5.278233316158624e-07,24.593844163217913
9769,9160.166666666666,3236.0,6,23.030459079703853,23.030459079703853,23.030459079703853,5.277478518746023e-07,24.593999436664618
7548,8829.42857142857,3660.285714285714,7,23.03040799525472,23.03040799525472,23.03040799525472,5.277466812636214e-07,24.594001844966478
9074,8497.42857142857,4061.714285714286,7,23.02848629799204,23.02848629799204,23.02848629799204,5.277026451634801e-07,24.59409244446201
8275,9018.875,3796.5,8,23.015540625993548,23.015540625993548,23.015540625993548,5.274059923453738e-07,24.594702972519308
7846,8745.0,3711.0,7,23.007487431367444,23.007487431367444,23.007487431367444,5.272214516833772e-07,24.595082940784234
8186,8565.888888888889,3777.8888888888887,9,23.007399445835514,23.007399445835514,23.007399445835514,5.272194354762616e-07,24.595087092878654
9200,8899.125,4144.0,8,23.00051326867353,23.00051326867353,23.00051326867353,5.27061637266843e-07,24.595412105315507
1470,9616.5,2931.5,8,22.9987846182128,22.9987846182128,22.9987846182128,5.270220248750911e-07,24.595493709099813
5006,9280.5,3352.25,8,22.99548035107577,22.99548035107577,22.99548035107577,5.26946306893198e-07,24.59564970952593
7752,9212.875,3694.125,8,22.991314298462445,22.991314298462445,22.991314298462445,5.268508409144317e-07,24.59584642835359
9719,8869.666666666666,3229.166666666667,6,22.9904865986785,22.9904865986785,22.9904865986785,5.268318739984245e-07,24.595885516149394
9379,8666.714285714286,2974.4285714285716,7,22.98950619261022,22.98950619261022,22.98950619261022,5.268094077855406e-07,24.59593181725991
2518,9010.285714285714,3088.4285714285716,7,22.986900649224992,22.986900649224992,22.986900649224992,5.267497012065374e-07,24.596054877454637
6848,8688.5,3557.0,6,22.984874447803236,22.984874447803236,22.984874447803236,5.267032703714378e-07,24.59615058488549
819,8984.285714285714,2783.857142857143,7,22.98328239367066,22.98328239367066,22.98328239367066,5.266667881135017e-07,24.59622579132974
1254,8662.5,2889.625,8,22.95917187684504,22.95917187684504,22.95917187684504,5.261142905094256e-07,24.59736537622358
6673,8751.0,3535.5,6,22.957363498924636,22.957363498924636,22.957363498924636,5.260728511460343e-07,24.5974508975446
1334,8485.5,2907.25,8,22.953107287273333,22.953107287273333,22.953107287273333,5.259753191538007e-07,24.597652207747657
3052,9221.42857142857,3152.285714285714,7,22.947643228016716,22.947643228016716,22.947643228016716,5.258501090776483e-07,24.59791070142897
7329,8833.5,3628.0,6,22.9446984684407,22.9446984684407,22.9446984684407,5.257826292877252e-07,24.59805003762199
3887,9125.0,3238.857142857143,7,22.942784456577847,22.942784456577847,22.942784456577847,5.257387693001503e-07,24.598140611863354
10520,8268.42857142857,3474.714285714286,7,22.93662188304289,22.93662188304289,22.93662188304289,5.255975526212365e-07,24.598432286484954
6297,8514.333333333334,3490.5,6,22.93445656496312,22.93445656496312,22.93445656496312,5.255479338984283e-07,24.598534789600876
3925,8877.142857142857,3243.4285714285716,7,22.933953966804495,22.933953966804495,22.933953966804495,5.255364167550811e-07,24.598558583275473
9544,8552.125,3141.125,8,22.93382614269312,22.93382614269312,22.93382614269312,5.255334876384725e-07,24.59856463472445
1541,8297.25,2945.625,8,22.931698147203257,22.931698147203257,22.931698147203257,5.254847241707237e-07,24.59866538324022
8009,8630.857142857143,3743.5714285714284,7,22.93075260760089,22.93075260760089,22.93075260760089,5.254630569302971e-07,24.59871015217701
476,8328.25,2653.625,8,22.925434037360834,22.925434037360834,22.925434037360834,5.253411807658004e-07,24.59896200758478
4406,8675.166666666666,3293.0,6,22.922683376307873,22.922683376307873,22.922683376307873,5.252781487846787e-07,24.59909228522601
4830,8424.25,3338.625,8,22.9215047934306,22.9215047934306,22.9215047934306,5.252511413082067e-07,24.59914811040916
5508,8359.5,3407.375,8,22.914861768614383,22.914861768614383,22.914861768614383,5.250989149863355e-07,24.599462820022666
1099,8660.5,2858.0,6,22.899703248513827,22.899703248513827,22.899703248513827,5.247515542848843e-07,24.600181288251193
4513,8662.0,3304.5,6,22.897186995690618,22.897186995690618,22.897186995690618,5.24693893818038e-07,24.600300597085422
2466,8992.142857142857,3082.5714285714284,7,22.89626631758661,22.89626631758661,22.89626631758661,5.246727962841166e-07,24.600344254572608
4533,8325.5,3307.0,6,22.88627722687659,22.88627722687659,22.88627722687659,5.244438941529803e-07,24.600818038542172
9915,8510.714285714286,3273.0,7,22.881927704822935,22.881927704822935,22.881927704822935,5.243442239330965e-07,24.601024401609646
171,8852.125,2474.25,8,22.870923943022767,22.870923943022767,22.870923943022767,5.240920703988365e-07,24.601546650272844
815,9068.142857142857,2782.857142857143,7,22.869074047665798,22.869074047665798,22.869074047665798,5.240496796545854e-07,24.601634472680075
10245,9064.25,3368.875,8,22.864131514274824,22.864131514274824,22.864131514274824,5.239364204541987e-07,24.60186915063019
1911,9093.285714285714,3002.0,7,22.86325806703453,22.86325806703453,22.86325806703453,5.239164052255315e-07,24.601910628322248
7435,8926.5,3644.25,8,22.861708564093597,22.861708564093597,22.861708564093597,5.23880898037172e-07,24.60198421400495
8002,8741.5,3742.5,8,22.861018773148288,22.861018773148288,22.861018773148288,5.238650913314363e-07,24.602016973686915
10440,8870.714285714286,3444.714285714286,7,22.852765393032968,22.852765393032968,22.852765393032968,5.236759633765184e-07,24.6024090214626
972,8899.857142857143,2829.4285714285716,7,22.85247929369973,22.85247929369973,22.85247929369973,5.236694073496491e-07,24.602422614143542
4392,8480.375,3292.125,8,22.850213677628595,22.850213677628595,22.850213677628595,5.236174902771072e-07,24.602530260377783
3253,8916.166666666666,3173.833333333333,6,22.83973332145598,22.83973332145598,22.83973332145598,5.233773306937556e-07,24.603028352543888
6834,9032.0,3554.5,6,22.83397469492678,22.83397469492678,22.83397469492678,5.232453705461087e-07,24.603302135847983
7297,8762.857142857143,3621.4285714285716,7,22.83245312332071,22.83245312332071,22.83245312332071,5.232105034102085e-07,24.60337448770296
6509,9192.0,3512.714285714286,7,22.83042174944456,22.83042174944456,22.83042174944456,5.2316395404722e-07,24.60347108854863
7785,8731.555555555555,3700.1111111111113,9,22.825732869409585,22.825732869409585,22.825732869409585,5.230565073672562e-07,24.60369409843083
6457,8543.625,3509.125,8,22.8240604814645,22.8240604814645,22.8240604814645,5.230181842429769e-07,24.603773650691988
6739,8751.25,3544.75,8,22.815218637451395,22.815218637451395,22.815218637451395,5.22815571513097e-07,24.60419433701602
2576,8252.857142857143,3097.142857142857,7,22.81391610873341,22.81391610873341,22.81391610873341,5.227857237914106e-07,24.604256323840666
1782,9579.142857142857,2981.714285714286,7,22.81025336514151,22.81025336514151,22.81025336514151,5.227017912455632e-07,24.604430651324584
10339,8368.75,3400.0,8,22.802221946697458,22.802221946697458,22.802221946697458,5.225177495893945e-07,24.604813002942677
10389,8967.166666666666,3415.0,6,22.801573454763073,22.801573454763073,22.801573454763073,5.225028892592489e-07,24.604843881564314
558,9657.857142857143,2694.285714285714,7,22.79198873822748,22.79198873822748,22.79198873822748,5.2228325344804e-07,24.605300370305606
2573,9110.57142857143,3096.285714285714,7,22.784130967683573,22.784130967683573,22.784130967683573,5.221031909703135e-07,24.605674753474155
5540,8789.2,3409.4,5,22.78324011067025,22.78324011067025,22.78324011067025,5.220827767930067e-07,24.605717206470228
1179,8723.25,2876.375,8,22.78110018228749,22.78110018228749,22.78110018228749,5.220337398804875e-07,24.605819189631074
7748,8631.714285714286,3694.714285714286,7,22.77976589631173,22.77976589631173,22.77976589631173,5.220031644345072e-07,24.605882782917
3486,9245.714285714286,3199.0,7,22.778567116985766,22.778567116985766,22.778567116985766,5.219756941521321e-07,24.6059399210092
3197,8470.0,3168.0,7,22.776066156107483,22.776066156107483,22.776066156107483,5.219183841034453e-07,24.606059135393327
5430,9264.0,3398.0,7,22.774406518021852,22.774406518021852,22.774406518021852,5.218803531448982e-07,24.606138253305893
9516,8670.0,3119.166666666667,6,22.771526160641884,22.771526160641884,22.771526160641884,5.218143491449498e-07,24.60627557877538
5999,8372.25,3458.75,8,22.767551986184277,22.767551986184277,22.767551986184277,5.217232800947967e-07,24.606465082176822
4395,9007.0,3291.5,6,22.76392188738363,22.76392188738363,22.76392188738363,5.216400956112611e-07,24.606638207681787
7763,9039.5,3697.5,8,22.762042102234197,22.762042102234197,22.762042102234197,5.215970199360795e-07,24.60672786864077
7892,8107.571428571428,3719.285714285714,7,22.756046853242825,22.756046853242825,22.756046853242825,5.21459637534552e-07,24.607013876207148
4974,8278.57142857143,3351.0,7,22.75428803916426,22.75428803916426,22.75428803916426,5.214193339371032e-07,24.60709779596419
9790,9109.57142857143,3239.285714285714,7,22.74844116888896,22.74844116888896,22.74844116888896,5.212853516653083e-07,24.607376819173908
7060,8819.42857142857,3587.285714285714,7,22.745246215370848,22.745246215370848,22.745246215370848,5.212121386281653e-07,24.607529318428742
4639,9249.375,3315.875,8,22.732041134892235,22.732041134892235,22.732041134892235,5.209095414097468e-07,24.608159841276546
8829,7994.875,3952.25,8,22.73202887429209,22.73202887429209,22.73202887429209,5.209092604554954e-07,24.608160426872054
4077,8886.0,3259.0,7,22.73037273543372,22.73037273543372,22.73037273543372,5.208713096824828e-07,24.608239530916528
3965,8993.0,3248.0,7,22.721392001137048,22.721392001137048,22.721392001137048,5.206655142523126e-07,24.60866858833837
3023,9051.714285714286,3148.857142857143,7,22.720592163019738,22.720592163019738,22.720592163019738,5.206471857923024e-07,24.608706809081504
8223,8099.0,3784.875,8,22.71794254564285,22.71794254564285,22.71794254564285,5.205864692484375e-07,24.608833432245586
6784,8266.714285714286,3549.857142857143,7,22.716008062763578,22.716008062763578,22.716008062763578,5.205421401631818e-07,24.608925889012944
2801,9162.5,3123.5,6,22.715694863310098,22.715694863310098,22.715694863310098,5.205349631313124e-07,24.60894085882319
3117,8418.25,3159.875,8,22.71007048045923,22.71007048045923,22.71007048045923,5.204060792060118e-07,24.609209719284895
1981,8890.875,3012.25,8,22.710003050988,22.710003050988,22.710003050988,5.204045340453846e-07,24.609212942996898
3876,8382.5,3239.25,8,22.705591104003478,22.705591104003478,22.705591104003478,5.20303433344977e-07,24.60942389303196
3919,9437.714285714286,3242.142857142857,7,22.69971189063886,22.69971189063886,22.69971189063886,5.201687099244342e-07,24.60970506172461
10801,8920.142857142857,3952.5714285714284,7,22.696350186942496,22.696350186942496,22.696350186942496,5.200916757716084e-07,24.6098658652504
3246,8244.5,3173.5,8,22.691850755954995,22.691850755954995,22.691850755954995,5.199885703567274e-07,24.61008112802964
3271,9087.625,3177.125,8,22.690037287247513,22.690037287247513,22.690037287247513,5.199470143368712e-07,24.610167900472035
5243,8453.0,3378.5,8,22.68711435323018,22.68711435323018,22.68711435323018,5.198800346842519e-07,24.610307774182765
7819,8833.142857142857,3705.5714285714284,7,22.68242775251352,22.68242775251352,22.68242775251352,5.197726402353506e-07,24.610532083790364
2487,9283.0,3085.714285714286,7,22.681984586522997,22.681984586522997,22.681984586522997,5.197624849927341e-07,24.61055329695442
1618,8774.0,2958.75,8,22.67594321409969,22.67594321409969,22.67594321409969,5.196240456629865e-07,24.610842522548417
5722,8882.25,3428.625,8,22.675043893391873,22.675043893391873,22.675043893391873,5.196034375383262e-07,24.610885583355447
8727,8726.285714285714,3918.285714285714,7,22.665066227512618,22.665066227512618,22.665066227512618,5.193747972096087e-07,24.611363443388434
7492,9188.285714285714,3651.5714285714284,7,22.65579760375212,22.65579760375212,22.65579760375212,5.191624047313473e-07,24.611807533799542
5966,8743.0,3453.0,7,22.642738574006827,22.642738574006827,22.642738574006827,5.188631542964431e-07,24.61243354351123
10658,8726.0,3590.4285714285716,7,22.641229006306652,22.641229006306652,22.641229006306652,5.188285622325911e-07,24.612505930821523
5659,8959.0,3419.5714285714284,7,22.640263453874624,22.640263453874624,22.640263453874624,5.188064363939305e-07,24.612552233855112
1255,8939.555555555555,2891.4444444444443,9,22.6346865790553,22.6346865790553,22.6346865790553,5.186786411252437e-07,24.612819711342198
8165,8720.42857142857,3773.0,7,22.631443224717394,22.631443224717394,22.631443224717394,5.18604318973055e-07,24.612975299074165
6422,8465.25,3505.375,8,22.62614275029116,22.62614275029116,22.62614275029116,5.184828574779679e-07,24.61322961741171
3475,9142.125,3198.75,8,22.620501813911467,22.620501813911467,22.620501813911467,5.183535942250453e-07,24.613500336663797
10141,8976.57142857143,3335.285714285714,7,22.61958892256426,22.61958892256426,22.61958892256426,5.183326751263068e-07,24.613544154400266
1079,8910.75,2855.5,8,22.6193745037808,22.6193745037808,22.6193745037808,5.183277616744307e-07,24.613554446512133
95,9094.625,2407.25,8,22.619216888354025,22.619216888354025,22.619216888354025,5.183241498835144e-07,24.61356201212238
1983,8935.57142857143,3012.285714285714,7,22.6175099008651,22.6175099008651,22.6175099008651,5.182850339033535e-07,24.613643951654712
7291,8430.625,3620.625,8,22.612566507536375,22.612566507536375,22.612566507536375,5.18171754997311e-07,24.61388128139452
81,8936.75,2397.625,8,22.61176398892671,22.61176398892671,22.61176398892671,5.181533651132503e-07,24.613919814790147
5844,8904.333333333334,3439.666666666667,6,22.607615232044466,22.607615232044466,22.607615232044466,5.180582954698282e-07,24.614119041566017
4278,8778.75,3279.125,8,22.60519124685311,22.60519124685311,22.60519124685311,5.180027493353249e-07,24.61423546028405
3238,8605.0,3173.875,8,22.59303829378414,22.59303829378414,22.59303829378414,5.177242618395314e-07,24.614819328351174
8241,8449.75,3790.625,8,22.590808569690505,22.590808569690505,22.590808569690505,5.176731672392624e-07,24.614926485768933
7473,8821.42857142857,3649.714285714286,7,22.588357556545994,22.588357556545994,22.588357556545994,5.17617001753483e-07,24.615044290232365
6823,9155.285714285714,3554.0,7,22.58538398520043,22.58538398520043,22.58538398520043,5.175488617357533e-07,24.61518722787542
900,8917.285714285714,2806.4285714285716,7,22.583146397036003,22.583146397036003,22.583146397036003,5.17497586928635e-07,24.615294799694247
10628,8177.714285714285,3559.857142857143,7,22.58187459635985,22.58187459635985,22.58187459635985,5.17468443346541e-07,24.615355946130553
10709,8810.333333333334,3647.666666666667,6,22.57963495617725,22.57963495617725,22.57963495617725,5.174171215169913e-07,24.615463633338443
6449,8831.833333333334,3508.0,6,22.575881422191486,22.575881422191486,22.575881422191486,5.173311084900225e-07,24.61564413610224
10442,9240.5,3442.625,8,22.56398302524133,22.56398302524133,22.56398302524133,5.170584542016532e-07,24.61621651356968
10688,8805.5,3620.75,8,22.56310191586693,22.56310191586693,22.56310191586693,5.170382633935587e-07,24.61625891171481
5933,8849.857142857143,3449.142857142857,7,22.563098368255638,22.563098368255638,22.563098368255638,5.170381820992939e-07,24.616259082425834
5845,8945.333333333334,3440.5,6,22.562361748839805,22.562361748839805,22.562361748839805,5.170213023092294e-07,24.61629452912785
61,8870.142857142857,2362.285714285714,7,22.560393645822735,22.560393645822735,22.560393645822735,5.169762028113891e-07,24.61638924146015
3209,9036.25,3169.25,8,22.556875312927595,22.556875312927595,22.556875312927595,5.168955794672706e-07,24.616558577126987
9410,8484.625,3029.625,8,22.5562043201997,22.5562043201997,22.5562043201997,5.168802035266719e-07,24.61659087468254
8431,8077.142857142857,3833.4285714285716,7,22.550864611760602,22.550864611760602,22.550864611760602,5.167578429758632e-07,24.616847930391966
7069,7971.444444444444,3588.666666666667,9,22.550200453500977,22.550200453500977,22.550200453500977,5.167426236485536e-07,24.61687990749349
7623,8732.42857142857,3671.285714285714,7,22.543732331564108,22.543732331564108,22.543732331564108,5.165944052632392e-07,24.617191376189083
5308,8784.0,3384.5,6,22.53783654983968,22.53783654983968,22.53783654983968,5.16459302175219e-07,24.6174753620338
481,8856.5,2654.75,8,22.530898441819502,22.530898441819502,22.530898441819502,5.163003139591765e-07,24.61780964943419
10296,8661.2,3385.4,5,22.524722407885307,22.524722407885307,22.524722407885307,5.161587888323609e-07,24.61810730568927
3904,8904.833333333334,3241.333333333333,6,22.513067750107126,22.513067750107126,22.513067750107126,5.158917198787859e-07,24.618669228649605
2161,8890.857142857143,3039.714285714286,7,22.508648714455816,22.508648714455816,22.508648714455816,5.157904567400762e-07,24.618882366103655
356,9397.0,2604.714285714286,7,22.506577090306205,22.506577090306205,22.506577090306205,5.157429850335391e-07,24.618982298395593
8550,8763.5,3864.75,8,22.504678441086806,22.504678441086806,22.504678441086806,5.156994770841954e-07,24.6190738946941
6748,8924.5,3544.875,8,22.50454187583493,22.50454187583493,22.50454187583493,5.156963476624992e-07,24.619080483292493
1228,8841.142857142857,2884.142857142857,7,22.49261459346155,22.49261459346155,22.49261459346155,5.154230314585333e-07,24.619656070001366
10785,8948.875,3858.25,8,22.488258382815356,22.488258382815356,22.488258382815356,5.153232079681337e-07,24.61986636808213
1856,9052.25,2996.125,8,22.480860286328962,22.480860286328962,22.480860286328962,5.151536790188782e-07,24.620223607961925
6372,8177.5,3499.5,8,22.480153956754855,22.480153956754855,22.480153956754855,5.151374933269577e-07,24.62025772140906
7786,8784.285714285714,3700.4285714285716,7,22.472398302048866,22.472398302048866,22.472398302048866,5.149597708553039e-07,24.620632365106303
7879,8730.0,3718.125,8,22.47191377326434,22.47191377326434,22.47191377326434,5.149486677754947e-07,24.620655774984854
2968,8753.5,3143.0,6,22.46626456570398,22.46626456570398,22.46626456570398,5.148192149867137e-07,24.620928752192007
2484,8891.142857142857,3085.285714285714,7,22.452330959821687,22.452330959821687,22.452330959821687,5.14499923454235e-07,24.621602336068683
1106,8775.285714285714,2859.857142857143,7,22.45180622491644,22.45180622491644,22.45180622491644,5.144878990426464e-07,24.621627711177542
1881,9308.0,2998.0,7,22.44202353589182,22.44202353589182,22.44202353589182,5.142637266498847e-07,24.622100890671412
10692,8858.57142857143,3619.714285714286,7,22.43272401265571,22.43272401265571,22.43272401265571,5.140506261035894e-07,24.622550891162135
7822,9054.5,3704.5,6,22.43241529778186,22.43241529778186,22.43241529778186,5.140435518368128e-07,24.622565832959737
1288,8771.0,2897.0,7,22.43093071440869,22.43093071440869,22.43093071440869,5.140095322941103e-07,24.622637689656173
395,9224.875,2618.875,8,22.430640861775252,22.430640861775252,22.430640861775252,5.140028902595713e-07,24.622651719637165
6397,8888.142857142857,3502.285714285714,7,22.429605166892514,22.429605166892514,22.429605166892514,5.139791570917838e-07,24.622701852729648
8103,7895.0,3761.666666666667,6,22.427948056211378,22.427948056211378,22.427948056211378,5.139411840492465e-07,24.622782070438074
10740,8394.25,3711.875,8,22.423290978982354,22.423290978982354,22.423290978982354,5.138344661373227e-07,24.623007542798835
10670,9002.5,3596.5,6,22.423187988455275,22.423187988455275,22.423187988455275,5.138321060875625e-07,24.623012529613696
10619,8771.0,3547.714285714286,7,22.420585256164472,22.420585256164472,22.420585256164472,5.13772463925384e-07,24.623138561857555
7977,8815.285714285714,3735.4285714285716,7,22.413475705506936,22.413475705506936,22.413475705506936,5.136095470649636e-07,24.62348290258635
499,8817.375,2664.625,8,22.41306770812072,22.41306770812072,22.41306770812072,5.136001977183699e-07,24.62350266665915
2751,8676.57142857143,3117.285714285714,7,22.404865345336773,22.404865345336773,22.404865345336773,5.134122388364152e-07,24.623900079111344
7872,8849.0,3714.5,6,22.404464031585018,22.404464031585018,22.404464031585018,5.134030426467221e-07,24.623919526885985
9301,8571.0,4261.25,8,22.40006606561687,22.40006606561687,22.40006606561687,5.133022623242684e-07,24.624132676354748
7108,8767.714285714286,3593.285714285714,7,22.397763719644693,22.397763719644693,22.397763719644693,5.132495035782581e-07,24.624244277313636
1908,8908.625,3003.5,8,22.397430824994373,22.397430824994373,22.397430824994373,5.13241875226778e-07,24.62426041457023
1559,9559.285714285714,2947.4285714285716,7,22.390726069246945,22.390726069246945,22.390726069246945,5.130882343275323e-07,24.624585482472916
3391,8609.57142857143,3190.714285714286,7,22.3897750934781,22.3897750934781,22.3897750934781,5.130664425161985e-07,24.624631596687607
3018,9250.0,3147.5,6,22.36709330560267,22.36709330560267,22.36709330560267,5.125466845388823e-07,24.625732050820083
7198,8262.285714285714,3607.4285714285716,7,22.35506504798682,22.35506504798682,22.35506504798682,5.122710544658303e-07,24.626316079658107
8308,7516.25,3805.125,8,22.35087863289086,22.35087863289086,22.35087863289086,5.12175121876458e-07,24.626519423646705
3152,8953.714285714286,3163.0,7,22.33799456560837,22.33799456560837,22.33799456560837,5.11879880743478e-07,24.627145472043072
5066,9282.25,3359.0,8,22.33734904322964,22.33734904322964,22.33734904322964,5.118650884613296e-07,24.62717684805324
8561,8606.625,3867.0,8,22.336574139674042,22.336574139674042,22.336574139674042,5.118473313820869e-07,24.627214513912232
10731,8563.57142857143,3700.0,7,22.329687853386382,22.329687853386382,22.329687853386382,5.116895306720303e-07,24.6275492941273
6403,8480.42857142857,3504.142857142857,7,22.327632894030373,22.327632894030373,22.327632894030373,5.116424408427711e-07,24.627649216994875
7413,8741.0,3640.25,8,22.32386904248039,22.32386904248039,22.32386904248039,5.115561913866312e-07,24.62783225898583
6446,8472.5,3507.0,8,22.322957352028794,22.322957352028794,22.322957352028794,5.115352998066701e-07,24.62787660056219
8904,8643.0,3982.0,7,22.320734696763513,22.320734696763513,22.320734696763513,5.114843671901012e-07,24.62798471067511
2700,8778.285714285714,3110.714285714286,7,22.31192426549522,22.31192426549522,22.31192426549522,5.112824742899277e-07,24.62841335662873
3923,8640.75,3243.125,8,22.311466454887878,22.311466454887878,22.311466454887878,5.112719834628124e-07,24.628435634700537
4854,9288.375,3339.375,8,22.307653261847054,22.307653261847054,22.307653261847054,5.111846033359502e-07,24.628621210829177
5874,9099.5,3443.375,8,22.303603001021287,22.303603001021287,22.303603001021287,5.110917907505419e-07,24.628818359046814
3398,7972.625,3190.375,8,22.301996756783247,22.301996756783247,22.301996756783247,5.110549833233308e-07,24.628896553602345
2408,8578.42857142857,3076.285714285714,7,22.301511764583438,22.301511764583438,22.301511764583438,5.110438696242622e-07,24.62892016491042
2123,8873.833333333334,3035.166666666667,6,22.30020330525487,22.30020330525487,22.30020330525487,5.11013886001377e-07,24.628983868365033
9064,8198.25,4056.5,8,22.288882711544844,22.288882711544844,22.288882711544844,5.107544721967397e-07,24.62953517720818
2308,8719.5,3062.5,6,22.28816412960409,22.28816412960409,22.28816412960409,5.107380057392402e-07,24.629570181340775
149,9576.714285714286,2457.857142857143,7,22.287109472434203,22.287109472434203,22.287109472434203,5.10713838046623e-07,24.629621558679858
6544,8748.285714285714,3518.0,7,22.273983162295025,22.273983162295025,22.273983162295025,5.104130458672307e-07,24.63026120684477
10595,8584.0,3527.166666666667,6,22.272351697131988,22.272351697131988,22.272351697131988,5.103756604971769e-07,24.630340734859843
3868,8561.375,3238.375,8,22.271639497987778,22.271639497987778,22.271639497987778,5.103593403028133e-07,24.630375453814082
486,8508.25,2658.25,8,22.269944653864975,22.269944653864975,22.269944653864975,5.103205025904613e-07,24.630458080135597
3305,8896.166666666666,3180.666666666667,6,22.263399062683803,22.263399062683803,22.263399062683803,5.101705089809915e-07,24.630777247069183
10643,8846.142857142857,3582.714285714286,7,22.263139989676354,22.263139989676354,22.263139989676354,5.101645722681068e-07,24.630789881554133
5274,9158.5,3381.125,8,22.24935931271839,22.24935931271839,22.24935931271839,5.098487851343474e-07,24.6314621502702
10498,9139.375,3474.25,8,22.24071947578655,22.24071947578655,22.24071947578655,5.096508014395566e-07,24.631883843561532
2820,8908.57142857143,3124.714285714286,7,22.23255133857404,22.23255133857404,22.23255133857404,5.094636268438268e-07,24.6322826647966
3502,9218.625,3201.75,8,22.22183078906073,22.22183078906073,22.22183078906073,5.092179631791561e-07,24.63280633370886
6597,8650.714285714286,3524.4285714285716,7,22.19886577257386,22.19886577257386,22.19886577257386,5.086917149581691e-07,24.63392896140244
2083,9326.285714285714,3028.0,7,22.19838835200489,22.19838835200489,22.19838835200489,5.086807747646261e-07,24.633952312071617
2365,8467.375,3070.5,8,22.196874523980995,22.196874523980995,22.196874523980995,5.08646085074553e-07,24.634026356813663
8397,9053.75,3824.0,8,22.19288855987867,22.19288855987867,22.19288855987867,5.08554745862192e-07,24.634221343461387
1774,9049.57142857143,2981.714285714286,7,22.192043599579996,22.192043599579996,22.192043599579996,5.085353834178308e-07,24.634262681994233
6431,8296.0,3506.625,8,22.190588781869938,22.190588781869938,22.190588781869938,5.085020459616083e-07,24.634333860659172
8970,8742.625,4006.75,8,22.18595990766797,22.18595990766797,22.18595990766797,5.083959743280281e-07,24.634560364813957
3483,8858.714285714286,3199.0,7,22.1795662365125,22.1795662365125,22.1795662365125,5.082494619981516e-07,24.634873303300488
3372,8417.57142857143,3188.142857142857,7,22.179188992129756,22.179188992129756,22.179188992129756,5.082408173631517e-07,24.634891770359914
313,9365.5,2579.5,8,22.179100422027688,22.179100422027688,22.179100422027688,5.082387877604874e-07,24.63489610613425
4319,8514.833333333334,3285.166666666667,6,22.175288315716045,22.175288315716045,22.175288315716045,5.081514325362549e-07,24.635082736678235
2360,8751.5,3070.5,8,22.1701632272502,22.1701632272502,22.1701632272502,5.08033990047629e-07,24.635333697889866
6700,8419.5,3539.5,8,22.168787959895933,22.168787959895933,22.168787959895933,5.080024755046728e-07,24.635401050748612
3803,8101.875,3230.875,8,22.166389943572685,22.166389943572685,22.166389943572685,5.079475244522872e-07,24.63551850209391
8780,8489.714285714286,3936.857142857143,7,22.16266382113071,22.16266382113071,22.16266382113071,5.078621395666551e-07,24.635701027354635
1473,8733.714285714286,2933.714285714286,7,22.14967237131151,22.14967237131151,22.14967237131151,5.075644377400832e-07,24.636337657649364
8754,8473.57142857143,3928.714285714286,7,22.14630760220717,22.14630760220717,22.14630760220717,5.074873333427837e-07,24.63650260497174
7141,8505.57142857143,3598.285714285714,7,22.14385026881225,22.14385026881225,22.14385026881225,5.074310230271265e-07,24.63662308392079
1903,9385.333333333334,3001.833333333333,6,22.13135209613804,22.13135209613804,22.13135209613804,5.071446247508983e-07,24.637236055435373
4182,8982.833333333334,3268.333333333333,6,22.12910825960992,22.12910825960992,22.12910825960992,5.070932067612015e-07,24.63734614080451
8591,9081.875,3874.875,8,22.117050318724452,22.117050318724452,22.117050318724452,5.068168964897339e-07,24.637937909388224
5910,8805.2,3446.8,5,22.111305695180533,22.111305695180533,22.111305695180533,5.06685257223463e-07,24.63821995223863
4960,9338.714285714286,3348.714285714286,7,22.109458304447923,22.109458304447923,22.109458304447923,5.066429238732101e-07,24.638310668853286
3334,8486.714285714286,3184.5714285714284,7,22.10830183484643,22.10830183484643,22.10830183484643,5.066164231271401e-07,24.638367461459353
4614,9551.142857142857,3314.5714285714284,7,22.105821878412634,22.105821878412634,22.105821878412634,5.065595943997513e-07,24.63848925867088
9738,8923.57142857143,3231.714285714286,7,22.10379646988484,22.10379646988484,22.10379646988484,5.06513181733985e-07,24.6385887419712
6466,9195.285714285714,3508.5714285714284,7,22.10152704450247,22.10152704450247,22.10152704450247,5.064611773702686e-07,24.63870022163509
4702,8465.333333333334,3322.666666666667,6,22.100907866099476,22.100907866099476,22.100907866099476,5.064469887659088e-07,24.638730639163484
9845,8559.42857142857,3260.4285714285716,7,22.09608714795965,22.09608714795965,22.09608714795965,5.063365209878249e-07,24.638967489122912
341,8467.0,2597.0,7,22.088485174154272,22.088485174154272,22.088485174154272,5.061623201465864e-07,24.639341091846028
8227,9387.125,3785.625,8,22.085762811638947,22.085762811638947,22.085762811638947,5.060999366324534e-07,24.63947491495265
7723,7956.142857142857,3690.285714285714,7,22.08217535777111,22.08217535777111,22.08217535777111,5.060177293665932e-07,24.639651288526665
10579,8767.5,3517.333333333333,6,22.081931313221503,22.081931313221503,22.081931313221503,5.060121370340056e-07,24.639663287773246
10699,8665.125,3629.875,8,22.079132250269517,22.079132250269517,22.079132250269517,5.059479959131074e-07,24.639800922320298
3491,8554.714285714286,3199.4285714285716,7,22.073467003310427,22.073467003310427,22.073467003310427,5.058181755781044e-07,24.640079545272066
2303,8646.57142857143,3061.142857142857,7,22.073313840151094,22.073313840151094,22.073313840151094,5.058146658118404e-07,24.64008707899408
5781,8624.142857142857,3432.285714285714,7,22.071579140272917,22.071579140272917,22.071579140272917,5.057749147964052e-07,24.640172408296564
603,8541.42857142857,2711.857142857143,7,22.067955404577944,22.067955404577944,22.067955404577944,5.056918761247849e-07,24.640350680273823
5034,9045.25,3357.25,8,22.066912265975965,22.066912265975965,22.066912265975965,5.056679723825931e-07,24.64040200356567
8687,7810.571428571428,3905.714285714286,7,22.06031279212554,22.06031279212554,22.06031279212554,5.055167440403351e-07,24.64072675943852
5778,9235.166666666666,3432.166666666667,6,22.05729806947068,22.05729806947068,22.05729806947068,5.054476610316293e-07,24.64087514433402
534,9713.0,2681.285714285714,7,22.05367212172429,22.05367212172429,22.05367212172429,5.05364571670382e-07,24.641053640646238
7793,8704.333333333334,3699.833333333333,6,22.039583183578777,22.039583183578777,22.039583183578777,5.050417206661637e-07,24.64174748239804
898,8906.75,2805.5,8,22.035161004698516,22.035161004698516,22.035161004698516,5.049403854996964e-07,24.64196535409843
3381,9055.714285714286,3189.0,7,22.0345768472246,22.0345768472246,22.0345768472246,5.049269994073501e-07,24.641994137610638
8778,8108.625,3936.5,8,22.031420091254567,22.031420091254567,22.031420091254567,5.048546616751186e-07,24.642149695387165
6116,8385.42857142857,3469.285714285714,7,22.021651379417317,22.021651379417317,22.021651379417317,5.046308095725683e-07,24.642631216603977
7788,8855.0,3698.5,6,22.003716340542603,22.003716340542603,22.003716340542603,5.042198243548329e-07,24.64351583032219
5370,9219.0,3392.5714285714284,7,21.996560672491498,21.996560672491498,21.996560672491498,5.040558507045626e-07,24.643868972096207
4206,9102.0,3271.0,7,21.99168920168382,21.99168920168382,21.99168920168382,5.039442199183363e-07,24.644109451417986
8824,8134.5,3950.5,8,21.990626595321025,21.990626595321025,21.990626595321025,5.039198700682785e-07,24.64416191387608
7304,8739.25,3625.0,8,21.990380220463116,21.990380220463116,21.990380220463116,5.039142243361823e-07,24.644174078131634
4542,8922.6,3306.4,5,21.986115872314514,21.986115872314514,21.986115872314514,5.038165058943882e-07,24.64438464321073
1394,9175.25,2919.0,8,21.982465961971975,21.982465961971975,21.982465961971975,5.037328674251705e-07,24.64456490100604
7993,9262.714285714286,3739.0,7,21.98047981022247,21.98047981022247,21.98047981022247,5.036873543368003e-07,24.644663003479664
10320,9129.833333333334,3395.0,6,21.974937826456724,21.974937826456724,21.974937826456724,5.035603586040026e-07,24.64493678690733
10190,8547.142857142857,3356.142857142857,7,21.973362331535398,21.973362331535398,21.973362331535398,5.035242558039024e-07,24.64501463164176
3890,8409.0,3240.0,7,21.972397792675487,21.972397792675487,21.972397792675487,5.035021531914618e-07,24.645062291973872
922,9673.625,2814.375,8,21.969385170434226,21.969385170434226,21.969385170434226,5.034331183141789e-07,24.64521116681796
3456,8609.25,3196.875,8,21.966989126758143,21.966989126758143,21.966989126758143,5.033782124654213e-07,24.645329586756404
10790,8545.857142857143,3870.5714285714284,7,21.966291470990125,21.966291470990125,21.966291470990125,5.03362225535606e-07,24.645364069504588
9197,8531.875,4143.25,8,21.96435422757871,21.96435422757871,21.96435422757871,5.03317833192171e-07,24.645459826590653
9044,8975.5,4047.5,8,21.961104699604082,21.961104699604082,21.961104699604082,5.032433695697881e-07,24.645620468289707
7416,8057.75,3641.0,8,21.95936331530451,21.95936331530451,21.95936331530451,5.032034653794198e-07,24.645706564092727
6549,9137.42857142857,3518.285714285714,7,21.94913522544361,21.94913522544361,21.94913522544361,5.029690865320772e-07,24.646212389071373
4521,8510.125,3306.375,8,21.93556980704959,21.93556980704959,21.93556980704959,5.026582320939416e-07,24.64688362367766
7716,8575.125,3687.75,8,21.932516859472983,21.932516859472983,21.932516859472983,5.025882731530511e-07,24.647034744730448
3603,9199.166666666666,3210.166666666667,6,21.932141470024852,21.932141470024852,21.932141470024852,5.02579671024271e-07,24.647053327978572
9517,8913.857142857143,3119.4285714285716,7,21.923778430339368,21.923778430339368,21.923778430339368,5.023880301970569e-07,24.647467413698312
7394,8747.285714285714,3637.285714285714,7,21.923533874585374,21.923533874585374,21.923533874585374,5.023824261501125e-07,24.64747952495541
9260,8427.0,4209.0,7,21.920702395434013,21.920702395434013,21.920702395434013,5.02317542205134e-07,24.64761975955377
7985,8793.57142857143,3736.857142857143,7,21.92019068058198,21.92019068058198,21.92019068058198,5.023058161508249e-07,24.64764510517529
4963,8332.285714285714,3350.714285714286,7,21.905359516778073,21.905359516778073,21.905359516778073,5.019659568883054e-07,24.64837996107751
2097,9118.875,3031.0,8,21.902351638686298,21.902351638686298,21.902351638686298,5.018970307242136e-07,24.64852905638803
9791,9112.142857142857,3242.142857142857,7,21.90044327125147,21.90044327125147,21.90044327125147,5.018533000799033e-07,24.648623661475284
4244,8023.857142857143,3276.714285714286,7,21.898834301158622,21.898834301158622,21.898834301158622,5.018164301891516e-07,24.64870343069431
10804,8244.285714285714,4027.0,7,21.897586519766307,21.897586519766307,21.897586519766307,5.017878370140383e-07,24.64876529700248
2585,8586.285714285714,3098.0,7,21.8950893270764,21.8950893270764,21.8950893270764,5.01730613314187e-07,24.64888912101936
5043,8467.5,3358.0,6,21.89244066620219,21.89244066620219,21.89244066620219,5.016699186887837e-07,24.64902047106396
482,9047.833333333334,2655.1666666666665,6,21.88746042086113,21.88746042086113,21.88746042086113,5.015557953110666e-07,24.649267490018524
7646,9451.25,3675.5,8,21.886857653835918,21.886857653835918,21.886857653835918,5.015419827769075e-07,24.64929739092897
8159,8831.142857142857,3771.857142857143,7,21.884173144143826,21.884173144143826,21.884173144143826,5.014804666682432e-07,24.649430568938044
2831,9204.6,3126.2,5,21.8814497934306,21.8814497934306,21.8814497934306,5.014180605093458e-07,24.649565690536825
10225,9006.42857142857,3363.714285714286,7,21.878225849237978,21.878225849237978,21.878225849237978,5.013441831447509e-07,24.6497256712902
4075,8643.285714285714,3259.285714285714,7,21.87490564571155,21.87490564571155,21.87490564571155,5.012680999771165e-07,24.649890453332514
6538,8510.5,3517.0,6,21.869085466583584,21.869085466583584,21.869085466583584,5.011347293386207e-07,24.650179369779046
6889,8881.714285714286,3563.714285714286,7,21.860001330259763,21.860001330259763,21.860001330259763,5.00926564429079e-07,24.650630464304918
8961,8310.142857142857,4004.714285714286,7,21.85291866864293,21.85291866864293,21.85291866864293,5.007642637367262e-07,24.65098230088828
2421,9018.57142857143,3078.714285714286,7,21.849492056982932,21.849492056982932,21.849492056982932,5.006857422041543e-07,24.65115256135148
7296,9159.714285714286,3621.0,7,21.848728233554883,21.848728233554883,21.848728233554883,5.006682390283831e-07,24.651190517622673
1039,9025.285714285714,2847.4285714285716,7,21.84257867840789,21.84257867840789,21.84257867840789,5.005273206685893e-07,24.65149615255018
139,9345.57142857143,2451.285714285714,7,21.836655122781814,21.836655122781814,21.836655122781814,5.003915811357253e-07,24.651790636600555
8777,8030.714285714285,3935.4285714285716,7,21.83379804816549,21.83379804816549,21.83379804816549,5.003261106652414e-07,24.65193270196191
10028,8737.166666666666,3307.833333333333,6,21.83178973085583,21.83178973085583,21.83178973085583,5.002800896483617e-07,24.65203257478745
1414,9353.5,2923.0,6,21.82908339293901,21.82908339293901,21.82908339293901,5.002180733413003e-07,24.652167174434787
6298,8535.625,3489.75,8,21.82861307146584,21.82861307146584,21.82861307146584,5.002072958250425e-07,24.65219056756327
1161,9209.5,2871.0,6,21.827046367216575,21.827046367216575,21.827046367216575,5.001713944650561e-07,24.652268496864906
1552,9165.166666666666,2945.333333333333,6,21.800936270627712,21.800936270627712,21.800936270627712,4.995730760668287e-07,24.653568060990807
6323,9087.8,3492.6,5,21.798473366540584,21.798473366540584,21.798473366540584,4.995166380975787e-07,24.653690726144365
3143,9158.75,3163.0,8,21.796956053336437,21.796956053336437,21.796956053336437,4.994818685438612e-07,24.653766302960666
3198,8679.857142857143,3169.142857142857,7,21.794663771775348,21.794663771775348,21.794663771775348,4.994293404259644e-07,24.653880490646035
2835,9360.125,3126.625,8,21.793774159717444,21.793774159717444,21.793774159717444,4.994089547770749e-07,24.653924809005005
4027,8744.0,3255.285714285714,7,21.789064324844674,21.789064324844674,21.789064324844674,4.993010279125611e-07,24.654159471933692
2723,9269.285714285714,3112.5714285714284,7,21.78250438734812,21.78250438734812,21.78250438734812,4.991507055542331e-07,24.654486398959975
1127,8470.5,2865.625,8,21.780185724351547,21.780185724351547,21.780185724351547,4.990975729001497e-07,24.654601977513913
6851,8700.0,3558.0,7,21.76999271449896,21.76999271449896,21.76999271449896,4.988639979186341e-07,24.655110215157535
1715,8757.142857142857,2973.5714285714284,7,21.763170306125907,21.763170306125907,21.763170306125907,4.987076609845317e-07,24.65545052288254
7456,8545.857142857143,3647.142857142857,7,21.76296345836805,21.76296345836805,21.76296345836805,4.987029210243122e-07,24.65546084229665
1859,8588.625,2996.875,8,21.757438001699615,21.757438001699615,21.757438001699615,4.985763040134528e-07,24.65573653774907
8726,8678.333333333334,3918.777777777778,9,21.754778051601747,21.754778051601747,21.754778051601747,4.985153506930962e-07,24.655869282269563
9218,9020.714285714286,4164.714285714286,7,21.7503617802794,21.7503617802794,21.7503617802794,4.984141508995706e-07,24.65608971165789
7371,8973.285714285714,3632.5714285714284,7,21.748560778247047,21.748560778247047,21.748560778247047,4.983728805562177e-07,24.65617961793591
9566,8956.0,3149.714285714286,7,21.74815530255391,21.74815530255391,21.74815530255391,4.983635889947556e-07,24.656199860367053
3031,8844.142857142857,3149.5714285714284,7,21.745454030695512,21.745454030695512,21.745454030695512,4.98301688777497e-07,24.656334724716295
4800,8815.6,3333.8,5,21.736212135042194,21.736212135042194,21.736212135042194,4.980899087794775e-07,24.65679626456733
1024,8563.142857142857,2843.4285714285716,7,21.73441346600408,21.73441346600408,21.73441346600408,4.980486918971821e-07,24.656886112830115
7889,9032.142857142857,3719.5714285714284,7,21.73378420314321,21.73378420314321,21.73378420314321,4.980342722053323e-07,24.656917547925516
8709,8998.25,3911.125,8,21.727297504532686,21.727297504532686,21.727297504532686,4.97885628131603e-07,24.657241646788517
6027,8660.0,3458.5,6,21.726774944245705,21.726774944245705,21.726774944245705,4.97873653551853e-07,24.657267759996824
2249,8608.0,3052.5,6,21.724511502688536,21.724511502688536,21.724511502688536,4.978217863087596e-07,24.657380875195436
2711,8977.714285714286,3112.0,7,21.719824657627257,21.719824657627257,21.719824657627257,4.977143862606494e-07,24.657615137142493
2749,8356.0,3117.125,8,21.71866175983167,21.71866175983167,21.71866175983167,4.976877382111491e-07,24.657673269934108
5290,8469.166666666666,3382.833333333333,6,21.715309100190737,21.715309100190737,21.715309100190737,4.976109113047707e-07,24.65784088546129
964,9250.125,2825.75,8,21.715120314552752,21.715120314552752,21.715120314552752,4.97606585241857e-07,24.657850324529925
2663,9320.285714285714,3106.857142857143,7,21.71397401518883,21.71397401518883,21.71397401518883,4.975803175489368e-07,24.65790763996514
4907,9117.714285714286,3344.5714285714284,7,21.710826652622217,21.710826652622217,21.710826652622217,4.975081950685358e-07,24.658065024936008
8586,8596.0,3874.375,8,21.704569327678573,21.704569327678573,21.704569327678573,4.973648071410064e-07,24.658377992450404
4710,8672.857142857143,3324.4285714285716,7,21.70387248412355,21.70387248412355,21.70387248412355,4.973488388232242e-07,24.658412851489118
8908,8623.5,3984.0,8,21.70116012902954,21.70116012902954,21.70116012902954,4.972866846312721e-07,24.658548545529754
7040,9202.25,3585.125,8,21.700945676651838,21.700945676651838,21.700945676651838,4.972817704095769e-07,24.658559274903652
670,8743.333333333334,2737.6666666666665,6,21.700175053350275,21.700175053350275,21.700175053350275,4.972641114132625e-07,24.65859783121763
502,9148.0,2664.5,6,21.699175358536788,21.699175358536788,21.699175358536788,4.972412031946933e-07,24.658647850623105
7070,8135.0,3588.25,8,21.692238518618982,21.692238518618982,21.692238518618982,4.970822440374855e-07,24.65899499664286
1694,9067.833333333334,2970.166666666667,6,21.689614530734605,21.689614530734605,21.689614530734605,4.970221147988744e-07,24.65912633997885
8860,8174.0,3963.0,7,21.68195860030665,21.68195860030665,21.68195860030665,4.968466775301917e-07,24.65950964730819
4679,8523.166666666666,3320.333333333333,6,21.680735029177733,21.680735029177733,21.680735029177733,4.968186391383963e-07,24.659570920045788
10410,8549.625,3422.5,8,21.678096401538028,21.678096401538028,21.678096401538028,4.967581744266886e-07,24.659703066299198
1745,8800.0,2977.5,6,21.671929111839496,21.671929111839496,21.671929111839496,4.966168496758868e-07,24.66001199574857
6345,8782.0,3496.5,6,21.670495200690965,21.670495200690965,21.670495200690965,4.965839912979537e-07,24.660083835257947
6633,8628.6,3528.8,5,21.66938904003606,21.66938904003606,21.66938904003606,4.965586433920593e-07,24.660139257587407
1973,9240.42857142857,3010.285714285714,7,21.665081005729665,21.665081005729665,21.665081005729665,4.964599238726988e-07,24.66035513140925
1268,8749.42857142857,2893.285714285714,7,21.663450410947412,21.663450410947412,21.663450410947412,4.964225584476053e-07,24.660436851039865
761,9137.0,2764.5,6,21.658512954975443,21.658512954975443,21.658512954975443,4.963094155973514e-07,24.660684336348236
7714,9247.285714285714,3687.142857142857,7,21.658119805063848,21.658119805063848,21.658119805063848,4.963004064837862e-07,24.660704045040518
5170,9369.42857142857,3370.142857142857,7,21.655407502978374,21.655407502978374,21.655407502978374,4.962382535065359e-07,24.660840023094458
9844,8559.166666666666,3256.166666666667,6,21.654244855942657,21.654244855942657,21.654244855942657,4.962116112032512e-07,24.660898316242132
9540,8720.5,3140.333333333333,6,21.649644926445376,21.649644926445376,21.649644926445376,4.961062028437146e-07,24.661128979586163
1812,9333.42857142857,2986.857142857143,7,21.644590803297227,21.644590803297227,21.644590803297227,4.959903865403872e-07,24.66138247497268
1108,9311.857142857143,2859.857142857143,7,21.634390384932683,21.634390384932683,21.634390384932683,4.957566417912496e-07,24.661894269077948
7753,9272.5,3694.75,8,21.634218607231734,21.634218607231734,21.634218607231734,4.957527054688184e-07,24.661902889889827
3325,8670.8,3182.4,5,21.632381201914455,21.632381201914455,21.632381201914455,4.957106009364744e-07,24.661995105940345
1803,9138.857142857143,2985.285714285714,7,21.6201690221929,21.6201690221929,21.6201690221929,4.95430756249382e-07,24.66260821226339
7233,8666.285714285714,3613.4285714285716,7,21.616702226061406,21.616702226061406,21.616702226061406,4.953513138811272e-07,24.662782324125505
1543,8952.375,2946.5,8,21.61573729615308,21.61573729615308,21.61573729615308,4.953292023077293e-07,24.662830790478473
8675,8578.42857142857,3903.285714285714,7,21.589402935568923,21.589402935568923,21.589402935568923,4.947257448525097e-07,24.66415434467146
8896,8736.42857142857,3976.714285714286,7,21.588790682178814,21.588790682178814,21.588790682178814,4.94711714936288e-07,24.664185135476558
6977,9263.714285714286,3573.857142857143,7,21.58645691038315,21.58645691038315,21.58645691038315,4.946582360608707e-07,24.66430251108763
7784,8678.625,3698.875,8,21.577302520942233,21.577302520942233,21.577302520942233,4.944484612862582e-07,24.66476304799769
5086,9783.0,3361.0,7,21.57677477710506,21.57677477710506,21.57677477710506,4.944363679243568e-07,24.66478960356911
4923,8074.875,3347.0,8,21.575013416568265,21.575013416568265,21.575013416568265,4.943960059742778e-07,24.664878238269342
5671,9149.0,3421.125,8,21.569420117264656,21.569420117264656,21.569420117264656,4.942678343350519e-07,24.665159750719248
788,8925.0,2775.75,8,21.567558765558132,21.567558765558132,21.567558765558132,4.942251810661222e-07,24.665253449304135
10681,8876.142857142857,3604.5714285714284,7,21.567327799577306,21.567327799577306,21.567327799577306,4.942198884317107e-07,24.66526507646477
2564,8505.42857142857,3097.142857142857,7,21.56725871830313,21.56725871830313,21.56725871830313,4.942183054196689e-07,24.66526855413995
2369,9583.0,3070.5,8,21.55475608884752,21.55475608884752,21.55475608884752,4.9393180501535e-07,24.665898142432408
10639,8858.285714285714,3572.0,7,21.55236050702011,21.55236050702011,21.55236050702011,4.938769097499527e-07,24.66601881716686
7487,8764.6,3651.2,5,21.55093211190799,21.55093211190799,21.55093211190799,4.938441777731631e-07,24.666090777344113
2501,8960.0,3087.0,7,21.549482485271213,21.549482485271213,21.549482485271213,4.938109592714854e-07,24.666163812006925
3943,8795.166666666666,3245.0,6,21.549133886666937,21.549133886666937,21.549133886666937,4.938029710605715e-07,24.666181375732048
1927,8123.428571428572,3005.285714285714,7,21.538678616690593,21.538678616690593,21.538678616690593,4.935633863327252e-07,24.666708284141045
8005,8951.285714285714,3742.5714285714284,7,21.52634961282844,21.52634961282844,21.52634961282844,4.932808645956861e-07,24.667329950805517
4253,8985.0,3275.8,5,21.5250794019922,21.5250794019922,21.5250794019922,4.932517574451108e-07,24.667394019010665
4231,8865.42857142857,3274.5714285714284,7,21.523825695971396,21.523825695971396,21.523825695971396,4.932230285058798e-07,24.667457258436343
4651,9307.57142857143,3317.285714285714,7,21.522841939932892,21.522841939932892,21.522841939932892,4.93200485527718e-07,24.66750688362717
2323,8907.142857142857,3064.714285714286,7,21.518794210410476,21.518794210410476,21.518794210410476,4.931077309476624e-07,24.667711093638477
7862,8440.333333333334,3714.666666666667,6,21.516393382651067,21.516393382651067,21.516393382651067,4.930527154706212e-07,24.667832234768248
2134,9173.0,3037.0,8,21.507667953357338,21.507667953357338,21.507667953357338,4.928527704087137e-07,24.66827261693218
6082,8609.0,3465.0,7,21.498271268757655,21.498271268757655,21.498271268757655,4.926374433891757e-07,24.668747077949497
2802,9357.833333333334,3122.833333333333,6,21.49767152208555,21.49767152208555,21.49767152208555,4.926237000670483e-07,24.66877736762956
8918,8723.125,3985.875,8,21.49608568059314,21.49608568059314,21.49608568059314,4.925873601730785e-07,24.66885746323581
6247,8820.0,3484.5,6,21.49310523036459,21.49310523036459,21.49310523036459,4.925190625242869e-07,24.669008011904268
893,9257.75,2804.125,8,21.49110047066006,21.49110047066006,21.49110047066006,4.924731230306829e-07,24.669109288182803
1629,8804.714285714286,2959.4285714285716,7,21.490633910589573,21.490633910589573,21.490633910589573,4.924624317077649e-07,24.669132859179534
3217,8799.0,3169.714285714286,7,21.485836651006892,21.485836651006892,21.485836651006892,4.923525014874908e-07,24.66937525034689
2656,8572.42857142857,3107.5714285714284,7,21.484929297505204,21.484929297505204,21.484929297505204,4.923317092896562e-07,24.66942110228952
5520,9512.0,3406.5,6,21.484289525071127,21.484289525071127,21.484289525071127,4.923170487687085e-07,24.669453433530975
3757,8949.714285714286,3225.4285714285716,7,21.47704897454932,21.47704897454932,21.47704897454932,4.921511300186285e-07,24.669819405737282
8682,9089.0,3904.0,7,21.472813640683086,21.472813640683086,21.472813640683086,4.920540764452654e-07,24.670033537054717
10521,9058.0,3474.0,7,21.470730060545904,21.470730060545904,21.470730060545904,4.920063307647386e-07,24.670138894842978
410,9197.166666666666,2623.1666666666665,6,21.470147140874275,21.470147140874275,21.470147140874275,4.919929730368943e-07,24.67016837244256
1807,8953.0,2987.142857142857,7,21.462455049725065,21.462455049725065,21.462455049725065,4.918167071376184e-07,24.670557427916226
1929,8540.166666666666,3004.833333333333,6,21.45875515507737,21.45875515507737,21.45875515507737,4.917319232674521e-07,24.670744613205905
5779,9347.875,3432.0,8,21.45690233832382,21.45690233832382,21.45690233832382,4.916894655787791e-07,24.670838363149343
8826,8404.42857142857,3950.5714285714284,7,21.45219827360335,21.45219827360335,21.45219827360335,4.915816709385283e-07,24.671076418635206
1260,9029.666666666666,2891.3333333333335,6,21.451416316952127,21.451416316952127,21.451416316952127,4.915637522361041e-07,24.67111599565709
2953,8590.0,3140.5,6,21.451185871492314,21.451185871492314,21.451185871492314,4.915584715295419e-07,24.671127659424144
4383,8838.2,3290.8,5,21.443443801924786,21.443443801924786,21.443443801924786,4.913810603642158e-07,24.671519589387614
6973,8970.142857142857,3573.714285714286,7,21.436155368372532,21.436155368372532,21.436155368372532,4.912140443643427e-07,24.671888684081267
5529,8753.666666666666,3408.666666666667,6,21.433686056602994,21.433686056602994,21.433686056602994,4.911574595616919e-07,24.67201376134318
1558,9413.5,2946.75,8,21.422859619213106,21.422859619213106,21.422859619213106,4.909093694538832e-07,24.67256231956725
2449,8319.5,3082.0,8,21.41737904681804,21.41737904681804,21.41737904681804,4.907837809756628e-07,24.672840117081446
5341,9400.142857142857,3388.714285714286,7,21.415178479327537,21.415178479327537,21.415178479327537,4.907333545051352e-07,24.67295167875021
8098,8962.166666666666,3759.166666666667,6,21.407964614430377,21.407964614430377,21.407964614430377,4.905680472618009e-07,24.67331747882014
2856,8884.5,3129.166666666667,6,21.40519141984619,21.40519141984619,21.40519141984619,4.905044989200344e-07,24.673458134545907
259,8596.714285714286,2548.285714285714,7,21.40421157522524,21.40421157522524,21.40421157522524,4.90482045572835e-07,24.673507836373343
865,9002.625,2794.875,8,21.403445995611342,21.403445995611342,21.403445995611342,4.904645021536928e-07,24.673546671364637
9628,8862.0,3180.5,6,21.401475489505017,21.401475489505017,21.401475489505017,4.904193475885528e-07,24.673646634160903
2609,8362.57142857143,3103.714285714286,7,21.401006262347565,21.401006262347565,21.401006262347565,4.904085951487716e-07,24.673670439178387
3834,9127.333333333334,3233.166666666667,6,21.39747355627145,21.39747355627145,21.39747355627145,4.903276424401643e-07,24.67384967857719
6127,8542.166666666666,3470.666666666667,6,21.388031253623353,21.388031253623353,21.388031253623353,4.901112700733765e-07,24.674328899287726
2006,9590.0,3016.0,8,21.387308585400227,21.387308585400227,21.387308585400227,4.900947099778504e-07,24.674365585240746
4141,9017.2,3264.4,5,21.384530598224828,21.384530598224828,21.384530598224828,4.900310518128403e-07,24.674506620151313
3968,9317.0,3247.5,6,21.384228986043983,21.384228986043983,21.384228986043983,4.900241403057796e-07,24.674521933724478
8892,8741.714285714286,3975.714285714286,7,21.383785667655125,21.383785667655125,21.383785667655125,4.90013981570923e-07,24.674544442453442
4509,8352.285714285714,3305.285714285714,7,21.381078473765832,21.381078473765832,21.381078473765832,4.899519456490711e-07,24.674681905694904
7505,9041.875,3654.375,8,21.380572960019744,21.380572960019744,21.380572960019744,4.899403616944193e-07,24.674707576105554
3302,8699.42857142857,3180.714285714286,7,21.377262335731558,21.377262335731558,21.377262335731558,4.898644980370597e-07,24.67487570737938
8327,9209.0,3808.714285714286,7,21.37599664138206,21.37599664138206,21.37599664138206,4.898354943827355e-07,24.674939993013396
2594,8540.285714285714,3099.5714285714284,7,21.373128423661967,21.373128423661967,21.373128423661967,4.897697685656665e-07,24.675085686185913
1652,8730.0,2963.0,7,21.37110109506495,21.37110109506495,21.37110109506495,4.897233119011069e-07,24.675188677587705
5918,8410.142857142857,3448.285714285714,7,21.36991714590488,21.36991714590488,21.36991714590488,4.896961814551269e-07,24.67524882853969
5685,8990.666666666666,3422.5,6,21.358405796641094,21.358405796641094,21.358405796641094,4.894323964465382e-07,24.675833840452306
1448,9272.285714285714,2927.4285714285716,7,21.356987340831346,21.356987340831346,21.356987340831346,4.893998922309694e-07,24.67590594882893
5215,8565.625,3375.25,8,21.354731352068356,21.354731352068356,21.354731352068356,4.893481957702345e-07,24.67602064375364
10340,8372.285714285714,3401.714285714286,7,21.353985629899004,21.353985629899004,21.353985629899004,4.893311073886435e-07,24.67605855908406
9489,8802.714285714286,3094.4285714285716,7,21.35191736035847,21.35191736035847,21.35191736035847,4.892837125536845e-07,24.676163724645065
3210,9348.75,3168.625,8,21.345323487199547,21.345323487199547,21.345323487199547,4.891326125524595e-07,24.676499072163217
9413,9127.857142857143,3031.5714285714284,7,21.34285365297685,21.34285365297685,21.34285365297685,4.890760157776837e-07,24.676624708281597
616,9323.142857142857,2716.4285714285716,7,21.334809499205935,21.334809499205935,21.334809499205935,4.888916822888003e-07,24.67703400103308
8049,8163.714285714285,3751.0,7,21.32780646902832,21.32780646902832,21.32780646902832,4.887312063677578e-07,24.67739044628626
4944,8885.5,3346.5,6,21.32428866693465,21.32428866693465,21.32428866693465,4.886505951870673e-07,24.6775695420653
7951,8493.714285714286,3733.142857142857,7,21.323313770785543,21.323313770785543,21.323313770785543,4.886282552351493e-07,24.67761918049675
6171,8671.285714285714,3475.285714285714,7,21.316912591921295,21.316912591921295,21.316912591921295,4.884815708645347e-07,24.67794516336744
66,8474.0,2380.5,6,21.315076135964706,21.315076135964706,21.315076135964706,4.884394880869922e-07,24.678038703771314
2974,8026.428571428572,3144.4285714285716,7,21.314607449865616,21.314607449865616,21.314607449865616,4.884287480456781e-07,24.678062577721278
1412,9056.0,2923.1666666666665,6,21.310542848930666,21.310542848930666,21.310542848930666,4.88335606853628e-07,24.678269642535145
1174,9467.285714285714,2873.4285714285716,7,21.31040374710812,21.31040374710812,21.31040374710812,4.883324193058771e-07,24.678276729561453
8648,8715.0,3895.5714285714284,7,21.309479697153307,21.309479697153307,21.309479697153307,4.883112445052798e-07,24.67832380967571
3140,8936.5,3162.5,6,21.308199536933458,21.308199536933458,21.308199536933458,4.882819093624699e-07,24.678389036892394
1139,9034.714285714286,2865.5714285714284,7,21.29779711333672,21.29779711333672,21.29779711333672,4.880435356206149e-07,24.67891921053125
4272,9051.142857142857,3277.5714285714284,7,21.296196737372924,21.296196737372924,21.296196737372924,4.880068626661522e-07,24.679000798847767
6933,8785.125,3568.875,8,21.29502624536582,21.29502624536582,21.29502624536582,4.87980040593685e-07,24.67906047525341
497,9467.125,2663.625,8,21.285983970026173,21.285983970026173,21.285983970026173,4.877728349374694e-07,24.679521597514604
2302,8428.125,3061.125,8,21.28119256167827,21.28119256167827,21.28119256167827,4.876630387994807e-07,24.679766020845484
7155,8814.333333333334,3600.333333333333,6,21.276761284069487,21.276761284069487,21.276761284069487,4.875614951337204e-07,24.679992121873184
9380,8746.0,2987.285714285714,7,21.275839333962708,21.275839333962708,21.275839333962708,4.875403684515859e-07,24.68003916927313
9122,8787.0,4084.4285714285716,7,21.274438799387,21.274438799387,21.274438799387,4.875082749048942e-07,24.680110642887975
6095,8977.4,3465.8,5,21.272723607015763,21.272723607015763,21.272723607015763,4.874689709081159e-07,24.68019818087412
6366,8604.0,3498.5,6,21.27116944224948,21.27116944224948,21.27116944224948,4.874333568930401e-07,24.68027750661677
10514,8788.5,3479.0,6,21.262183523317205,21.262183523317205,21.262183523317205,4.872274426558461e-07,24.68073626836409
3431,9360.0,3193.0,8,21.257486914283255,21.257486914283255,21.257486914283255,4.871198188642323e-07,24.68097612339758
827,8679.125,2786.75,8,21.25613723963223,21.25613723963223,21.25613723963223,4.870888907834963e-07,24.681045060857652
9056,8865.714285714286,4052.4285714285716,7,21.255025396625534,21.255025396625534,21.255025396625534,4.870634126653061e-07,24.681101853856564
2836,8207.0,3128.875,8,21.25484620657905,21.25484620657905,21.25484620657905,4.870593064874057e-07,24.681111007171484
975,8505.875,2830.375,8,21.254583881793756,21.254583881793756,21.254583881793756,4.870532952593423e-07,24.681124407281352
9356,9253.0,2816.0,7,21.25201754819925,21.25201754819925,21.25201754819925,4.869944871810054e-07,24.681255509802217
5576,8485.2,3412.4,5,21.250742187890836,21.250742187890836,21.250742187890836,4.869652620291835e-07,24.68132066815287
5479,9292.25,3402.625,8,21.250681795743322,21.250681795743322,21.250681795743322,4.869638781303211e-07,24.681323753693775
759,8562.125,2764.75,8,21.250661810294925,21.250661810294925,21.250661810294925,4.869634201595346e-07,24.68132477478737
6098,7833.625,3468.375,8,21.250041621545854,21.250041621545854,21.250041621545854,4.869492084028801e-07,24.6813564618572
9424,8779.125,3043.125,8,21.2489375488095,21.2489375488095,21.2489375488095,4.869239083420822e-07,24.68141287411774
8359,9001.0,3817.285714285714,7,21.247577905834017,21.247577905834017,21.247577905834017,4.868927518350778e-07,24.681482348689418
993,9361.285714285714,2834.285714285714,7,21.234156606501426,21.234156606501426,21.234156606501426,4.865851999157858e-07,24.682168384288126
362,9159.5,2606.0,6,21.232223752562376,21.232223752562376,21.232223752562376,4.865409081580404e-07,24.68226721868295
5765,9252.5,3431.0,6,21.229608325981758,21.229608325981758,21.229608325981758,4.8648097510352e-07,24.682400970016513
8309,8503.0,3804.142857142857,7,21.22680616137816,21.22680616137816,21.22680616137816,4.864167629076176e-07,24.682544289305387
9395,8840.714285714286,3008.0,7,21.225668161899293,21.225668161899293,21.225668161899293,4.863906854083229e-07,24.68260249873865
4681,8762.4,3320.2,5,21.218809956953493,21.218809956953493,21.218809956953493,4.862335281881678e-07,24.682953366592567
5582,8922.42857142857,3412.4285714285716,7,21.217387262794844,21.217387262794844,21.217387262794844,4.862009268499356e-07,24.68302616626163
6447,8650.0,3506.833333333333,6,21.215338448105,21.215338448105,21.215338448105,4.861539778270041e-07,24.683131013275347
1735,9154.666666666666,2975.666666666667,6,21.21277810948919,21.21277810948919,21.21277810948919,4.860953071248749e-07,24.683262051490594
625,8956.5,2720.0,6,21.18587101950186,21.18587101950186,21.18587101950186,4.854787254539727e-07,24.684640114532037
2147,8493.875,3038.125,8,21.185596659684677,21.185596659684677,21.185596659684677,4.854724384406023e-07,24.684654175049783
5961,9100.57142857143,3452.4285714285716,7,21.179049796575207,21.179049796575207,21.179049796575207,4.853224156846258e-07,24.6849897457181
7415,9745.875,3640.125,8,21.17742047841056,21.17742047841056,21.17742047841056,4.852850795134954e-07,24.685073275328087
8371,8880.714285714286,3819.857142857143,7,21.17507007360294,21.17507007360294,21.17507007360294,4.852312194890832e-07,24.685193783924625
8691,8508.42857142857,3908.0,7,21.173765991448093,21.173765991448093,21.173765991448093,4.852013361700618e-07,24.685260651840792
10516,8257.5,3472.75,8,21.171823002510397,21.171823002510397,21.171823002510397,4.85156812166674e-07,24.685360287882546
7982,8404.5,3737.166666666667,6,21.168154888951577,21.168154888951577,21.168154888951577,4.850727565668964e-07,24.685548412860513
4979,9111.333333333334,3349.666666666667,6,21.16593503138347,21.16593503138347,21.16593503138347,4.850218880601514e-07,24.685662277584562
8934,8385.285714285714,3991.0,7,21.16489155853018,21.16489155853018,21.16489155853018,4.849979766585198e-07,24.68571580530169
2489,8742.375,3086.125,8,21.16419474735534,21.16419474735534,21.16419474735534,4.849820090827364e-07,24.685751551554986
9220,8392.125,4165.25,8,21.15400251207615,21.15400251207615,21.15400251207615,4.847484518507343e-07,24.686274545433772
8213,8778.0,3783.0,7,21.14985703274008,21.14985703274008,21.14985703274008,4.846534573129775e-07,24.686487334387976
6357,9095.5,3496.75,8,21.149275570029744,21.149275570029744,21.149275570029744,4.8464013297171e-07,24.686517184414566
2436,9522.142857142857,3079.285714285714,7,21.143461358381828,21.143461358381828,21.143461358381828,4.845068990792847e-07,24.68681570849158
7757,8864.285714285714,3695.0,7,21.13683897696813,21.13683897696813,21.13683897696813,4.843551458053583e-07,24.687155827140895
10602,8894.0,3524.5,6,21.132963059946974,21.132963059946974,21.132963059946974,4.842663283451904e-07,24.6873549396631
4719,9203.0,3325.0,7,21.131152128414442,21.131152128414442,21.131152128414442,4.842248304652359e-07,24.687447982847452
5100,9186.857142857143,3363.5714285714284,7,21.12844123259672,21.12844123259672,21.12844123259672,4.841627097129094e-07,24.68758727986886
3585,8671.5,3209.0,6,21.111277570265656,21.111277570265656,21.111277570265656,4.837694007521903e-07,24.688469634730726
668,8262.75,2738.0,8,21.103879363444044,21.103879363444044,21.103879363444044,4.835998692745799e-07,24.688850185303654
987,9127.714285714286,2832.4285714285716,7,21.094693258490263,21.094693258490263,21.094693258490263,4.833893677322669e-07,24.68932288787471
772,9241.166666666666,2768.1666666666665,6,21.083882735226457,21.083882735226457,21.083882735226457,4.831416423000309e-07,24.689879444205992
3856,9421.42857142857,3236.285714285714,7,21.07914702548961,21.07914702548961,21.07914702548961,4.830331225075217e-07,24.690123341837037
10746,8858.666666666666,3725.166666666667,6,21.078093548209765,21.078093548209765,21.078093548209765,4.830089818523348e-07,24.690177605275927
6926,8841.0,3566.5,6,21.07592505395185,21.07592505395185,21.07592505395185,4.82959290346731e-07,24.690289310532307
2822,9083.42857142857,3125.142857142857,7,21.075642907165594,21.075642907165594,21.075642907165594,4.829528248933137e-07,24.69030384555417
4641,8405.857142857143,3317.4285714285716,7,21.064559694935923,21.064559694935923,21.064559694935923,4.826988507356194e-07,24.690874960276794
553,8817.57142857143,2691.857142857143,7,21.059279845789376,21.059279845789376,21.059279845789376,4.825778618731887e-07,24.691147135057943
6589,7989.714285714285,3523.857142857143,7,21.055677121938228,21.055677121938228,21.055677121938228,4.824953046924238e-07,24.691332893658316
3037,9560.285714285714,3150.0,7,21.03874544773866,21.03874544773866,21.03874544773866,4.821073117889155e-07,24.692206326838047
9207,8546.142857142857,4153.571428571428,7,21.03280337499845,21.03280337499845,21.03280337499845,4.81971147932456e-07,24.69251301978037
312,9195.0,2580.0,7,21.03036378640362,21.03036378640362,21.03036378640362,4.819152442426543e-07,24.692638961303267
1520,8904.0,2940.0,7,21.02656055095617,21.02656055095617,21.02656055095617,4.818280922961552e-07,24.692835328988103
9801,8856.8,3244.6,5,21.025996378879398,21.025996378879398,21.025996378879398,4.818151641734211e-07,24.692864461202376
4536,8457.0,3306.5,6,21.024325484059652,21.024325484059652,21.024325484059652,4.817768752644255e-07,24.692950745964094
10292,9036.285714285714,3393.714285714286,7,21.019100687502984,21.019100687502984,21.019100687502984,4.816571479437621e-07,24.693220597940005
2168,8369.57142857143,3041.857142857143,7,21.018710443644366,21.018710443644366,21.018710443644366,4.816482054230168e-07,24.69324075607263
2759,8086.428571428572,3118.142857142857,7,21.01842653683231,21.01842653683231,21.01842653683231,4.816416996382352e-07,24.693255421576836
435,9123.857142857143,2632.714285714286,7,21.01224113578372,21.01224113578372,21.01224113578372,4.814999598620076e-07,24.693574984138166
5866,8884.5,3441.666666666667,6,21.008387158744398,21.008387158744398,21.008387158744398,4.814116451611743e-07,24.693774143578917
1336,9300.285714285714,2906.714285714286,7,20.996588041538413,20.996588041538413,20.996588041538413,4.811412658891882e-07,24.6943841060422
3764,8389.57142857143,3226.5714285714284,7,20.996245221366618,20.996245221366618,20.996245221366618,4.811334100922795e-07,24.694401833461065
415,8787.714285714286,2626.285714285714,7,20.994850521577014,20.994850521577014,20.994850521577014,4.811014502509482e-07,24.694473957135386
5708,8754.5,3426.0,6,20.986943863680096,20.986943863680096,20.986943863680096,4.809202675091643e-07,24.694882922257747
2265,8902.166666666666,3054.833333333333,6,20.98175774294804,20.98175774294804,20.98175774294804,4.808014264532203e-07,24.695151253602493
8579,8217.714285714286,3872.142857142857,7,20.97379733833175,20.97379733833175,20.97379733833175,4.806190120939685e-07,24.695563256236394
2724,9407.0,3113.125,8,20.969961310899123,20.969961310899123,20.969961310899123,4.805311087121777e-07,24.69576185140344
1673,8822.666666666666,2967.166666666667,6,20.96165624045979,20.96165624045979,20.96165624045979,4.803407962625275e-07,24.69619193811621
2996,8857.0,3146.0,7,20.959483161711788,20.959483161711788,20.959483161711788,4.802909997023616e-07,24.696304501386592
3935,8706.6,3243.8,5,20.956799999391265,20.956799999391265,20.956799999391265,4.802295144690023e-07,24.69644350256985
6689,8323.142857142857,3537.857142857143,7,20.94462225296303,20.94462225296303,20.94462225296303,4.799504588281255e-07,24.697074594301398
4095,9153.714285714286,3260.142857142857,7,20.936261755893675,20.936261755893675,20.936261755893675,4.797588762654989e-07,24.69750807581419
5930,8463.714285714286,3449.0,7,20.936184592323116,20.936184592323116,20.936184592323116,4.797571080459222e-07,24.69751207745677
4780,9368.333333333334,3331.833333333333,6,20.930102780240535,20.930102780240535,20.930102780240535,4.796177420328097e-07,24.697827521888534
1101,8997.0,2858.0,7,20.920740696290903,20.920740696290903,20.920740696290903,4.794032078945024e-07,24.698313282882637
8474,8537.375,3844.0,8,20.91112969364549,20.91112969364549,20.91112969364549,4.791829697315147e-07,24.698812185447714
9792,9140.714285714286,3238.5714285714284,7,20.907634827594542,20.907634827594542,20.907634827594542,4.791028841351054e-07,24.69899365913086
2894,8689.333333333334,3134.166666666667,6,20.906673920298275,20.906673920298275,20.906673920298275,4.790808647407155e-07,24.69904356031887
2633,9061.714285714286,3103.4285714285716,7,20.906448319918624,20.906448319918624,20.906448319918624,4.790756950601924e-07,24.6990552763777
8106,8647.0,3761.714285714286,7,20.905814440790405,20.905814440790405,20.905814440790405,4.790611695855978e-07,24.69908819617077
1307,8576.833333333334,2901.3333333333335,6,20.901838865877547,20.901838865877547,20.901838865877547,4.789700684437157e-07,24.69929468590599
6419,7995.875,3505.5,8,20.900153722733137,20.900153722733137,20.900153722733137,4.7893145303134e-07,24.69938222340407
2682,8582.25,3110.375,8,20.896037590713377,20.896037590713377,20.896037590713377,4.788371309935578e-07,24.699596072246823
3706,8209.714285714286,3221.4285714285716,7,20.893030936781347,20.893030936781347,20.893030936781347,4.787682328813461e-07,24.69975230607303
10065,8625.142857142857,3314.857142857143,7,20.879221669100176,20.879221669100176,20.879221669100176,4.784517905851037e-07,24.70047016165866
6066,8308.714285714286,3463.857142857143,7,20.878488961237235,20.878488961237235,20.878488961237235,4.784350004291028e-07,24.700508263721368
3881,8752.285714285714,3239.285714285714,7,20.87639845880966,20.87639845880966,20.87639845880966,4.783870961228243e-07,24.70061698077529
217,8667.57142857143,2512.285714285714,7,20.87402971048556,20.87402971048556,20.87402971048556,4.783328157528433e-07,24.700740181227644
3521,9376.0,3201.5714285714284,7,20.87112992964159,20.87112992964159,20.87112992964159,4.782663666600999e-07,24.70089102013114
3934,8634.833333333334,3244.166666666667,6,20.870935210396823,20.870935210396823,20.870935210396823,4.782619046273289e-07,24.70090114966034
516,9020.42857142857,2673.285714285714,7,20.86924008001145,20.86924008001145,20.86924008001145,4.782230603552094e-07,24.70098933637347
1008,8918.285714285714,2839.4285714285716,7,20.86603687192666,20.86603687192666,20.86603687192666,4.781496581629211e-07,24.70115599821208
5407,9458.833333333334,3395.666666666667,6,20.863829945059535,20.863829945059535,20.863829945059535,4.780990859659303e-07,24.70127083876087
9760,8680.333333333334,3235.833333333333,6,20.86120211500956,20.86120211500956,20.86120211500956,4.780388686832802e-07,24.701407597444476
4983,8448.142857142857,3351.142857142857,7,20.85881435864642,20.85881435864642,20.85881435864642,4.779841527400552e-07,24.701531877047103
7778,8522.285714285714,3699.142857142857,7,20.858074879109857,20.858074879109857,20.858074879109857,4.77967207409718e-07,24.701570368877164
2890,9422.5,3132.5,6,20.857811728133367,20.857811728133367,20.857811728133367,4.779611772493082e-07,24.70158406689802
250,9082.142857142857,2540.285714285714,7,20.850855784696755,20.850855784696755,20.850855784696755,4.778017803309172e-07,24.701946213192684
3691,9530.5,3219.0,6,20.84183456207073,20.84183456207073,20.84183456207073,4.775950571020971e-07,24.702416063810986
3321,9434.625,3182.25,8,20.84122607923291,20.84122607923291,20.84122607923291,4.775811135888805e-07,24.70244776262757
1299,8856.166666666666,2899.8333333333335,6,20.831947054423257,20.831947054423257,20.831947054423257,4.773684827683728e-07,24.70293126664657
6652,8219.25,3532.0,8,20.831146596074696,20.831146596074696,20.831146596074696,4.77350140095632e-07,24.702972986381397
3995,8683.0,3251.8,5,20.829379222945292,20.829379222945292,20.829379222945292,4.773096403657189e-07,24.703065107205955
646,8907.285714285714,2728.4285714285716,7,20.826527856634694,20.826527856634694,20.826527856634694,4.772443007022707e-07,24.703213745507618
7845,8420.857142857143,3711.285714285714,7,20.819759731814827,20.819759731814827,20.819759731814827,4.770892076872968e-07,24.70356664122272
1123,8733.5,2863.8333333333335,6,20.81896389568317,20.81896389568317,20.81896389568317,4.770709709336362e-07,24.703608144324928
3911,7871.833333333333,3242.166666666667,6,20.81771420554454,20.81771420554454,20.81771420554454,4.770423340191966e-07,24.703673319256772
92,8702.0,2406.0,7,20.80814017948409,20.80814017948409,20.80814017948409,4.7682294318249175e-07,24.704172762069703
3897,9236.166666666666,3240.166666666667,6,20.807897541803563,20.807897541803563,20.807897541803563,4.7681738308860736e-07,24.704185422598137
7026,9010.0,3581.714285714286,7,20.80604226412835,20.80604226412835,20.80604226412835,4.767748690073928e-07,24.704282233529888
3448,9021.833333333334,3195.0,6,20.803197047150782,20.803197047150782,20.803197047150782,4.767096702572145e-07,24.70443071762327
3122,8988.8,3159.4,5,20.799826781817274,20.799826781817274,20.799826781817274,4.766324399126586e-07,24.704606628831804
690,8741.285714285714,2743.285714285714,7,20.798433384957082,20.798433384957082,20.798433384957082,4.76600509928231e-07,24.70467936559595
9919,8709.6,3284.2,5,20.79764830785416,20.79764830785416,20.79764830785416,4.7658251971999466e-07,24.70472034958288
6550,9171.0,3517.5,6,20.79253007377497,20.79253007377497,20.79253007377497,4.7646523430109194e-07,24.704987578639766
7941,8769.857142857143,3731.285714285714,7,20.79065170581862,20.79065170581862,20.79065170581862,4.7642219110119035e-07,24.705085666953845
7078,9081.142857142857,3589.714285714286,7,20.78799747941255,20.78799747941255,20.78799747941255,4.7636136894044464e-07,24.70522428568077
4435,9049.5,3296.5,6,20.785096000384215,20.785096000384215,20.785096000384215,4.7629488093344646e-07,24.705375837589457
6064,9315.2,3462.4,5,20.78030729013025,20.78030729013025,20.78030729013025,4.7618514662285223e-07,24.705626010844533
10799,8719.285714285714,3930.857142857143,7,20.772128196686687,20.772128196686687,20.772128196686687,4.7599772096276514e-07,24.706053438882595
2861,8570.5,3129.5,6,20.76744266273196,20.76744266273196,20.76744266273196,4.7589035095893956e-07,24.70629837419462
10033,8505.0,3307.142857142857,7,20.765824013523876,20.765824013523876,20.765824013523876,4.758532592692104e-07,24.70638300158801
2218,9038.166666666666,3048.333333333333,6,20.765097805992163,20.765097805992163,20.765097805992163,4.7583661806967764e-07,24.706420971841254
5363,8677.833333333334,3392.0,6,20.763330048343022,20.763330048343022,20.763330048343022,4.7579610952841317e-07,24.706513405799445
6679,9035.625,3537.125,8,20.751189597591427,20.751189597591427,20.751189597591427,4.755179085258726e-07,24.707148428312596
9066,8990.0,4058.285714285714,7,20.74534970243753,20.74534970243753,20.74534970243753,4.7538408609046324e-07,24.70745402418875
1007,8714.166666666666,2839.1666666666665,6,20.73843640371498,20.73843640371498,20.73843640371498,4.75225666384735e-07,24.707815901417973
9408,9169.666666666666,3027.666666666667,6,20.737362462973014,20.737362462973014,20.737362462973014,4.7520105680497574e-07,24.707872127765743
8808,7811.0,3945.0,7,20.73475623736909,20.73475623736909,20.73475623736909,4.751413345927866e-07,24.708008589253044
2999,8995.6,3146.2,5,20.731678456998047,20.731678456998047,20.731678456998047,4.7507080660314743e-07,24.708169763350114
7498,9405.125,3653.875,8,20.7314835401384,20.7314835401384,20.7314835401384,4.7506634004198953e-07,24.708179971365194
1866,8777.666666666666,2997.666666666667,6,20.727771251560156,20.727771251560156,20.727771251560156,4.749812721622775e-07,24.708374406414396
7632,9366.714285714286,3672.0,7,20.724947785447604,20.724947785447604,20.724947785447604,4.7491657183778183e-07,24.708522311760884
7015,8539.0,3580.833333333333,6,20.724914284867943,20.724914284867943,20.724914284867943,4.7491580416489735e-07,24.708524066786858
5651,9074.285714285714,3419.0,7,20.71605434904398,20.71605434904398,20.71605434904398,4.747127768573364e-07,24.708988320087855
4385,9037.0,3291.666666666667,6,20.7082063867405,20.7082063867405,20.7082063867405,4.745329391375185e-07,24.709399712675534
9570,8980.0,3149.5,6,20.707655588197106,20.707655588197106,20.707655588197106,4.745203174721368e-07,24.709428591558726
3208,8955.2,3168.6,5,20.702668192256397,20.702668192256397,20.702668192256397,4.744060302369128e-07,24.709690120369526
592,9625.285714285714,2707.5714285714284,7,20.694259296341777,20.694259296341777,20.694259296341777,4.742133386044873e-07,24.71013120831571
6991,9174.42857142857,3576.857142857143,7,20.682802346641996,20.682802346641996,20.682802346641996,4.7395080017343955e-07,24.710732470218275
2665,8402.142857142857,3108.285714285714,7,20.672616394175837,20.672616394175837,20.672616394175837,4.737173869134299e-07,24.711267309807997
67,8896.42857142857,2385.714285714286,7,20.662714334080924,20.662714334080924,20.662714334080924,4.734904791072877e-07,24.71178749557465
10807,8881.0,4057.5,6,20.658133613582734,20.658133613582734,20.658133613582734,4.7338551092603735e-07,24.71202821929433
3852,8733.833333333334,3236.5,6,20.65116553656179,20.65116553656179,20.65116553656179,4.7322583596398934e-07,24.712394504548577
7072,8473.5,3588.5,6,20.642676018824346,20.642676018824346,20.642676018824346,4.7303129686540333e-07,24.71284093319513
9355,8837.42857142857,2801.714285714286,7,20.640257432510115,20.640257432510115,20.640257432510115,4.729758744473138e-07,24.712968150255993
6004,8677.0,3456.5,6,20.639166683427405,20.639166683427405,20.639166683427405,4.7295087970086335e-07,24.713025528273977
3412,8791.142857142857,3192.5714285714284,7,20.636366012959257,20.636366012959257,20.636366012959257,4.728867017433916e-07,24.71317286928357
1291,8705.57142857143,2898.4285714285716,7,20.624325080850628,20.624325080850628,20.624325080850628,4.726107812316508e-07,24.713806560865265
4838,8207.142857142857,3339.285714285714,7,20.623206721631167,20.623206721631167,20.623206721631167,4.725851537930638e-07,24.713865436780583
3913,8364.666666666666,3242.333333333333,6,20.622720056135606,20.622720056135606,20.622720056135606,4.725740017500683e-07,24.71389105823654
7759,9243.5,3695.0,6,20.617667973771177,20.617667973771177,20.617667973771177,4.724582322117324e-07,24.714157070707422
1411,9005.833333333334,2923.1666666666665,6,20.61666673513092,20.61666673513092,20.61666673513092,4.7243528861604544e-07,24.714209797690856
766,9496.571428571428,2765.5714285714284,7,20.614196814888313,20.614196814888313,20.614196814888313,4.723786898701053e-07,24.714339878974755
2728,8610.4,3114.2,5,20.609725855544916,20.609725855544916,20.609725855544916,4.7227623688898447e-07,24.714575387006683
6437,9010.5,3506.0,6,20.60934731211122,20.60934731211122,20.60934731211122,4.7226756248595654e-07,24.71459532914897
2000,8664.333333333334,3015.333333333333,6,20.606140282561633,20.606140282561633,20.606140282561633,4.721940727239924e-07,24.714764294181386
8368,8711.0,3819.0,7,20.60380607150126,20.60380607150126,20.60380607150126,4.7214058378273117e-07,24.714887290578357
2334,8940.0,3065.0,7,20.603636399415073,20.603636399415073,20.603636399415073,4.7213669571090863e-07,24.714896231639287
4136,8766.6,3265.2,5,20.59764987498059,20.59764987498059,20.59764987498059,4.719995132344517e-07,24.71521174539882
8627,8679.42857142857,3888.142857142857,7,20.597602494898105,20.597602494898105,20.597602494898105,4.719984275098178e-07,24.715214242884226
2252,8939.42857142857,3052.4285714285716,7,20.596353685291625,20.596353685291625,20.596353685291625,4.71969810772959e-07,24.71528007185181
4714,9706.625,3324.75,8,20.59393506641537,20.59393506641537,20.59393506641537,4.7191438760870384e-07,24.715407576764356
6096,9254.375,3467.625,8,20.585474409990162,20.585474409990162,20.585474409990162,4.7172050987320583e-07,24.715853724061894
1243,9264.75,2887.5,8,20.580998896345715,20.580998896345715,20.580998896345715,4.7161795252931107e-07,24.716089800987003
711,8790.42857142857,2749.714285714286,7,20.58066137014896,20.58066137014896,20.58066137014896,4.716102180449626e-07,24.716107607091494
8012,8267.285714285714,3744.142857142857,7,20.577182815847404,20.577182815847404,20.577182815847404,4.715305062357485e-07,24.716291134311113
4173,9257.833333333334,3267.833333333333,6,20.572235894640585,20.572235894640585,20.572235894640585,4.7141714648763157e-07,24.716552185458394
10197,8889.8,3355.6,5,20.570966083270008,20.570966083270008,20.570966083270008,4.7138804849089657e-07,24.71661920407204
7760,8415.285714285714,3695.857142857143,7,20.570952645932525,20.570952645932525,20.570952645932525,4.7138774057145967e-07,24.71661991329534
7618,9253.42857142857,3669.857142857143,7,20.56743387518897,20.56743387518897,20.56743387518897,4.713071071939519e-07,24.71680565012777
8492,8930.833333333334,3846.833333333333,6,20.56623133685644,20.56623133685644,20.56623133685644,4.7127955077314444e-07,24.716869132892988
2296,9234.5,3058.333333333333,6,20.56599212485538,20.56599212485538,20.56599212485538,4.712740691794313e-07,24.716881761489663
7945,8814.285714285714,3732.142857142857,7,20.562916398546825,20.562916398546825,20.562916398546825,4.712035882590694e-07,24.71704414982114
494,9132.833333333334,2662.1666666666665,6,20.5510193543952,20.5510193543952,20.5510193543952,4.709309649703652e-07,24.71767250376921
2816,8703.125,3126.375,8,20.55073265905837,20.55073265905837,20.55073265905837,4.7092439528594715e-07,24.717687650350157
4309,8091.0,3283.166666666667,6,20.53852218434654,20.53852218434654,20.53852218434654,4.7064458966951396e-07,24.718332945813057
6595,8853.833333333334,3524.5,6,20.5384500614266,20.5384500614266,20.5384500614266,4.7064293695751473e-07,24.718336758482838
1387,8971.166666666666,2917.8333333333335,6,20.538077947914598,20.538077947914598,20.538077947914598,4.7063440989750545e-07,24.7183564299172
2338,8199.42857142857,3065.5714285714284,7,20.5320274837731,20.5320274837731,20.5320274837731,4.704957622291082e-07,24.71867633209191
68,8271.714285714286,2386.0,7,20.528578600694726,20.528578600694726,20.528578600694726,4.7041673034226303e-07,24.718858724783594
8457,8826.714285714286,3838.4285714285716,7,20.527056852585158,20.527056852585158,20.527056852585158,4.7038185916174775e-07,24.71893921151822
9893,8864.8,3265.6,5,20.524529947134624,20.524529947134624,20.524529947134624,4.7032395458768807e-07,24.719072875181478
4932,9036.6,3345.8,5,20.52358704783461,20.52358704783461,20.52358704783461,4.7030234785034973e-07,24.719122755175135
138,9296.57142857143,2451.142857142857,7,20.520242420170113,20.520242420170113,20.520242420170113,4.7022570499841396e-07,24.719299706663428
10179,9429.0,3349.875,8,20.519355792281445,20.519355792281445,20.519355792281445,4.7020538773239516e-07,24.719346619598298
6465,9147.166666666666,3508.666666666667,6,20.5074739444767,20.5074739444767,20.5074739444767,4.6993311267120107e-07,24.719975503320704
7907,8717.857142857143,3723.857142857143,7,20.504747985094504,20.504747985094504,20.504747985094504,4.698706467341013e-07,24.720119834579002
9337,8547.285714285714,4350.428571428572,7,20.501663594515904,20.501663594515904,20.501663594515904,4.6979996727015467e-07,24.720283166818916
10294,9176.5,3388.5,6,20.4988002972796,20.4988002972796,20.4988002972796,4.697343542070148e-07,24.720434813175295
3233,8555.285714285714,3172.142857142857,7,20.49183422776281,20.49183422776281,20.49183422776281,4.6957472524734996e-07,24.720803839614614
7780,8937.8,3697.6,5,20.48775689471237,20.48775689471237,20.48775689471237,4.694812922961743e-07,24.721019893899445
7043,8634.166666666666,3584.833333333333,6,20.48771031243691,20.48771031243691,20.48771031243691,4.694802248534575e-07,24.721022362501582
3622,8276.285714285714,3213.0,7,20.485476873110795,20.485476873110795,20.485476873110795,4.6942904511784867e-07,24.721140728980075
1192,8781.375,2879.0,8,20.482965763537,20.482965763537,20.482965763537,4.6937150250965286e-07,24.721273826672167
7523,9270.0,3656.0,7,20.476276734873036,20.476276734873036,20.476276734873036,4.6921822199985857e-07,24.72162844849702
9817,8412.0,3250.0,7,20.476249926552992,20.476249926552992,20.476249926552992,4.692176076815218e-07,24.721629869985073
7493,9397.142857142857,3651.4285714285716,7,20.47558099043502,20.47558099043502,20.47558099043502,4.692022788685755e-07,24.72166534034846
8601,8409.57142857143,3879.0,7,20.474517995168917,20.474517995168917,20.474517995168917,4.6917792010671593e-07,24.721721708097242
5195,8631.857142857143,3373.142857142857,7,20.470127235510205,20.470127235510205,20.470127235510205,4.690773049183707e-07,24.721954569157308
5959,8930.0,3451.4285714285716,7,20.469714556345252,20.469714556345252,20.469714556345252,4.6906784828782485e-07,24.72197645789408
6227,8437.375,3484.0,8,20.461016993975704,20.461016993975704,20.461016993975704,4.688685418023923e-07,24.72243788421813
9506,9060.714285714286,3107.857142857143,7,20.450556178481634,20.450556178481634,20.450556178481634,4.686288299978318e-07,24.7229931151946
6029,8795.666666666666,3458.833333333333,6,20.449816377844613,20.449816377844613,20.449816377844613,4.686118773094094e-07,24.723032392506067
9871,9091.42857142857,3262.714285714286,7,20.44296607127457,20.44296607127457,20.44296607127457,4.684549010822091e-07,24.723396154787864
6778,8801.666666666666,3548.833333333333,6,20.44023008859311,20.44023008859311,20.44023008859311,4.6839220545908194e-07,24.723541473928062
10227,8485.857142857143,3364.857142857143,7,20.439994787518856,20.439994787518856,20.439994787518856,4.683868134850856e-07,24.723553972631098
424,8712.625,2629.375,8,20.438388857459646,20.438388857459646,20.438388857459646,4.683500132573491e-07,24.723639280133646
6857,9666.571428571428,3557.714285714286,7,20.436277469292705,20.436277469292705,20.436277469292705,4.6830163034992547e-07,24.723751447927693
4006,7817.714285714285,3253.142857142857,7,20.424325148888435,20.424325148888435,20.424325148888435,4.680277403941743e-07,24.724386635200148
2998,8986.0,3146.5,6,20.424287907821828,20.424287907821828,20.424287907821828,4.680268870072385e-07,24.72438861489891
1610,8402.0,2956.0,7,20.422685175659726,20.422685175659726,20.422685175659726,4.6799016005999216e-07,24.724473817997424
4632,8908.666666666666,3316.333333333333,6,20.421439123621838,20.421439123621838,20.421439123621838,4.6796160651340225e-07,24.7245400641875
3102,8414.0,3157.5,6,20.415997924203925,20.415997924203925,20.415997924203925,4.678369202752996e-07,24.72482939219961
7207,8728.857142857143,3608.857142857143,7,20.398352146126044,20.398352146126044,20.398352146126044,4.67432563530042e-07,24.72576821206473
9665,9098.57142857143,3192.142857142857,7,20.397204129801267,20.397204129801267,20.397204129801267,4.674062564925999e-07,24.725829318861724
9454,8843.0,3074.714285714286,7,20.393413412880307,20.393413412880307,20.393413412880307,4.67319391410789e-07,24.726031116179968
7652,9112.25,3675.25,8,20.392848548140293,20.392848548140293,20.392848548140293,4.673064474155299e-07,24.726061189742467
8814,8683.666666666666,3946.166666666667,6,20.391325912644927,20.391325912644927,20.391325912644927,4.6727155590038094e-07,24.72614225944691
8204,8646.0,3782.0,7,20.38121331703938,20.38121331703938,20.38121331703938,4.670398236283826e-07,24.7266808381867
8286,8834.0,3799.285714285714,7,20.378749587268082,20.378749587268082,20.378749587268082,4.669833667384048e-07,24.72681209250707
9491,8801.666666666666,3101.166666666667,6,20.37625177906922,20.37625177906922,20.37625177906922,4.669261289340353e-07,24.726945178543463
9346,8618.857142857143,2701.714285714286,7,20.37595180317605,20.37595180317605,20.37595180317605,4.6691925492285356e-07,24.72696116269446
6178,9446.0,3475.5,6,20.369615844899425,20.369615844899425,20.369615844899425,4.6677406509582994e-07,24.727298827856355
6260,8159.142857142857,3486.285714285714,7,20.36593582846825,20.36593582846825,20.36593582846825,4.6668973673920904e-07,24.727494996898884
8235,8559.57142857143,3787.4285714285716,7,20.36334987114434,20.36334987114434,20.36334987114434,4.6663047897895296e-07,24.72763286661332
3237,8333.714285714286,3173.0,7,20.359961762055416,20.359961762055416,20.359961762055416,4.6655283974095915e-07,24.72781352936222
789,9406.285714285714,2774.4285714285716,7,20.35768905566657,20.35768905566657,20.35768905566657,4.6650076019228384e-07,24.727934732799163
6638,9066.57142857143,3529.285714285714,7,20.352804801841465,20.352804801841465,20.352804801841465,4.6638883648050336e-07,24.728195255860133
3077,8483.142857142857,3155.714285714286,7,20.343619166406818,20.343619166406818,20.343619166406818,4.661783456973209e-07,24.728685381338096
7588,8690.666666666666,3667.5,6,20.34282237324372,20.34282237324372,20.34282237324372,4.6616008701308204e-07,24.728727906914294
8311,8298.625,3805.75,8,20.34100972696564,20.34100972696564,20.34100972696564,4.6611854983936986e-07,24.72882465570074
4902,8515.5,3344.0,6,20.338892895744294,20.338892895744294,20.338892895744294,4.660700422032007e-07,24.728937651069476
2341,9099.714285714286,3065.5714285714284,7,20.33664806698816,20.33664806698816,20.33664806698816,4.6601860147638863e-07,24.729057491730412
1245,9295.2,2886.4,5,20.330604847159684,20.330604847159684,20.330604847159684,4.658801198129599e-07,24.72938017605941
1363,8349.714285714286,2913.857142857143,7,20.329517964295825,20.329517964295825,20.329517964295825,4.6585521366173397e-07,24.729438221534647
1364,8424.42857142857,2912.714285714286,7,20.32727870107594,20.32727870107594,20.32727870107594,4.658039004703648e-07,24.729557820192273
2698,8568.166666666666,3110.666666666667,6,20.324267775488828,20.324267775488828,20.324267775488828,4.6573490447227146e-07,24.729718653971506
1898,9372.714285714286,3000.5714285714284,7,20.32275481709075,20.32275481709075,20.32275481709075,4.6570023470985823e-07,24.729799480246353
8881,8894.166666666666,3968.8333333333335,6,20.320143245180525,20.320143245180525,20.320143245180525,4.656403899859269e-07,24.72993901154522
8502,8533.625,3848.75,8,20.31951656399574,20.31951656399574,20.31951656399574,4.6562602945373185e-07,24.729972496591817
2668,8811.0,3107.5,6,20.316832382826817,20.316832382826817,20.316832382826817,4.6556452087324547e-07,24.73011593037733
8772,8954.0,3933.833333333333,6,20.30895762915287,20.30895762915287,20.30895762915287,4.6538406922349403e-07,24.73053684060563
5801,9168.714285714286,3434.5714285714284,7,20.30718234228017,20.30718234228017,20.30718234228017,4.653433881484757e-07,24.730631753279958
7988,8382.0,3737.714285714286,7,20.306562595478603,20.306562595478603,20.306562595478603,4.65329186519142e-07,24.730664888935948
1642,8752.833333333334,2960.833333333333,6,20.300288213321906,20.300288213321906,20.300288213321906,4.6518540772195965e-07,24.731000414778926
1233,9268.166666666666,2885.1666666666665,6,20.29633776181996,20.29633776181996,20.29633776181996,4.6509488228836444e-07,24.73121172042965
4101,8571.5,3261.0,6,20.296100467987117,20.296100467987117,20.296100467987117,4.6508944464988263e-07,24.73122441434589
1065,8595.875,2851.625,8,20.292485076329136,20.292485076329136,20.292485076329136,4.6500659718363886e-07,24.73141783629323
667,9403.0,2738.0,8,20.286443191086057,20.286443191086057,20.286443191086057,4.648681461025174e-07,24.731741151564574
6287,7996.666666666667,3489.0,6,20.2854871108645,20.2854871108645,20.2854871108645,4.648462373215678e-07,24.731792322455565
4713,9332.0,3324.0,7,20.282545609393534,20.282545609393534,20.282545609393534,4.6477883219181263e-07,24.731949771285827
4410,8609.6,3293.8,5,20.279434796893113,20.279434796893113,20.279434796893113,4.6470754726392645e-07,24.73211630762014
6147,8633.833333333334,3472.833333333333,6,20.277738806876755,20.277738806876755,20.277738806876755,4.6466868329318074e-07,24.732207112654173
274,9364.0,2558.0,7,20.258051002598286,20.258051002598286,20.258051002598286,4.6421753308466206e-07,24.73326177391419
9806,8645.5,3247.5,6,20.245388271345462,20.245388271345462,20.245388271345462,4.639273639137213e-07,24.733940648916743
7585,8578.166666666666,3667.0,6,20.243708621231583,20.243708621231583,20.243708621231583,4.638888743753047e-07,24.734030730300667
2977,9105.857142857143,3144.142857142857,7,20.241516010197557,20.241516010197557,20.241516010197557,4.6383863022866397e-07,24.73414833355996
4746,8612.2,3328.4,5,20.22777292444735,20.22777292444735,20.22777292444735,4.63523704505399e-07,24.734885750338485
2039,8694.333333333334,3021.5,6,20.226010257373062,20.226010257373062,20.226010257373062,4.6348331261573643e-07,24.734980366530603
1770,8788.333333333334,2981.166666666667,6,20.224661387801532,20.224661387801532,20.224661387801532,4.6345240298356753e-07,24.735052776528768
7902,8609.5,3722.0,6,20.21494447288813,20.21494447288813,20.21494447288813,4.632297378185073e-07,24.735574542569687
4684,9254.857142857143,3319.857142857143,7,20.21460486076937,20.21460486076937,20.21460486076937,4.632219555348139e-07,24.73559278314763
8825,8316.166666666666,3950.666666666667,6,20.214572247606377,20.214572247606377,20.214572247606377,4.632212081972705e-07,24.735594534817803
2721,8807.4,3112.8,5,20.202953803411873,20.202953803411873,20.202953803411873,4.629549690856421e-07,24.73621874748418
2026,9002.8,3018.6,5,20.20196575530297,20.20196575530297,20.20196575530297,4.629323277537773e-07,24.73627184792917
4763,9118.833333333334,3329.833333333333,6,20.20175942476574,20.20175942476574,20.20175942476574,4.6292759964577813e-07,24.73628293703214
8386,8856.0,3822.0,7,20.199849801893848,20.199849801893848,20.199849801893848,4.6288384023286135e-07,24.736385573869168
2680,9552.0,3109.714285714286,7,20.199344388592095,20.199344388592095,20.199344388592095,4.6287225857991274e-07,24.736412740030826
7412,8688.142857142857,3639.4285714285716,7,20.19170271853931,20.19170271853931,20.19170271853931,4.626971480907499e-07,24.736823565623837
5279,8575.0,3382.2,5,20.190508421485347,20.190508421485347,20.190508421485347,4.6266978052058777e-07,24.736887786552536
2182,8692.42857142857,3043.714285714286,7,20.181994134414893,20.181994134414893,20.181994134414893,4.6247467382748517e-07,24.737345735368287
4472,7796.142857142857,3300.285714285714,7,20.181929665350893,20.181929665350893,20.181929665350893,4.624731965052173e-07,24.73734920363352
4299,9130.57142857143,3281.857142857143,7,20.180772789484486,20.180772789484486,20.180772789484486,4.6244668644950065e-07,24.73741144238051
4928,8600.833333333334,3346.0,6,20.178420185552056,20.178420185552056,20.178420185552056,4.623927760316773e-07,24.737538021089325
5058,8682.6,3358.8,5,20.169438637629128,20.169438637629128,20.169438637629128,4.621869619570889e-07,24.73802139702055
4116,8833.6,3262.8,5,20.166899254888108,20.166899254888108,20.166899254888108,4.6212877146327277e-07,24.73815810252865
7239,8421.142857142857,3613.142857142857,7,20.165775129425693,20.165775129425693,20.165775129425693,4.6210301189000616e-07,24.73821862436273
6917,8941.2,3565.4,5,20.15758842234866,20.15758842234866,20.15758842234866,4.6191541176189414e-07,24.738659490580748
9102,9136.142857142857,4073.714285714286,7,20.15460534399348,20.15460534399348,20.15460534399348,4.618470538890237e-07,24.73882017824744
9429,8651.57142857143,3051.4285714285716,7,20.153828682667694,20.153828682667694,20.153828682667694,4.6182925653010435e-07,24.73886201809266
8415,8660.75,3831.0,8,20.149055377793463,20.149055377793463,20.149055377793463,4.617198752370524e-07,24.739119198195937
170,9590.0,2472.285714285714,7,20.148854824500525,20.148854824500525,20.148854824500525,4.6171527951583084e-07,24.739130005107263
4868,8259.142857142857,3341.4285714285716,7,20.14310182291807,20.14310182291807,20.14310182291807,4.61583448265031e-07,24.739440054192308
2485,9121.857142857143,3085.5714285714284,7,20.13757609942622,20.13757609942622,20.13757609942622,4.6145682513985644e-07,24.739737937862575
3703,9446.0,3220.166666666667,6,20.131662280238814,20.131662280238814,20.131662280238814,4.613213087195486e-07,24.74005683376946
4284,8391.0,3279.5,6,20.130167938771834,20.130167938771834,20.130167938771834,4.6128706556805795e-07,24.740137429242886
2348,8842.857142857143,3067.5714285714284,7,20.128032901031553,20.128032901031553,20.128032901031553,4.6123814072564793e-07,24.740252590264834
5292,8688.5,3382.5,4,20.124342005702687,20.124342005702687,20.124342005702687,4.6115356307678034e-07,24.740451700936298
7204,9128.333333333334,3607.666666666667,6,20.11888248255318,20.11888248255318,20.11888248255318,4.610284569464839e-07,24.740746289754952
5496,8688.4,3404.8,5,20.11505918828081,20.11505918828081,20.11505918828081,4.609408453477596e-07,24.74095263737356
2154,8910.142857142857,3039.0,7,20.109714041555073,20.109714041555073,20.109714041555073,4.608183601774597e-07,24.74124118688611
5515,8796.5,3406.5,4,20.10264197755103,20.10264197755103,20.10264197755103,4.6065630233165054e-07,24.741623079258055
6373,8652.142857142857,3500.285714285714,7,20.099236927706755,20.099236927706755,20.099236927706755,4.605782748926567e-07,24.741807000308732
4019,8208.833333333334,3254.166666666667,6,20.09618178207327,20.09618178207327,20.09618178207327,4.6050826558282674e-07,24.741972048084723
9572,8329.833333333334,3151.166666666667,6,20.09608148565218,20.09608148565218,20.09608148565218,4.605059672690764e-07,24.741977466811946
6940,8706.0,3568.833333333333,6,20.094462162854043,20.094462162854043,20.094462162854043,4.6046886014388833e-07,24.742064957909626
4527,8816.0,3305.0,5,20.093730130038296,20.093730130038296,20.093730130038296,4.60452085456737e-07,24.742104511543957
10638,8859.5,3569.5,6,20.092461503198578,20.092461503198578,20.092461503198578,4.6042301460377775e-07,24.74217306215971
1078,8835.142857142857,2855.285714285714,7,20.092003504773476,20.092003504773476,20.092003504773476,4.604125194727787e-07,24.74219781129955
5049,9144.0,3358.4285714285716,7,20.090915948170988,20.090915948170988,20.090915948170988,4.603875978826893e-07,24.742256582518486
3015,8627.42857142857,3148.0,7,20.07870017985649,20.07870017985649,20.07870017985649,4.6010767096222877e-07,24.742916937464102
4475,8743.4,3300.4,5,20.07834413728932,20.07834413728932,20.07834413728932,4.6009951217132716e-07,24.74293619029071
9676,8698.6,3198.2,5,20.077870031415245,20.077870031415245,20.077870031415245,4.6008864793472034e-07,24.74296182786253
2193,8960.0,3044.166666666667,6,20.07591568181079,20.07591568181079,20.07591568181079,4.600438635992456e-07,24.743067516932005
5619,8558.0,3416.5,6,20.074855548403598,20.074855548403598,20.074855548403598,4.6001957041748966e-07,24.74312485208085
6216,8295.857142857143,3482.857142857143,7,20.070449872127295,20.070449872127295,20.070449872127295,4.599186134116902e-07,24.74336315652062
2398,8460.833333333334,3075.166666666667,6,20.0680085441015,20.0680085441015,20.0680085441015,4.598626698624593e-07,24.743495231260564
1655,8668.5,2964.5,6,20.067379627882897,20.067379627882897,20.067379627882897,4.598482581139906e-07,24.743529257945713
8410,8700.42857142857,3828.5714285714284,7,20.063617713647105,20.063617713647105,20.063617713647105,4.59762053051816e-07,24.7437328136392
7459,8904.142857142857,3647.142857142857,7,20.062943830612603,20.062943830612603,20.062943830612603,4.597466108792287e-07,24.7437692812148
5972,8388.714285714286,3454.142857142857,7,20.062495676666884,20.062495676666884,20.062495676666884,4.597363413365616e-07,24.743793534006553
1241,9107.625,2889.375,8,20.06008616332265,20.06008616332265,20.06008616332265,4.5968112682750286e-07,24.74392393916778
3705,8124.0,3221.857142857143,7,20.05786025778903,20.05786025778903,20.05786025778903,4.596301197303461e-07,24.744044421218547
2679,8999.57142857143,3109.0,7,20.056163428476545,20.056163428476545,20.056163428476545,4.595912365269517e-07,24.744136274832304
7007,8616.6,3578.8,5,20.055056238218405,20.055056238218405,20.055056238218405,4.5956586502748104e-07,24.744196213999405
10788,9226.5,3864.0,6,20.050237152745396,20.050237152745396,20.050237152745396,4.594554346623034e-07,24.744457139934845
10730,8917.285714285714,3696.5714285714284,7,20.042288047089304,20.042288047089304,20.042288047089304,4.592732792211197e-07,24.744887675645746
8979,8921.0,4008.0,7,20.03901853958549,20.03901853958549,20.03901853958549,4.591983577635902e-07,24.74506480673147
7755,8769.0,3695.666666666667,6,20.034202946145136,20.034202946145136,20.034202946145136,4.59088007419081e-07,24.74532575226951
1595,9178.2,2952.6,5,20.03420240246246,20.03420240246246,20.03420240246246,4.5908799496047723e-07,24.745325781733918
8444,9252.0,3835.0,7,20.031561487773253,20.031561487773253,20.031561487773253,4.5902747784054537e-07,24.745468913246587
6025,8555.833333333334,3458.666666666667,6,20.02959731130963,20.02959731130963,20.02959731130963,4.5898246832050965e-07,24.74557537933817
9130,8358.0,4094.285714285714,7,20.019904842522926,20.019904842522926,20.019904842522926,4.587603633436248e-07,24.746100902199363
4786,8980.0,3333.0,7,20.018400905191456,20.018400905191456,20.018400905191456,4.587259003008652e-07,24.746182468048904
1382,8997.285714285714,2916.714285714286,7,20.016586814453472,20.016586814453472,20.016586814453472,4.586843300270481e-07,24.746280863183085
2611,8532.5,3103.0,6,19.998600996408825,19.998600996408825,19.998600996408825,4.582721811938694e-07,24.747256885349
7799,8467.166666666666,3702.0,6,19.995275287383414,19.995275287383414,19.995275287383414,4.581959718665587e-07,24.747437455128136
9406,8741.0,3028.0,5,19.994306009339823,19.994306009339823,19.994306009339823,4.581737606547195e-07,24.747490087850483
823,9436.714285714286,2785.285714285714,7,19.975694810373877,19.975694810373877,19.975694810373877,4.577472810851591e-07,24.748501188855098
1592,9005.0,2952.5,6,19.964860718513144,19.964860718513144,19.964860718513144,4.574990155735284e-07,24.74909021251346
339,8709.833333333334,2595.6666666666665,6,19.96473675932335,19.96473675932335,19.96473675932335,4.5749617502241705e-07,24.74909695372744
7315,8409.857142857143,3626.5714285714284,7,19.96067587485527,19.96067587485527,19.96067587485527,4.5740311899399294e-07,24.74931781803489
1979,9314.0,3010.5,6,19.959695304932982,19.959695304932982,19.959695304932982,4.573806490263597e-07,24.749371156229635
9981,8532.833333333334,3285.0,6,19.951676804287665,19.951676804287665,19.951676804287665,4.5719690338428734e-07,24.74980742169061
5349,8956.166666666666,3391.166666666667,6,19.95001639010509,19.95001639010509,19.95001639010509,4.571588546413143e-07,24.749897782357017
8880,8844.714285714286,3969.1428571428573,7,19.948066029694107,19.948066029694107,19.948066029694107,4.571141617190536e-07,24.75000393166464
568,9196.5,2698.0,6,19.945825238147584,19.945825238147584,19.945825238147584,4.570628135057555e-07,24.750125900639567
902,9207.285714285714,2807.0,7,19.94489584716208,19.94489584716208,19.94489584716208,4.570415163143077e-07,24.75017649252731
1848,8291.285714285714,2993.4285714285716,7,19.942280208456413,19.942280208456413,19.942280208456413,4.569815783988967e-07,24.75031888885246
3129,8968.142857142857,3161.5714285714284,7,19.940858519391824,19.940858519391824,19.940858519391824,4.569490000926079e-07,24.75039629395844
6497,8699.166666666666,3511.666666666667,6,19.939253978752944,19.939253978752944,19.939253978752944,4.569122317037328e-07,24.750483661207696
2156,8208.0,3040.0,7,19.936493129626893,19.936493129626893,19.936493129626893,4.568489662607566e-07,24.750634005919668
9187,8664.125,4131.5,8,19.93563188109573,19.93563188109573,19.93563188109573,4.5682923056809505e-07,24.75068091030269
6477,8994.833333333334,3510.166666666667,6,19.935610639806093,19.935610639806093,19.935610639806093,4.568287438194402e-07,24.75068206714836
6401,9242.166666666666,3501.333333333333,6,19.92847292747499,19.92847292747499,19.92847292747499,4.566651816283001e-07,24.751070871911264
4169,8746.0,3268.166666666667,6,19.924544974456694,19.924544974456694,19.924544974456694,4.56575171752227e-07,24.751284894388903
4285,8609.666666666666,3279.833333333333,6,19.924003495608517,19.924003495608517,19.924003495608517,4.565627636496368e-07,24.75131440126994
2306,9226.42857142857,3062.0,7,19.915832148466407,19.915832148466407,19.915832148466407,4.563755154976896e-07,24.751759780996778
1032,9013.42857142857,2844.142857142857,7,19.912451087451895,19.912451087451895,19.912451087451895,4.56298037767815e-07,24.75194411936462
8489,8873.0,3845.833333333333,6,19.911608455626617,19.911608455626617,19.911608455626617,4.562787286809152e-07,24.751990065252137
9090,8054.714285714285,4068.0,7,19.911167873346056,19.911167873346056,19.911167873346056,4.5626863264456027e-07,24.752014089500435
9192,8961.42857142857,4135.714285714286,7,19.911153820657503,19.911153820657503,19.911153820657503,4.5626831062422316e-07,24.75201485577985
9273,8875.142857142857,4221.285714285714,7,19.90830658787013,19.90830658787013,19.90830658787013,4.5620306568133586e-07,24.752170123766618
8023,8856.166666666666,3744.666666666667,6,19.903287389759125,19.903287389759125,19.903287389759125,4.560880496926381e-07,24.752443889501286
8155,9025.166666666666,3770.166666666667,6,19.900633557263955,19.900633557263955,19.900633557263955,4.560272365584442e-07,24.75258866729991
8348,8927.5,3813.333333333333,6,19.895938595155062,19.895938595155062,19.895938595155062,4.559196505064673e-07,24.752844844658387
1383,9265.166666666666,2917.0,6,19.89357866374394,19.89357866374394,19.89357866374394,4.558655721779164e-07,24.752973635513534
5002,9024.666666666666,3352.5,6,19.893399172887356,19.893399172887356,19.893399172887356,4.5586145910688873e-07,24.752983431669563
6184,8884.0,3476.4285714285716,7,19.88927456128023,19.88927456128023,19.88927456128023,4.5576694275756444e-07,24.75320856687281
7005,8079.0,3580.0,7,19.887748115157343,19.887748115157343,19.887748115157343,4.5573196392107797e-07,24.753291897283667
10770,8862.0,3808.142857142857,7,19.88757963488389,19.88757963488389,19.88757963488389,4.557281031598968e-07,24.75330109520323
3413,8796.6,3191.8,5,19.88197737985405,19.88197737985405,19.88197737985405,4.555997262983059e-07,24.75360698602078
2666,8792.6,3107.8,5,19.867253063662417,19.867253063662417,19.867253063662417,4.5526231547147156e-07,24.754411365060697
7186,9146.714285714286,3604.4285714285716,7,19.865285407717355,19.865285407717355,19.865285407717355,4.552172262183811e-07,24.754518901874704
5246,8548.4,3377.8,5,19.85254641998487,19.85254641998487,19.85254641998487,4.5492530961404376e-07,24.755215373964493
3598,8608.833333333334,3209.666666666667,6,19.843540396403796,19.843540396403796,19.843540396403796,4.547189346745606e-07,24.75570802534728
1158,8627.857142857143,2871.0,7,19.831786874580757,19.831786874580757,19.831786874580757,4.544496002304402e-07,24.756351307982996
2172,9148.4,3040.8,5,19.83076495194564,19.83076495194564,19.83076495194564,4.544261826566264e-07,24.756407256899674
5710,9144.5,3426.5,6,19.82628957325654,19.82628957325654,19.82628957325654,4.5432362840526195e-07,24.756652311947335
7006,8223.833333333334,3579.166666666667,6,19.825395738706558,19.825395738706558,19.825395738706558,4.543031459970715e-07,24.756701261621203
7645,9260.857142857143,3674.4285714285716,7,19.823146547077453,19.823146547077453,19.823146547077453,4.542516052941004e-07,24.756824445407794
3417,9129.833333333334,3192.333333333333,6,19.823094183773144,19.823094183773144,19.823094183773144,4.5425040537788207e-07,24.756827313409108
4569,9374.166666666666,3309.166666666667,6,19.822621583248505,19.822621583248505,19.822621583248505,4.542395756366767e-07,24.75685319865245
4482,8586.2,3300.6,5,19.821695636497182,19.821695636497182,19.821695636497182,4.542183573705853e-07,24.75690391633318
9745,8514.5,3229.5,6,19.82137541871817,19.82137541871817,19.82137541871817,4.5421101951229853e-07,24.756921456449362
704,8850.0,2745.5,6,19.81982493378919,19.81982493378919,19.81982493378919,4.541754898214747e-07,24.757006389176333
2978,9503.714285714286,3144.142857142857,7,19.819362567395764,19.819362567395764,19.819362567395764,4.541648945975556e-07,24.75703171804733
8276,8641.5,3797.0,6,19.81272784468922,19.81272784468922,19.81272784468922,4.5401285852028746e-07,24.757395239559486
5596,8731.5,3413.5,4,19.810095360923043,19.810095360923043,19.810095360923043,4.53952534596744e-07,24.757539509084285
5650,8981.833333333334,3419.833333333333,6,19.807473325101768,19.807473325101768,19.807473325101768,4.538924500900728e-07,24.757683225083017
5858,9124.5,3440.5,6,19.80608487905259,19.80608487905259,19.80608487905259,4.538606335545291e-07,24.75775933468856
8337,8586.285714285714,3811.0,7,19.805507738989064,19.805507738989064,19.805507738989064,4.5384740826762956e-07,24.757790972995473
6435,8858.666666666666,3505.666666666667,6,19.80053588730395,19.80053588730395,19.80053588730395,4.537334772323177e-07,24.758063563686857
7434,8628.333333333334,3643.5,6,19.79540512620573,19.79540512620573,19.79540512620573,4.5361590475411844e-07,24.758344938644537
3793,9483.714285714286,3229.857142857143,7,19.792043575558765,19.792043575558765,19.792043575558765,4.53538874108452e-07,24.75852932826145
9692,8964.4,3204.8,5,19.78154130788569,19.78154130788569,19.78154130788569,4.5329821241842246e-07,24.759105606227976
6555,8711.4,3519.2,5,19.779871554624307,19.779871554624307,19.779871554624307,4.5325994966847877e-07,24.759197256724697
3891,8578.857142857143,3241.142857142857,7,19.773386102467228,19.773386102467228,19.773386102467228,4.5311133415749443e-07,24.75955330781588
8323,9478.571428571428,3806.285714285714,7,19.76915860112846,19.76915860112846,19.76915860112846,4.5301446006815866e-07,24.759785460365045
5546,8272.166666666666,3409.666666666667,6,19.761871540519536,19.761871540519536,19.761871540519536,4.5284747552957303e-07,24.760185744677933
2862,8779.285714285714,3130.285714285714,7,19.76094474973712,19.76094474973712,19.76094474973712,4.5282623792233017e-07,24.760236664647778
7970,8969.57142857143,3735.142857142857,7,19.7512808578003,19.7512808578003,19.7512808578003,4.526047877900182e-07,24.760767762929518
1405,9309.57142857143,2921.714285714286,7,19.750798885462665,19.750798885462665,19.750798885462665,4.525937432917314e-07,24.760794257474615
5777,9118.142857142857,3432.4285714285716,7,19.746072395830005,19.746072395830005,19.746072395830005,4.5248543477986414e-07,24.761054112028845
9198,8713.57142857143,4143.142857142857,7,19.74583271693207,19.74583271693207,19.74583271693207,4.5247994248711016e-07,24.76106729083378
7782,8221.857142857143,3698.857142857143,7,19.74559057212559,19.74559057212559,19.74559057212559,4.5247439368753905e-07,24.76108060538977
5425,8884.333333333334,3398.666666666667,6,19.73594431899221,19.73594431899221,19.73594431899221,4.522533477521471e-07,24.76161114638846
7142,8521.57142857143,3597.857142857143,7,19.73063415749658,19.73063415749658,19.73063415749658,4.521316642758114e-07,24.761903314336443
4308,9173.142857142857,3283.0,7,19.726671000593882,19.726671000593882,19.726671000593882,4.520408476952646e-07,24.762121420612665
3369,9365.833333333334,3186.333333333333,6,19.72324605497318,19.72324605497318,19.72324605497318,4.519623643403364e-07,24.762309942553728
3255,8932.166666666666,3175.166666666667,6,19.71489970811595,19.71489970811595,19.71489970811595,4.5177110603282027e-07,24.76276949413357
4650,9272.285714285714,3317.142857142857,7,19.70369850568848,19.70369850568848,19.70369850568848,4.515144281047315e-07,24.763386540497
8101,8924.125,3760.25,8,19.700733384985806,19.700733384985806,19.700733384985806,4.514464817352749e-07,24.763549940335544
4845,8743.2,3338.4,5,19.69820403382994,19.69820403382994,19.69820403382994,4.5138852111735906e-07,24.763689345522998
179,9674.428571428572,2481.714285714286,7,19.69805489636652,19.69805489636652,19.69805489636652,4.513851036007703e-07,24.76369756579304
9277,9101.833333333334,4229.0,6,19.690023711208966,19.690023711208966,19.690023711208966,4.5120106729041104e-07,24.76414032659386
87,9614.571428571428,2402.714285714286,7,19.68493451379854,19.68493451379854,19.68493451379854,4.5108444725292846e-07,24.764420988525274
7027,9122.42857142857,3583.0,7,19.680831609881054,19.680831609881054,19.680831609881054,4.509904283399138e-07,24.76464731062098
1155,8757.0,2869.5,6,19.67253133498758,19.67253133498758,19.67253133498758,4.5080022578121357e-07,24.765105310060953
8417,7960.0,3829.5,6,19.664830596965437,19.664830596965437,19.664830596965437,4.5062376173701155e-07,24.765530400599317
8282,8857.0,3797.5,6,19.66344409019854,19.66344409019854,19.66344409019854,4.505919896405323e-07,24.76560695522103
1469,8949.714285714286,2931.4285714285716,7,19.657374818740337,19.657374818740337,19.657374818740337,4.5045291099848597e-07,24.765942127681516
5787,9270.5,3433.0,6,19.652487857166633,19.652487857166633,19.652487857166633,4.5034092523807234e-07,24.76621208289265
6522,8402.714285714286,3515.5714285714284,7,19.647647188506294,19.647647188506294,19.647647188506294,4.5023000028958175e-07,24.766479547075164
1771,8807.714285714286,2982.142857142857,7,19.646431532030604,19.646431532030604,19.646431532030604,4.5020214326374296e-07,24.766546726777126
1011,9693.166666666666,2838.6666666666665,6,19.644734686153562,19.644734686153562,19.644734686153562,4.5016325968076823e-07,24.766640504955838
6610,9099.666666666666,3526.166666666667,6,19.643997175320457,19.643997175320457,19.643997175320457,4.50146359463688e-07,24.76668126688299
10783,9153.285714285714,3849.0,7,19.642353757265774,19.642353757265774,19.642353757265774,4.501087001905884e-07,24.766772103442772
8226,8936.285714285714,3785.4285714285716,7,19.635456135992843,19.635456135992843,19.635456135992843,4.4995063973694155e-07,24.767153438208638
7741,8803.714285714286,3694.142857142857,7,19.63330101936431,19.63330101936431,19.63330101936431,4.4990125478255084e-07,24.76727261122663
9534,8822.666666666666,3133.833333333333,6,19.628371815771217,19.628371815771217,19.628371815771217,4.4978830103730834e-07,24.767545234089752
1540,8210.285714285714,2946.0,7,19.62753183708756,19.62753183708756,19.62753183708756,4.4976905274771117e-07,24.76759169819749
8939,8699.42857142857,3993.285714285714,7,19.625946484582606,19.625946484582606,19.625946484582606,4.497327240589926e-07,24.767679398686028
3723,9597.5,3222.0,6,19.61711513968713,19.61711513968713,19.61711513968713,4.4953035191861875e-07,24.76816807162105
3029,8717.8,3149.4,5,19.613180796790203,19.613180796790203,19.613180796790203,4.494401956171223e-07,24.768385845075848
5630,8620.666666666666,3418.5,6,19.612135606249453,19.612135606249453,19.612135606249453,4.4941624485431853e-07,24.76844370572888
7995,8837.42857142857,3739.714285714286,7,19.609979054563805,19.609979054563805,19.609979054563805,4.493668270152899e-07,24.768563099915816
6575,8996.0,3521.857142857143,7,19.605244056268532,19.605244056268532,19.605244056268532,4.4925832352561506e-07,24.768825291926767
10506,8656.5,3471.0,6,19.603582786124335,19.603582786124335,19.603582786124335,4.4922025516809996e-07,24.768917296778113
2016,8817.714285714286,3017.857142857143,7,19.59912923449067,19.59912923449067,19.59912923449067,4.491182010883378e-07,24.76916398288833
2985,9271.285714285714,3145.285714285714,7,19.594895818029286,19.594895818029286,19.594895818029286,4.4902119145271334e-07,24.76939852749219
8051,8778.333333333334,3751.166666666667,6,19.594781543822158,19.594781543822158,19.594781543822158,4.490185728350328e-07,24.76940485934549
6444,8212.333333333334,3506.833333333333,6,19.589639383466846,19.589639383466846,19.589639383466846,4.4890073914044085e-07,24.769689821050594
817,8710.0,2783.0,7,19.586556196401844,19.586556196401844,19.586556196401844,4.4883008725526346e-07,24.769860717064354
9625,9083.714285714286,3180.0,7,19.58548828331317,19.58548828331317,19.58548828331317,4.4880561580045713e-07,24.76991991601195
1028,9472.428571428572,2842.5714285714284,7,19.581275981536983,19.581275981536983,19.581275981536983,4.4870909001231997e-07,24.770153453228886
9026,8809.57142857143,4032.8571428571427,7,19.580202830698333,19.580202830698333,19.580202830698333,4.486844985333627e-07,24.77021295857722
793,9276.857142857143,2775.4285714285716,7,19.57636566773074,19.57636566773074,19.57636566773074,4.4859656913054745e-07,24.7704257528506
756,9013.0,2764.1666666666665,6,19.575121190246758,19.575121190246758,19.575121190246758,4.4856805166519405e-07,24.770494775734235
1327,8462.6,2905.8,5,19.57279528224278,19.57279528224278,19.57279528224278,4.485147529902302e-07,24.770623790137016
8982,8659.5,4010.0,6,19.57235592114251,19.57235592114251,19.57235592114251,4.4850468493748047e-07,24.770648162517187
7036,8899.42857142857,3584.142857142857,7,19.57122270448943,19.57122270448943,19.57122270448943,4.484787170376526e-07,24.770711027201084
10067,8628.166666666666,3322.0,6,19.568181835845863,19.568181835845863,19.568181835845863,4.4840903488807314e-07,24.77087973601133
9466,8774.0,3093.333333333333,6,19.567494053658415,19.567494053658415,19.567494053658415,4.4839327421344973e-07,24.770917898123265
8563,9364.857142857143,3866.5714285714284,7,19.56670566124326,19.56670566124326,19.56670566124326,4.483752080341308e-07,24.77096164431943
7935,8515.0,3729.833333333333,6,19.565103696139268,19.565103696139268,19.565103696139268,4.483384986641836e-07,24.77105053934073
9214,8797.57142857143,4162.142857142857,7,19.563503419502993,19.563503419502993,19.563503419502993,4.483018279858321e-07,24.771139347934273
8895,8412.285714285714,3976.5714285714284,7,19.559219078355753,19.559219078355753,19.559219078355753,4.4820365140023605e-07,24.771377146534096
9623,8543.5,3182.0,6,19.55912453019809,19.55912453019809,19.55912453019809,4.4820148480916066e-07,24.77138239493413
392,8654.42857142857,2618.285714285714,7,19.557273077590047,19.557273077590047,19.557273077590047,4.481590583801711e-07,24.771485174804077
8189,8091.5,3777.833333333333,6,19.55404593259609,19.55404593259609,19.55404593259609,4.48085107668535e-07,24.771664346882876
6647,8376.833333333334,3531.0,6,19.549996297441705,19.549996297441705,19.549996297441705,4.4799230942051897e-07,24.77188922570707
4585,8724.5,3310.25,4,19.547447700674184,19.547447700674184,19.547447700674184,4.479339077853323e-07,24.772030774795848
508,9213.285714285714,2670.142857142857,7,19.543403942251995,19.543403942251995,19.543403942251995,4.478412442038803e-07,24.772255403053016
1872,8770.166666666666,2998.0,6,19.535054707687365,19.535054707687365,19.535054707687365,4.476499197239369e-07,24.772719344912545
7482,8257.0,3650.5,6,19.533118160218812,19.533118160218812,19.533118160218812,4.476055433281801e-07,24.772826981361664
8268,8569.0,3794.5,6,19.53245405305769,19.53245405305769,19.53245405305769,4.475903251718037e-07,24.772863895972044
9276,8420.57142857143,4226.285714285714,7,19.528648318363395,19.528648318363395,19.528648318363395,4.4750311595453326e-07,24.773075463168333
630,9659.0,2722.285714285714,7,19.528127543064706,19.528127543064706,19.528127543064706,4.4749118227816836e-07,24.773104417150527
2707,7981.571428571428,3112.714285714286,7,19.525638603131227,19.525638603131227,19.525638603131227,4.4743414769198e-07,24.773242807501447
2560,9082.0,3095.166666666667,6,19.523245271055877,19.523245271055877,19.523245271055877,4.473793039801279e-07,24.773375898490468
6454,7880.714285714285,3508.857142857143,7,19.52258778472349,19.52258778472349,19.52258778472349,4.4736423754144545e-07,24.773412463555644
6151,8885.0,3472.5,6,19.52123199012415,19.52123199012415,19.52123199012415,4.473331692207963e-07,24.77348786782151
5420,9268.333333333334,3397.5,6,19.519321997117594,19.519321997117594,19.519321997117594,4.472894013261652e-07,24.773594103432835
62,9126.5,2371.0,6,19.51518170165185,19.51518170165185,19.51518170165185,4.47194525577896e-07,24.773824426263996
10662,8689.333333333334,3591.166666666667,6,19.514847707393386,19.514847707393386,19.514847707393386,4.4718687202866217e-07,24.77384300834882
6400,9112.142857142857,3501.857142857143,7,19.510924867809358,19.510924867809358,19.510924867809358,4.470969793280193e-07,24.774061283027073
438,8564.833333333334,2635.0,6,19.50359535539389,19.50359535539389,19.50359535539389,4.469290219972877e-07,24.774469229455264
7048,9085.142857142857,3585.0,7,19.496087001640756,19.496087001640756,19.496087001640756,4.467569664793921e-07,24.77488728884016
8967,8531.285714285714,4007.4285714285716,7,19.495909131544366,19.495909131544366,19.495909131544366,4.467528905484279e-07,24.77489719446298
9533,8922.2,3135.4,5,19.49416435464215,19.49416435464215,19.49416435464215,4.467129086158508e-07,24.77499436624461
3239,8691.42857142857,3173.142857142857,7,19.493053824963653,19.493053824963653,19.493053824963653,4.466874605928547e-07,24.77505621945369
8195,8391.714285714286,3779.0,7,19.49114902848056,19.49114902848056,19.49114902848056,4.466438117776604e-07,24.775162319173813
1562,8677.166666666666,2948.0,6,19.48944832816514,19.48944832816514,19.48944832816514,4.4660483986941317e-07,24.77525705922565
3429,8983.0,3192.833333333333,6,19.48227570605286,19.48227570605286,19.48227570605286,4.4644047771323716e-07,24.77565671183488
8411,8822.142857142857,3828.285714285714,7,19.479700386547535,19.479700386547535,19.479700386547535,4.4638146372084893e-07,24.775800242420864
6877,8886.714285714286,3561.285714285714,7,19.47548636929202,19.47548636929202,19.47548636929202,4.462848986221393e-07,24.77603514367539
2427,8640.5,3078.5,6,19.474684414381024,19.474684414381024,19.474684414381024,4.462665216553531e-07,24.776079852669678
6924,8488.5,3566.833333333333,6,19.472579888005818,19.472579888005818,19.472579888005818,4.4621829598734167e-07,24.776197188791876
9381,8749.333333333334,2988.333333333333,6,19.471571966682085,19.471571966682085,19.471571966682085,4.461951992565463e-07,24.776253389100308
5839,8547.166666666666,3439.833333333333,6,19.459681594410263,19.459681594410263,19.459681594410263,4.4592272885538205e-07,24.776916599600053
10293,9176.42857142857,3384.4285714285716,7,19.45803998551696,19.45803998551696,19.45803998551696,4.4588511103959903e-07,24.77700819562049
3392,8641.5,3190.0,6,19.453134446300595,19.453134446300595,19.453134446300595,4.457726995685656e-07,24.77728195356468
4374,8653.833333333334,3290.166666666667,6,19.449669970946445,19.449669970946445,19.449669970946445,4.456933103814158e-07,24.77747533326513
3388,8556.5,3189.666666666667,6,19.44642654272529,19.44642654272529,19.44642654272529,4.456189865361768e-07,24.77765640580305
8600,8255.0,3878.714285714286,7,19.445507275845035,19.445507275845035,19.445507275845035,4.455979213407469e-07,24.7777077316815
4832,9075.285714285714,3338.142857142857,7,19.437425673056183,19.437425673056183,19.437425673056183,4.454127296996788e-07,24.778159060231133
4089,8772.8,3259.4,5,19.436552899706385,19.436552899706385,19.436552899706385,4.453927299133552e-07,24.77820781272107
2445,8809.42857142857,3080.714285714286,7,19.436452530279944,19.436452530279944,19.436452530279944,4.453904299266717e-07,24.778213419425207
8642,9040.714285714286,3894.0,7,19.434736409226968,19.434736409226968,19.434736409226968,4.453511046489545e-07,24.77830928758931
1400,8794.5,2921.0,6,19.43445510002809,19.43445510002809,19.43445510002809,4.453446583890294e-07,24.778325003253574
10193,8821.833333333334,3354.666666666667,6,19.434034335248384,19.434034335248384,19.434034335248384,4.4533501647490757e-07,24.77834851019
1814,8796.857142857143,2987.857142857143,7,19.423796375687786,19.423796375687786,19.423796375687786,4.4510041146130425e-07,24.77892063289534
5236,9058.57142857143,3377.5714285714284,7,19.41540390044908,19.41540390044908,19.41540390044908,4.449080961121481e-07,24.779389850298955
7288,8810.8,3620.0,5,19.4096439475695,19.4096439475695,19.4096439475695,4.4477610557090115e-07,24.779712002608946
2813,8345.42857142857,3125.285714285714,7,19.405865723960588,19.405865723960588,19.405865723960588,4.4468952677598416e-07,24.779923369364635
8252,8707.833333333334,3792.166666666667,6,19.405836348233155,19.405836348233155,19.405836348233155,4.446888536249629e-07,24.779925012904553
4060,9718.285714285714,3258.714285714286,7,19.40573740816015,19.40573740816015,19.40573740816015,4.446865863922164e-07,24.779930548512056
2320,9484.0,3062.5,6,19.405296141108067,19.405296141108067,19.405296141108067,4.4467647466417685e-07,24.779955237347707
702,8775.666666666666,2746.3333333333335,6,19.405240109856706,19.405240109856706,19.405240109856706,4.4467519069617427e-07,24.77995837232929
6369,9171.0,3499.0,7,19.402218579661486,19.402218579661486,19.402218579661486,4.446059516912381e-07,24.780127442134123
440,9024.285714285714,2635.857142857143,7,19.398164933747317,19.398164933747317,19.398164933747317,4.445130615358114e-07,24.780354305363183
1617,8700.333333333334,2958.333333333333,6,19.395377262899597,19.395377262899597,19.395377262899597,4.444491814673973e-07,24.78051034551833
779,8787.857142857143,2770.714285714286,7,19.394162044886656,19.394162044886656,19.394162044886656,4.4442133448902534e-07,24.780578374487856
4250,8679.333333333334,3275.833333333333,6,19.39369809653759,19.39369809653759,19.39369809653759,4.444107030142574e-07,24.78060434784745
2027,9270.714285714286,3019.4285714285716,7,19.382470144990453,19.382470144990453,19.382470144990453,4.441534121244212e-07,24.781233115175098
6801,8910.142857142857,3550.142857142857,7,19.382303815412584,19.382303815412584,19.382303815412584,4.441496006468853e-07,24.781242432399274
9818,8412.0,3253.0,7,19.380355209535495,19.380355209535495,19.380355209535495,4.441049479301407e-07,24.781351592709974
8660,9029.6,3899.2,5,19.370519632820784,19.370519632820784,19.370519632820784,4.4387956360474916e-07,24.781902746303622
7226,9314.42857142857,3610.857142857143,7,19.367640587772076,19.367640587772076,19.367640587772076,4.4381358967714974e-07,24.782064131533712
8378,8761.57142857143,3820.4285714285716,7,19.366154108477872,19.366154108477872,19.366154108477872,4.4377952668901487e-07,24.78214746570744
1532,8823.2,2942.4,5,19.352189157581762,19.352189157581762,19.352189157581762,4.4345951687889993e-07,24.78293067346707
3110,8626.166666666666,3158.5,6,19.348676432750977,19.348676432750977,19.348676432750977,4.4337902204476494e-07,24.78312776944818
9249,8657.285714285714,4197.0,7,19.34499344315695,19.34499344315695,19.34499344315695,4.4329462555748706e-07,24.78333445726915
6468,9324.666666666666,3509.333333333333,6,19.33779698895461,19.33779698895461,19.33779698895461,4.4312971728391534e-07,24.783738432829146
8609,9076.0,3879.5,6,19.336100095367016,19.336100095367016,19.336100095367016,4.4309083260764315e-07,24.783833710468265
7322,9022.0,3625.857142857143,7,19.329291607515977,19.329291607515977,19.329291607515977,4.429348146652537e-07,24.784216079378048
6827,8417.4,3555.2,5,19.32767709472212,19.32767709472212,19.32767709472212,4.4289781776233336e-07,24.784306771175842
9318,8838.714285714286,4290.0,7,19.324355705242766,19.324355705242766,19.324355705242766,4.428217074183363e-07,24.78449336694095
6547,9062.8,3517.6,5,19.32245281411509,19.32245281411509,19.32245281411509,4.427781022647652e-07,24.78460028587537
7926,7998.714285714285,3727.5714285714284,7,19.322257723554664,19.322257723554664,19.322257723554664,4.427736317232172e-07,24.784611248145843
3167,9685.666666666666,3164.0,6,19.317590436130427,19.317590436130427,19.317590436130427,4.4266667984250577e-07,24.78487353918478
2292,7983.8,3058.6,5,19.3172647104728,19.3172647104728,19.3172647104728,4.426592157700129e-07,24.784891846598537
131,8886.857142857143,2443.857142857143,7,19.316935868081643,19.316935868081643,19.316935868081643,4.4265168027691065e-07,24.78491032950148
7861,8311.285714285714,3714.0,7,19.307510149227607,19.307510149227607,19.307510149227607,4.4243568793127933e-07,24.785440244903466
8087,9011.42857142857,3756.857142857143,7,19.3068779894749,19.3068779894749,19.3068779894749,4.4242120185653896e-07,24.785475794280984
10236,8690.0,3365.5,6,19.306303270240164,19.306303270240164,19.306303270240164,4.424080320434444e-07,24.785508114512595
4201,8708.666666666666,3270.666666666667,6,19.30613551617037,19.30613551617037,19.30613551617037,4.424041879233741e-07,24.785517548605483
6932,8618.333333333334,3568.166666666667,6,19.30551090066747,19.30551090066747,19.30551090066747,4.423898747267173e-07,24.78555267622777
5550,8949.833333333334,3409.666666666667,6,19.30249703118392,19.30249703118392,19.30249703118392,4.42320811268613e-07,24.78572218858526
2963,8650.5,3141.5,6,19.28917818944025,19.28917818944025,19.28917818944025,4.420156071866903e-07,24.786471611831494
3092,9163.2,3154.6,5,19.287310542671015,19.287310542671015,19.287310542671015,4.419728096650641e-07,24.78657674175821
1177,8621.5,2876.0,6,19.28509106379787,19.28509106379787,19.28509106379787,4.419219498361945e-07,24.786701689569107
8944,8711.285714285714,3995.5714285714284,7,19.285003452160183,19.285003452160183,19.285003452160183,4.4191994219694467e-07,24.786706622049994
5782,8738.4,3432.8,5,19.284671105563802,19.284671105563802,19.284671105563802,4.419123264042368e-07,24.78672533316106
6387,8753.57142857143,3500.285714285714,7,19.28418840033089,19.28418840033089,19.28418840033089,4.4190126511149944e-07,24.786752510036617
5771,8628.714285714286,3432.5714285714284,7,19.283421068042315,19.283421068042315,19.283421068042315,4.418836815294454e-07,24.786795713152312
2388,9299.285714285714,3073.0,7,19.280630934925597,19.280630934925597,19.280630934925597,4.418197450376153e-07,24.78695282053024
5683,8932.8,3421.4,5,19.27818836082399,19.27818836082399,19.27818836082399,4.417637729342931e-07,24.787090376149777
7503,8795.833333333334,3654.0,6,19.27724247879965,19.27724247879965,19.27724247879965,4.4174209784719454e-07,24.787143648974748
5222,9153.0,3375.0,7,19.272357361567316,19.272357361567316,19.272357361567316,4.4163015435025436e-07,24.787418824265494
3495,8675.0,3200.285714285714,7,19.267730655127764,19.267730655127764,19.267730655127764,4.4152413239140943e-07,24.78767950777572
4946,9051.285714285714,3346.4285714285716,7,19.262599863376586,19.262599863376586,19.262599863376586,4.4140655921079113e-07,24.787968666281305
2232,9184.714285714286,3049.5714285714284,7,19.257726765486964,19.257726765486964,19.257726765486964,4.412948911396371e-07,24.788243373133476
10545,8794.5,3495.5,6,19.250368176091527,19.250368176091527,19.250368176091527,4.411262675037456e-07,24.788658324173348
3086,8870.6,3155.2,5,19.24740784644287,19.24740784644287,19.24740784644287,4.410584309223074e-07,24.788825301979138
9178,8243.285714285714,4123.571428571428,7,19.233483332570167,19.233483332570167,19.233483332570167,4.407393477351558e-07,24.78961106078263
211,9189.285714285714,2508.285714285714,7,19.2317187479342,19.2317187479342,19.2317187479342,4.4069891190416086e-07,24.789710676712005
2849,8607.833333333334,3128.666666666667,6,19.227929750375054,19.227929750375054,19.227929750375054,4.406120862218904e-07,24.7899246075202
5388,8103.714285714285,3395.285714285714,7,19.225945732625313,19.225945732625313,19.225945732625313,4.4056662203457727e-07,24.790036644077066
7816,8609.285714285714,3705.142857142857,7,19.22371139510432,19.22371139510432,19.22371139510432,4.4051542171664243e-07,24.790162829917158
527,8493.142857142857,2679.714285714286,7,19.220799481735888,19.220799481735888,19.220799481735888,4.40448694604529e-07,24.790327304361135
4488,9339.857142857143,3301.4285714285716,7,19.21110537236395,19.21110537236395,19.21110537236395,4.4022655203328575e-07,24.790875039154983
9361,8590.166666666666,2863.3333333333335,6,19.210101381496933,19.210101381496933,19.210101381496933,4.402035453697392e-07,24.790931782257346
7031,9406.285714285714,3583.4285714285716,7,19.20340760139942,19.20340760139942,19.20340760139942,4.400501559798378e-07,24.791310174112947
3845,9211.666666666666,3233.833333333333,6,19.200887384797348,19.200887384797348,19.200887384797348,4.3999240468215856e-07,24.79145267330027
4721,9284.5,3325.0,6,19.19849455049234,19.19849455049234,19.19849455049234,4.3993757237681943e-07,24.791587987292807
8831,8553.166666666666,3952.5,6,19.197305609693025,19.197305609693025,19.197305609693025,4.39910327546368e-07,24.791655227775678
1857,9088.2,2994.4,5,19.196323011126204,19.196323011126204,19.196323011126204,4.398878110919152e-07,24.79171080172778
4934,9184.833333333334,3345.333333333333,6,19.195242414680735,19.195242414680735,19.195242414680735,4.398630489952993e-07,24.791771921542555
5692,8807.5,3423.5,4,19.194914676034784,19.194914676034784,19.194914676034784,4.398555387947524e-07,24.79179045950857
6654,9312.5,3532.0,6,19.194784695119978,19.194784695119978,19.194784695119978,4.3985256025453587e-07,24.791797811740413
1343,9030.833333333334,2908.8333333333335,6,19.187947161384756,19.187947161384756,19.187947161384756,4.3969587671955313e-07,24.7921846397564
7147,9479.666666666666,3598.5,6,19.181330608057394,19.181330608057394,19.181330608057394,4.3954425699746056e-07,24.792559097238378
6660,8485.166666666666,3533.833333333333,6,19.179814924111433,19.179814924111433,19.179814924111433,4.395095247785398e-07,24.792644894099404
4015,9263.57142857143,3253.5714285714284,7,19.17913770492524,19.17913770492524,19.17913770492524,4.394940061573293e-07,24.792683230984988
10204,8473.857142857143,3364.0,7,19.174742645787674,19.174742645787674,19.174742645787674,4.3939329244551466e-07,24.792932064991092
2597,8489.0,3101.714285714286,7,19.174211562102315,19.174211562102315,19.174211562102315,4.39381122550284e-07,24.792962137090676
4626,8292.666666666666,3315.833333333333,6,19.17410794135598,19.17410794135598,19.17410794135598,4.393787480589159e-07,24.79296800461224
6971,8789.285714285714,3575.285714285714,7,19.16796090953394,19.16796090953394,19.16796090953394,4.392378875216483e-07,24.793316136847054
7049,9102.4,3584.8,5,19.1665450624521,19.1665450624521,19.1665450624521,4.3920544308563266e-07,24.793396338033887
3819,8750.833333333334,3232.166666666667,6,19.166454226124756,19.166454226124756,19.166454226124756,4.3920336155193575e-07,24.79340148369382
3361,8463.42857142857,3187.4285714285716,7,19.162740320317262,19.162740320317262,19.162740320317262,4.3911825661307255e-07,24.79361188842873
7965,8424.57142857143,3736.142857142857,7,19.157202369086686,19.157202369086686,19.157202369086686,4.3899135328667303e-07,24.793925706966604
9685,8256.333333333334,3200.833333333333,6,19.150527374456118,19.150527374456118,19.150527374456118,4.3883839436972896e-07,24.794304078823085
6289,8424.5,3489.0,6,19.150248600912036,19.150248600912036,19.150248600912036,4.3883200621487107e-07,24.794319883961336
5807,8632.166666666666,3435.833333333333,6,19.146796683490066,19.146796683490066,19.146796683490066,4.3875290479539923e-07,24.794515610378518
1653,9173.166666666666,2963.166666666667,6,19.13511543751461,19.13511543751461,19.13511543751461,4.3848522656764744e-07,24.795178208005602
1486,9118.857142857143,2934.857142857143,7,19.132509604073505,19.132509604073505,19.132509604073505,4.384255133419524e-07,24.795326074391973
5622,8868.2,3417.0,5,19.127438666569276,19.127438666569276,19.127438666569276,4.38309311734091e-07,24.795613879301364
4986,8672.5,3350.5,4,19.125449162421774,19.125449162421774,19.125449162421774,4.382637218248102e-07,24.795726815960894
4276,8309.857142857143,3278.714285714286,7,19.12286085285247,19.12286085285247,19.12286085285247,4.3820441016235224e-07,24.795873762135074
1399,7835.857142857143,2921.857142857143,7,19.120369978146925,19.120369978146925,19.120369978146925,4.381473312404519e-07,24.796015195418526
6485,8722.166666666666,3511.0,6,19.119777849469315,19.119777849469315,19.119777849469315,4.381337624862833e-07,24.796048819532434
7365,8195.5,3633.5,6,19.115728957382995,19.115728957382995,19.115728957382995,4.3804098126582947e-07,24.79627876437224
3382,9080.0,3189.166666666667,6,19.111592698182868,19.111592698182868,19.111592698182868,4.3794619800944235e-07,24.796513721266358
4235,9470.571428571428,3274.857142857143,7,19.111147120797764,19.111147120797764,19.111147120797764,4.379359875092079e-07,24.796539034967118
8083,8541.142857142857,3757.142857142857,7,19.108688067305515,19.108688067305515,19.108688067305515,4.378796377771558e-07,24.796678746894006
1126,9091.333333333334,2864.3333333333335,6,19.107672628363765,19.107672628363765,19.107672628363765,4.378563687785499e-07,24.796736444634078
7146,9228.714285714286,3598.4285714285716,7,19.106261092640285,19.106261092640285,19.106261092640285,4.3782402313822495e-07,24.7968166538819
2005,9487.142857142857,3015.5714285714284,7,19.10568503269763,19.10568503269763,19.10568503269763,4.378108226025241e-07,24.796849389672634
3942,8702.833333333334,3245.0,6,19.09212741380577,19.09212741380577,19.09212741380577,4.37500146891634e-07,24.797620114348028
5327,8517.0,3387.166666666667,6,19.09098361398663,19.09098361398663,19.09098361398663,4.374739364763124e-07,24.79768516221037
71,8934.8,2386.4,5,19.083165418162178,19.083165418162178,19.083165418162178,4.3729478086167137e-07,24.79812988716673
10409,9006.166666666666,3422.0,6,19.081742439632734,19.081742439632734,19.081742439632734,4.372621730070221e-07,24.798210850512138
180,8856.57142857143,2484.0,7,19.078658963606497,19.078658963606497,19.078658963606497,4.371915145002367e-07,24.798386312060888
4765,8299.0,3330.5,6,19.078477950853216,19.078477950853216,19.078477950853216,4.3718736655462366e-07,24.798396613258284
5476,9000.57142857143,3403.142857142857,7,19.07723868073606,19.07723868073606,19.07723868073606,4.3715896841718495e-07,24.798467141113765
3654,8670.142857142857,3217.285714285714,7,19.073534423851456,19.073534423851456,19.073534423851456,4.370740845854352e-07,24.798677980658898
4669,8845.8,3318.4,5,19.070286334757725,19.070286334757725,19.070286334757725,4.3699965393531307e-07,24.798862889661915
1684,8842.0,2969.0,7,19.068953725578858,19.068953725578858,19.068953725578858,4.36969116913489e-07,24.798938762281853
1930,8624.57142857143,3005.285714285714,7,19.066620887098352,19.066620887098352,19.066620887098352,4.369156594251864e-07,24.799071596111002
6391,8936.4,3501.2,5,19.063880893145885,19.063880893145885,19.063880893145885,4.368528718829338e-07,24.799227634479305
1030,8478.666666666666,2843.6666666666665,6,19.05864337361323,19.05864337361323,19.05864337361323,4.3673285301257843e-07,24.799525965438484
3592,9263.8,3209.8,5,19.050158485471048,19.050158485471048,19.050158485471048,4.365384200021493e-07,24.800009441693426
3113,9030.285714285714,3159.5714285714284,7,19.046854862094094,19.046854862094094,19.046854862094094,4.3646271677215474e-07,24.800197743253104
4196,9107.0,3270.714285714286,7,19.03957855222243,19.03957855222243,19.03957855222243,4.3629597858899244e-07,24.80061259717628
1702,9100.166666666666,2971.166666666667,6,19.038033394548222,19.038033394548222,19.038033394548222,4.36260570973341e-07,24.800700713712168
924,8622.0,2814.5,6,19.036563033695042,19.036563033695042,19.036563033695042,4.3622687734269903e-07,24.80078457141063
2472,8516.0,3082.5,6,19.032795098198594,19.032795098198594,19.032795098198594,4.3614053430206007e-07,24.800999494078088
4816,8952.6,3335.8,5,19.030866601568434,19.030866601568434,19.030866601568434,4.3609634239297163e-07,24.801109511796845
1632,8235.857142857143,2959.714285714286,7,19.030697427173287,19.030697427173287,19.030697427173287,4.360924657258448e-07,24.801119163463582
4859,8541.0,3340.333333333333,6,19.028925864383545,19.028925864383545,19.028925864383545,4.3605186998897687e-07,24.801220239075732
3922,8488.5,3243.333333333333,6,19.026682820770347,19.026682820770347,19.026682820770347,4.3600047016909356e-07,24.801348228286606
5684,8354.42857142857,3424.142857142857,7,19.019803208674116,19.019803208674116,19.019803208674116,4.358428223995484e-07,24.80174087658549
10781,9119.0,3839.666666666667,6,19.017548404867043,19.017548404867043,19.017548404867043,4.357911530923295e-07,24.801869598593047
7317,8685.8,3625.6,5,19.01264864724733,19.01264864724733,19.01264864724733,4.3567887410780907e-07,24.802149368075405
9236,8831.0,4180.5,6,19.011996032756898,19.011996032756898,19.011996032756898,4.3566391930841767e-07,24.802186636914392
8042,8894.6,3748.8,5,19.009393448665183,19.009393448665183,19.009393448665183,4.3560428054225273e-07,24.80233527534225
7171,8790.714285714286,3603.142857142857,7,19.008403500672216,19.008403500672216,19.008403500672216,4.355815956741419e-07,24.802391818459597
3446,8847.0,3196.0,6,19.00537449027331,19.00537449027331,19.00537449027331,4.355121852587526e-07,24.80256484552691
5351,9155.0,3389.5,6,19.003254017484004,19.003254017484004,19.003254017484004,4.354635941752817e-07,24.802685990339093
1674,9063.833333333334,2966.833333333333,6,19.002078463834266,19.002078463834266,19.002078463834266,4.3543665611420067e-07,24.802753156764183
9244,7877.166666666667,4189.166666666666,6,19.00086537145773,19.00086537145773,19.00086537145773,4.3540885784523754e-07,24.80282247235821
1086,8520.714285714286,2856.4285714285716,7,18.9947672678995,18.9947672678995,18.9947672678995,4.3526911850950714e-07,24.803170982511112
8840,8290.857142857143,3956.0,7,18.992052028718696,18.992052028718696,18.992052028718696,4.352068982280947e-07,24.803326196005834
3544,9112.6,3203.8,5,18.98513317856016,18.98513317856016,18.98513317856016,4.350483513100341e-07,24.803721804377258
617,8856.833333333334,2716.8333333333335,6,18.98091632324111,18.98091632324111,18.98091632324111,4.349517211764969e-07,24.80396298788563
8551,8774.285714285714,3863.4285714285716,7,18.97868019821772,18.97868019821772,18.97868019821772,4.3490047989756566e-07,24.80409090504606
1272,9792.285714285714,2893.857142857143,7,18.976642773026498,18.976642773026498,18.976642773026498,4.3485379186740954e-07,24.804207468738504
8470,9033.714285714286,3841.4285714285716,7,18.975977922266946,18.975977922266946,18.975977922266946,4.348385566713174e-07,24.80424550840624
9166,8803.42857142857,4118.0,7,18.97513636788326,18.97513636788326,18.97513636788326,4.3481927227422007e-07,24.804293660144594
647,8986.6,2728.2,5,18.970817845585852,18.970817845585852,18.970817845585852,4.347203124203222e-07,24.804540789311687
3397,9550.5,3190.0,6,18.969817165740906,18.969817165740906,18.969817165740906,4.3469738162954826e-07,24.804598061644473
6586,8447.142857142857,3523.5714285714284,7,18.968292797749733,18.968292797749733,18.968292797749733,4.346624504138906e-07,24.8046853122492
4896,9157.4,3343.2,5,18.962242003398387,18.962242003398387,18.962242003398387,4.3452379517866466e-07,24.805031712139684
1250,9228.42857142857,2888.142857142857,7,18.961358193955096,18.961358193955096,18.961358193955096,4.345035424979192e-07,24.805082318300798
2722,9014.0,3112.833333333333,6,18.95334618004258,18.95334618004258,18.95334618004258,4.34319945500704e-07,24.80554118690342
10494,8922.5,3465.0,6,18.952641644378815,18.952641644378815,18.952641644378815,4.3430380091661934e-07,24.805581546747423
9889,9041.6,3265.2,5,18.947964388325687,18.947964388325687,18.947964388325687,4.3419662060266366e-07,24.805849524850846
523,8707.833333333334,2675.8333333333335,6,18.94730865119091,18.94730865119091,18.94730865119091,4.341815942472152e-07,24.80588709985643
7116,8234.0,3595.5714285714284,7,18.94722470715522,18.94722470715522,18.94722470715522,4.3417967065184263e-07,24.805891910105863
3241,8940.5,3172.666666666667,6,18.945707084118112,18.945707084118112,18.945707084118112,4.3414489399823723e-07,24.80597887821308
512,9328.5,2671.0,6,18.94153143971159,18.94153143971159,18.94153143971159,4.340492082214966e-07,24.80621820145253
1420,8771.0,2924.5,6,18.941397807557404,18.941397807557404,18.941397807557404,4.340461460123557e-07,24.806225861328407
5819,9196.5,3436.5,4,18.935843586768506,18.935843586768506,18.935843586768506,4.3391886986557835e-07,24.806544280432913
5750,9022.0,3429.714285714286,7,18.932430832573452,18.932430832573452,18.932430832573452,4.338406658797532e-07,24.806739977271725
2011,8851.5,3016.0,6,18.92942959079795,18.92942959079795,18.92942959079795,4.337718917882557e-07,24.80691210599574
8066,9330.42857142857,3753.5714285714284,7,18.928321769260812,18.928321769260812,18.928321769260812,4.33746505822893e-07,24.806975649228416
546,8950.0,2687.5,6,18.927271964294544,18.927271964294544,18.927271964294544,4.3372244931955026e-07,24.807035868136516
5797,8553.285714285714,3435.285714285714,7,18.926438695705144,18.926438695705144,18.926438695705144,4.337033547931855e-07,24.807083668463626
1567,8507.57142857143,2949.5714285714284,7,18.92492613953596,18.92492613953596,18.92492613953596,4.336686942479326e-07,24.807170441397844
3348,8886.4,3185.2,5,18.922716527947813,18.922716527947813,18.922716527947813,4.3361806052999036e-07,24.807297215755952
9944,8734.4,3280.2,5,18.916198344540703,18.916198344540703,18.916198344540703,4.334686949754731e-07,24.8076712765771
6850,9191.714285714286,3557.0,7,18.91600264988427,18.91600264988427,18.91600264988427,4.33464210590937e-07,24.807682508954176
4035,8312.0,3254.5,6,18.914447340267134,18.914447340267134,18.914447340267134,4.3342857034136136e-07,24.807771783914546
5569,9096.42857142857,3412.142857142857,7,18.910399119175892,18.910399119175892,18.910399119175892,4.3333580449690194e-07,24.80800418672021
8127,8511.285714285714,3765.857142857143,7,18.906735961917963,18.906735961917963,18.906735961917963,4.3325186247180987e-07,24.808214526422706
3707,8751.2,3221.2,5,18.90669059859941,18.90669059859941,18.90669059859941,4.3325082296174896e-07,24.808217131454924
7649,8746.42857142857,3675.714285714286,7,18.90385817000496,18.90385817000496,18.90385817000496,4.331859172600807e-07,24.808379798772823
7865,8598.166666666666,3714.166666666667,6,18.88845566781139,18.88845566781139,18.88845566781139,4.328329656572482e-07,24.80926479646167
448,8288.714285714286,2640.0,7,18.886907113686682,18.886907113686682,18.886907113686682,4.3279748021121357e-07,24.809353813278733
7575,8583.833333333334,3664.833333333333,6,18.8859307860737,18.8859307860737,18.8859307860737,4.3277510745699733e-07,24.809409940077582
6669,8051.857142857143,3535.4285714285716,7,18.882375961651505,18.882375961651505,18.882375961651505,4.3269364790180076e-07,24.80961432316597
8837,8784.42857142857,3953.285714285714,7,18.87087656940128,18.87087656940128,18.87087656940128,4.324301368907125e-07,24.81027573939095
1373,8760.42857142857,2914.4285714285716,7,18.867608269431223,18.867608269431223,18.867608269431223,4.32355243104075e-07,24.810463797370996
1809,9404.714285714286,2986.0,7,18.865804174374436,18.865804174374436,18.865804174374436,4.323139018834114e-07,24.810567618954813
2432,8909.666666666666,3079.5,6,18.865139363095885,18.865139363095885,18.865139363095885,4.3229866759203485e-07,24.81060587984134
4484,9039.666666666666,3301.333333333333,6,18.84702833047494,18.84702833047494,18.84702833047494,4.3188364944029697e-07,24.81164871596222
2706,9688.833333333334,3111.166666666667,6,18.844936908189915,18.844936908189915,18.844936908189915,4.3183572405528985e-07,24.811769204924907
4390,8265.0,3291.5,6,18.84420405200963,18.84420405200963,18.84420405200963,4.3181893050056566e-07,24.81181142867783
6201,9085.5,3480.0,6,18.844076619404312,18.844076619404312,18.844076619404312,4.3181601035540125e-07,24.811818770917426
9634,8865.0,3200.5,6,18.842302345830916,18.842302345830916,18.842302345830916,4.3177535250035125e-07,24.811921003772376
4862,8796.5,3340.0,4,18.841763502352762,18.841763502352762,18.841763502352762,4.3176300478782374e-07,24.811952053599924
4999,8759.6,3351.6,5,18.83547775602065,18.83547775602065,18.83547775602065,4.3161896557815277e-07,24.812314323352282
5985,8574.5,3455.0,6,18.827804475404065,18.827804475404065,18.827804475404065,4.3144313072621956e-07,24.812756725511434
751,8781.5,2761.6666666666665,6,18.826558878688846,18.826558878688846,18.826558878688846,4.314145876134451e-07,24.81282855726373
8573,8873.42857142857,3868.714285714286,7,18.823258091080547,18.823258091080547,18.823258091080547,4.3133894936569043e-07,24.813018931874193
2037,9514.166666666666,3019.666666666667,6,18.820618879226217,18.820618879226217,18.820618879226217,4.3127847126658074e-07,24.813171173784305
830,8756.42857142857,2786.4285714285716,7,18.81864508551113,18.81864508551113,18.81864508551113,4.31233241365189e-07,24.813285045261765
8488,8868.166666666666,3845.833333333333,6,18.816568743512466,18.816568743512466,18.816568743512466,4.3118566154814066e-07,24.813404845813128
2843,8105.0,3128.5,6,18.813116994035752,18.813116994035752,18.813116994035752,4.3110656397716995e-07,24.813604033731586
740,8962.2,2756.6,5,18.812964510633183,18.812964510633183,18.812964510633183,4.311030697876762e-07,24.81361283383748
9622,8544.333333333334,3178.833333333333,6,18.812472745148668,18.812472745148668,18.812472745148668,4.310918008773527e-07,24.813641215040718
6207,8673.5,3480.666666666667,6,18.808967168440347,18.808967168440347,18.808967168440347,4.3101146984395925e-07,24.813843553471706
2228,8676.285714285714,3049.4285714285716,7,18.806257752283045,18.806257752283045,18.806257752283045,4.309493829983648e-07,24.813999964139303
2208,8203.5,3046.5,6,18.78455987589667,18.78455987589667,18.78455987589667,4.304521715613925e-07,24.81525336452066
10413,8727.4,3422.8,5,18.780869388006153,18.780869388006153,18.780869388006153,4.303676032490611e-07,24.815466693446076
8467,9016.833333333334,3840.833333333333,6,18.77693001828601,18.77693001828601,18.77693001828601,4.3027733175684503e-07,24.81569445526452
8793,8925.857142857143,3939.142857142857,7,18.7757116479041,18.7757116479041,18.7757116479041,4.302494125412699e-07,24.815764907236805
9205,8414.0,4149.0,7,18.771996734422544,18.771996734422544,18.771996734422544,4.3016428451134194e-07,24.815979749433644
7572,8452.0,3665.0,7,18.76620362488999,18.76620362488999,18.76620362488999,4.3003153417836343e-07,24.81631486346401
5926,9253.42857142857,3447.857142857143,7,18.75808316470224,18.75808316470224,18.75808316470224,4.298454521117625e-07,24.8167847819364
56,8861.5,2356.0,6,18.75694356543383,18.75694356543383,18.75694356543383,4.2981933795295134e-07,24.816850745060663
6483,8442.166666666666,3511.0,6,18.756166007861815,18.756166007861815,18.756166007861815,4.298015200563597e-07,24.816895754520928
1583,8784.666666666666,2951.333333333333,6,18.754130884531698,18.754130884531698,18.754130884531698,4.297548847738388e-07,24.81701356788237
90,9057.42857142857,2404.4285714285716,7,18.752661470307594,18.752661470307594,18.752661470307594,4.297212128354028e-07,24.81709864027185
7521,8987.0,3655.833333333333,6,18.751517248201292,18.751517248201292,18.751517248201292,4.296949927432814e-07,24.817164890135732
5063,9034.42857142857,3359.285714285714,7,18.750700239485667,18.750700239485667,18.750700239485667,4.2967627081537095e-07,24.81721219698859
3714,8585.833333333334,3221.333333333333,6,18.744758526360663,18.744758526360663,18.744758526360663,4.2954011519957e-07,24.817556299091855
1932,9268.0,3005.285714285714,7,18.742990091280937,18.742990091280937,18.742990091280937,4.294995911348401e-07,24.81765873543781
2378,9255.333333333334,3071.166666666667,6,18.741992894726888,18.741992894726888,18.741992894726888,4.294767401644155e-07,24.817716502165496
5207,8893.2,3374.0,5,18.74069961075233,18.74069961075233,18.74069961075233,4.2944710428798443e-07,24.81779142555765
6119,8417.285714285714,3470.714285714286,7,18.73872559513005,18.73872559513005,18.73872559513005,4.294018693015423e-07,24.81790579552037
4209,9493.333333333334,3271.333333333333,6,18.731404216535854,18.731404216535854,18.731404216535854,4.2923409835904935e-07,24.81833008473152
627,8840.0,2722.2,5,18.72710807805757,18.72710807805757,18.72710807805757,4.291356514351116e-07,24.818579132161393
921,9014.0,2813.8333333333335,6,18.724590378796734,18.724590378796734,18.724590378796734,4.2907795782284044e-07,24.81872510990643
10732,8559.0,3701.166666666667,6,18.7208918105451,18.7208918105451,18.7208918105451,4.289932043473211e-07,24.818939590758852
4002,9366.0,3251.833333333333,6,18.716094666973458,18.716094666973458,18.716094666973458,4.2888327678546454e-07,24.819217841386042
3108,8475.166666666666,3159.0,6,18.715019370353666,18.715019370353666,18.715019370353666,4.2885863613547754e-07,24.819280222028524
3651,8348.0,3216.166666666667,6,18.714846446223095,18.714846446223095,18.714846446223095,4.288546735423686e-07,24.819290254123757
4582,9210.4,3309.8,5,18.714597779885366,18.714597779885366,18.714597779885366,4.288489753005265e-07,24.81930468052262
6180,8322.333333333334,3476.833333333333,6,18.713967425963027,18.713967425963027,18.713967425963027,4.288345306067718e-07,24.819341251418223
2094,8684.5,3030.333333333333,6,18.701630666825892,18.701630666825892,18.701630666825892,4.2855183115596257e-07,24.82005723444203
8441,8366.0,3835.166666666667,6,18.699229913996472,18.699229913996472,18.699229913996472,4.2849681739595794e-07,24.820196620767835
9673,9446.714285714286,3195.142857142857,7,18.69745649685184,18.69745649685184,18.69745649685184,4.2845617916615453e-07,24.820299595837888
8985,8054.5,4011.0,6,18.691244726173906,18.691244726173906,18.691244726173906,4.2831383512428063e-07,24.82066036495594
7866,8608.0,3713.5,6,18.67989179381253,18.67989179381253,18.67989179381253,4.2805368027259233e-07,24.821320033953032
9942,8736.0,3276.333333333333,6,18.677245718643036,18.677245718643036,18.677245718643036,4.279930448991607e-07,24.821473843361794
8784,8823.142857142857,3937.142857142857,7,18.671921431945044,18.671921431945044,18.671921431945044,4.278710377408186e-07,24.821783396228035
9062,8918.57142857143,4054.8571428571427,7,18.670668583080417,18.670668583080417,18.670668583080417,4.2784232844350314e-07,24.82185624941639
2475,8057.714285714285,3084.5714285714284,7,18.667234494117693,18.667234494117693,18.667234494117693,4.277636355669542e-07,24.822055966830618
5157,8741.25,3369.0,4,18.66533111724914,18.66533111724914,18.66533111724914,4.27720019282528e-07,24.82216667795617
8221,9321.5,3784.0,6,18.66279174548316,18.66279174548316,18.66279174548316,4.276618290402073e-07,24.822314399708908
9,9501.142857142857,2023.0,7,18.661694981606995,18.661694981606995,18.661694981606995,4.276366964634898e-07,24.822378207485155
6307,8739.8,3491.2,5,18.657445321707456,18.657445321707456,18.657445321707456,4.2753931460603664e-07,24.822625480578438
2459,8228.5,3082.0,6,18.651053197591168,18.651053197591168,18.651053197591168,4.2739283772689094e-07,24.822997522387773
10054,8580.714285714286,3312.857142857143,7,18.64694325068745,18.64694325068745,18.64694325068745,4.272986574223539e-07,24.82323680163041
7688,8759.0,3682.333333333333,6,18.645378218186778,18.645378218186778,18.645378218186778,4.2726279437084087e-07,24.823327930977243
9186,8807.166666666666,4129.833333333334,6,18.644121283622397,18.644121283622397,18.644121283622397,4.2723399144884945e-07,24.8234011258113
3035,9294.0,3149.833333333333,6,18.640509921330246,18.640509921330246,18.640509921330246,4.271512363163778e-07,24.82361145305202
8923,8796.0,3989.285714285714,7,18.63786221698368,18.63786221698368,18.63786221698368,4.2709056361000827e-07,24.823765682344153
2100,9111.714285714286,3031.285714285714,7,18.636909746191655,18.636909746191655,18.636909746191655,4.270687375399015e-07,24.823821169311273
2838,8740.5,3127.5,6,18.634314386525418,18.634314386525418,18.634314386525418,4.2700926432297783e-07,24.823972378509474
5196,8746.5,3372.5,4,18.633947727640134,18.633947727640134,18.633947727640134,4.2700086225689615e-07,24.8239937422546
9049,8839.0,4050.0,7,18.630535296817044,18.630535296817044,18.630535296817044,4.269226656812081e-07,24.824192591099425
6222,8852.666666666666,3482.333333333333,6,18.629126588407544,18.629126588407544,18.629126588407544,4.268903848293823e-07,24.82427468984351
2373,8746.285714285714,3070.4285714285716,7,18.62737606552605,18.62737606552605,18.62737606552605,4.26850271226472e-07,24.824376717996223
5613,8905.0,3416.166666666667,6,18.624854192127216,18.624854192127216,18.624854192127216,4.267924819629437e-07,24.824523720698508
306,9125.166666666666,2576.6666666666665,6,18.624480411301455,18.624480411301455,18.624480411301455,4.2678391669608625e-07,24.824545510477016
1748,8919.4,2978.2,5,18.618508018825395,18.618508018825395,18.618508018825395,4.2664705805645236e-07,24.824893734025615
862,9574.2,2792.6,5,18.615681269741316,18.615681269741316,18.615681269741316,4.2658228250196826e-07,24.825058588095864
3036,9379.142857142857,3150.285714285714,7,18.615590058398606,18.615590058398606,18.615590058398606,4.2658019237471484e-07,24.825063907895778
99,9220.5,2409.0,6,18.615536572090896,18.615536572090896,18.615536572090896,4.265789667246355e-07,24.825067027437196
3439,9254.142857142857,3194.285714285714,7,18.613366426138167,18.613366426138167,18.613366426138167,4.265292373700949e-07,24.825193606833487
7644,9125.5,3674.0,6,18.61297992345272,18.61297992345272,18.61297992345272,4.265203805791259e-07,24.825216152154212
3363,8638.6,3187.2,5,18.611685871175226,18.611685871175226,18.611685871175226,4.264907270968702e-07,24.82529163970415
3138,8868.8,3162.2,5,18.611402478985084,18.611402478985084,18.611402478985084,4.264842331047588e-07,24.825308171871395
278,8942.0,2560.0,7,18.61111359350587,18.61111359350587,18.61111359350587,4.264776132327638e-07,24.825325024758136
1458,9564.5,2930.0,6,18.609449645467315,18.609449645467315,18.609449645467315,4.2643948351073183e-07,24.82542210059323
6891,9325.166666666666,3562.833333333333,6,18.60379204699772,18.60379204699772,18.60379204699772,4.2630983844248705e-07,24.82575223359204
2677,8707.0,3109.166666666667,6,18.600843354191532,18.600843354191532,18.600843354191532,4.262422685217608e-07,24.82592433593943
3759,9224.833333333334,3226.5,6,18.60011316595428,18.60011316595428,18.60011316595428,4.262255361035168e-07,24.825966958058846
8915,8730.5,3985.0,6,18.598481629602915,18.598481629602915,18.598481629602915,4.2618814910216746e-07,24.82606219918808
5389,8107.166666666667,3394.666666666667,6,18.59607779327991,18.59607779327991,18.59607779327991,4.2613306468325364e-07,24.82620253864473
9135,8548.6,4098.8,5,18.596036855103677,18.596036855103677,18.596036855103677,4.26132126576267e-07,24.826204928832034
4301,8494.4,3282.2,5,18.595701673359777,18.595701673359777,18.595701673359777,4.261244458155528e-07,24.826224498713355
6743,9193.166666666666,3543.166666666667,6,18.595387612840778,18.595387612840778,18.595387612840778,4.2611724905218446e-07,24.826242835733456
8072,8856.142857142857,3755.0,7,18.59464809059877,18.59464809059877,18.59464809059877,4.261003027432428e-07,24.826286015367852
3537,8469.333333333334,3204.166666666667,6,18.591208778215552,18.591208778215552,18.591208778215552,4.26021490170906e-07,24.826486854412536
3821,9328.857142857143,3232.714285714286,7,18.589619087284362,18.589619087284362,18.589619087284362,4.259850620662305e-07,24.826579697154266
2523,8499.8,3089.4,5,18.583083700692853,18.583083700692853,18.583083700692853,4.2583530229709597e-07,24.826961466860283
302,8846.142857142857,2575.857142857143,7,18.5826632154466,18.5826632154466,18.5826632154466,4.258256667885424e-07,24.82698603443087
8995,8778.5,4019.0,6,18.581623411816267,18.581623411816267,18.581623411816267,4.258018394679327e-07,24.827046789125774
2119,8763.166666666666,3034.333333333333,6,18.578275336165497,18.578275336165497,18.578275336165497,4.257251176046606e-07,24.827242436965655
4242,9262.142857142857,3276.0,7,18.576490748661154,18.576490748661154,18.576490748661154,4.256842234036966e-07,24.827346735362315
4643,8539.8,3316.6,5,18.575735896941502,18.575735896941502,18.575735896941502,4.256669258165251e-07,24.827390854916665
4947,9140.833333333334,3347.166666666667,6,18.574001750915727,18.574001750915727,18.574001750915727,4.256271874927352e-07,24.82749221903093
5068,8145.833333333333,3360.833333333333,6,18.571940295853853,18.571940295853853,18.571940295853853,4.2557994881299916e-07,24.82761272728966
9321,8241.833333333334,4293.166666666666,6,18.56863786588468,18.56863786588468,18.56863786588468,4.255042729301969e-07,24.82780580817144
4150,8553.833333333334,3265.833333333333,6,18.56747819243614,18.56747819243614,18.56747819243614,4.254776987672927e-07,24.82787361814097
3465,8779.0,3196.857142857143,7,18.56045998156361,18.56045998156361,18.56045998156361,4.253168749774081e-07,24.82828408670467
3043,9331.833333333334,3151.833333333333,6,18.559613913215237,18.559613913215237,18.559613913215237,4.252974871418531e-07,24.828333580519807
6902,8197.57142857143,3565.285714285714,7,18.556018216421418,18.556018216421418,18.556018216421418,4.2521509098759655e-07,24.828543948926793
2814,8444.0,3124.833333333333,6,18.55346304036725,18.55346304036725,18.55346304036725,4.251565385866617e-07,24.828693465819075
4543,8957.5,3306.5,4,18.548405936127793,18.548405936127793,18.548405936127793,4.25040653970995e-07,24.82898944450422
1474,8843.5,2933.0,6,18.546506611691868,18.546506611691868,18.546506611691868,4.249971305489215e-07,24.82910062769161
9076,8615.166666666666,4061.8333333333335,6,18.543335239687444,18.543335239687444,18.543335239687444,4.249244578871635e-07,24.82928629973767
2048,8846.42857142857,3022.142857142857,7,18.539947340243508,18.539947340243508,18.539947340243508,4.24846823453229e-07,24.829484683744624
7547,8816.833333333334,3661.333333333333,6,18.53056677139704,18.53056677139704,18.53056677139704,4.2463186572959215e-07,24.830034167542152
4629,8604.6,3316.2,5,18.52587039138558,18.52587039138558,18.52587039138558,4.2452424718607736e-07,24.83030937100085
1637,8974.5,2960.0,6,18.5221693033308,18.5221693033308,18.5221693033308,4.244394359687347e-07,24.830526300444053
4815,8598.666666666666,3336.5,6,18.518835247127143,18.518835247127143,18.518835247127143,4.243630353640651e-07,24.830721754405563
1026,8648.0,2842.5,6,18.51781419904628,18.51781419904628,18.51781419904628,4.243396378308474e-07,24.83078161883094
7639,8663.833333333334,3674.0,6,18.51490901133686,18.51490901133686,18.51490901133686,4.2427306483863596e-07,24.830951969116345
7565,8494.5,3663.0,6,18.51375590706894,18.51375590706894,18.51375590706894,4.242466412098982e-07,24.83101959062281
8854,8701.833333333334,3959.6666666666665,6,18.510908522424288,18.510908522424288,18.510908522424288,4.2418139278716916e-07,24.831186587874573
10476,8518.333333333334,3453.666666666667,6,18.50839448924841,18.50839448924841,18.50839448924841,4.241237831840119e-07,24.831334055634425
7373,8072.5,3634.0,6,18.503929581558864,18.503929581558864,18.503929581558864,4.2402146887782195e-07,24.831596006866867
2753,8732.833333333334,3117.0,6,18.500003614743733,18.500003614743733,18.500003614743733,4.2393150451601545e-07,24.831826391258886
1536,9091.166666666666,2944.0,6,18.498167913020293,18.498167913020293,18.498167913020293,4.238894390218855e-07,24.831934131060155
7878,8579.833333333334,3717.166666666667,6,18.492814817750627,18.492814817750627,18.492814817750627,4.2376677170901653e-07,24.832248372475405
7619,9272.285714285714,3670.142857142857,7,18.49055446776997,18.49055446776997,18.49055446776997,4.2371497531005426e-07,24.83238108855076
1862,9398.333333333334,2996.833333333333,6,18.485648944913482,18.485648944913482,18.485648944913482,4.236025642139109e-07,24.832669171334185
10803,8554.2,3989.4,5,18.48155845852014,18.48155845852014,18.48155845852014,4.2350882985109436e-07,24.832909448569197
4349,8687.5,3286.5,4,18.48001098051074,18.48001098051074,18.48001098051074,4.234733690644701e-07,24.833000362073538
4064,8554.833333333334,3257.5,6,18.478527590491055,18.478527590491055,18.478527590491055,4.2343937686771574e-07,24.833087517589597
10532,8407.0,3482.166666666667,6,18.47710492094951,18.47710492094951,18.47710492094951,4.2340677609358963e-07,24.833171112090596
5099,8779.0,3362.75,4,18.477078769513128,18.477078769513128,18.477078769513128,4.2340617682788127e-07,24.83317264878054
365,8943.857142857143,2608.142857142857,7,18.473028314352987,18.473028314352987,18.473028314352987,4.233133597892595e-07,24.83341068467152
4970,8941.5,3348.5,4,18.448642082307373,18.448642082307373,18.448642082307373,4.227545441124704e-07,24.8348449111621
7743,9035.166666666666,3692.833333333333,6,18.44521088552544,18.44521088552544,18.44521088552544,4.226759175108574e-07,24.8350468621259
8626,8645.5,3888.333333333333,6,18.437896577822556,18.437896577822556,18.437896577822556,4.2250830859933774e-07,24.835477487923782
10686,8691.8,3624.2,5,18.432756824472143,18.432756824472143,18.432756824472143,4.223905300617733e-07,24.83578019025299
5493,9555.0,3404.285714285714,7,18.432108145158082,18.432108145158082,18.432108145158082,4.223756654377827e-07,24.83581839978487
6047,9134.166666666666,3461.166666666667,6,18.427446834069706,18.427446834069706,18.427446834069706,4.2226885050607433e-07,24.83609300723687
4146,8314.714285714286,3265.142857142857,7,18.425013420361793,18.425013420361793,18.425013420361793,4.2221308831511547e-07,24.83623639225645
5799,8714.4,3434.8,5,18.419036054642888,18.419036054642888,18.419036054642888,4.220761157125675e-07,24.836588679397494
8263,8719.0,3793.5,6,18.4146540403005,18.4146540403005,18.4146540403005,4.2197570092499967e-07,24.836847014179135
1348,8775.5,2908.5,6,18.406771636013314,18.406771636013314,18.406771636013314,4.2179507395982396e-07,24.83731186374368
8178,8009.5,3775.666666666667,6,18.400614216368577,18.400614216368577,18.400614216368577,4.216539753833972e-07,24.83767512417871
8330,8654.833333333334,3809.833333333333,6,18.400506626678087,18.400506626678087,18.400506626678087,4.2165150994283247e-07,24.83768147257352
363,9254.166666666666,2605.8333333333335,6,18.39053481467008,18.39053481467008,18.39053481467008,4.214230037568155e-07,24.83827002658912
1009,9017.857142857143,2839.285714285714,7,18.39038737980194,18.39038737980194,18.39038737980194,4.214196252555584e-07,24.83827873085017
2626,8446.857142857143,3103.4285714285716,7,18.389563209576423,18.389563209576423,18.389563209576423,4.2140073922013066e-07,24.8383273895046
2366,8829.8,3069.6,5,18.38940212884244,18.38940212884244,18.38940212884244,4.2139704802096516e-07,24.83833689989638
6999,9780.5,3576.833333333333,6,18.388597199671203,18.388597199671203,18.388597199671203,4.21378602898375e-07,24.838384425088588
3463,9303.57142857143,3197.0,7,18.38753252648657,18.38753252648657,18.38753252648657,4.2135420568665663e-07,24.838447289464575
2054,8390.285714285714,3024.5714285714284,7,18.386676397224605,18.386676397224605,18.386676397224605,4.2133458730313397e-07,24.838497842858544
2131,8741.166666666666,3035.666666666667,6,18.385092507104815,18.385092507104815,18.385092507104815,4.212982921252814e-07,24.838591375854083
1483,8791.166666666666,2934.333333333333,6,18.383500886930186,18.383500886930186,18.383500886930186,4.2126181981158354e-07,24.83868537344765
3774,9296.333333333334,3227.166666666667,6,18.37839972940107,18.37839972940107,18.37839972940107,4.211449257054458e-07,24.838986691462125
5812,8598.4,3437.2,5,18.37560959034326,18.37560959034326,18.37560959034326,4.210809890774743e-07,24.83915153633501
7407,8421.0,3638.5714285714284,7,18.368770519098046,18.368770519098046,18.368770519098046,4.2092427031012414e-07,24.83955570303052
9097,8491.833333333334,4070.3333333333335,6,18.366192702191135,18.366192702191135,18.366192702191135,4.208651990892492e-07,24.839708082611395
621,9481.666666666666,2719.3333333333335,6,18.35617975699909,18.35617975699909,18.35617975699909,4.206357503276005e-07,24.840300169486653
9978,8646.166666666666,3290.166666666667,6,18.35286563176612,18.35286563176612,18.35286563176612,4.2055980644534916e-07,24.84049621194563
6668,9066.8,3534.6,5,18.351374475461512,18.351374475461512,18.351374475461512,4.2052563628252945e-07,24.840584430766288
7263,8879.166666666666,3615.333333333333,6,18.350855445684324,18.350855445684324,18.350855445684324,4.2051374260515974e-07,24.8406151389506
3580,9555.833333333334,3207.666666666667,6,18.348138661404654,18.348138661404654,18.348138661404654,4.2045148691747933e-07,24.840775890553203
8468,9022.0,3841.5714285714284,7,18.340780569139554,18.340780569139554,18.340780569139554,4.202828746734349e-07,24.84121138701616
2042,8819.833333333334,3021.166666666667,6,18.33987805322576,18.33987805322576,18.33987805322576,4.202621933299524e-07,24.84126481540267
1136,8661.2,2865.6,5,18.33850279206343,18.33850279206343,18.33850279206343,4.202306789288858e-07,24.841346235072855
10779,8833.5,3833.0,6,18.337382225679516,18.337382225679516,18.337382225679516,4.202050009126575e-07,24.841412580547143
2811,9009.5,3123.333333333333,6,18.337230238349427,18.337230238349427,18.337230238349427,4.202015180907698e-07,24.84142157958685
5032,8486.5,3355.5,6,18.336550619333487,18.336550619333487,18.336550619333487,4.2018594447695193e-07,24.84146182015948
912,8829.0,2810.5,6,18.331173952134087,18.331173952134087,18.331173952134087,4.200627370083162e-07,24.8417802278245
6676,8895.0,3536.166666666667,6,18.32973701633395,18.32973701633395,18.32973701633395,4.200298093198503e-07,24.84186533936056
7050,9261.285714285714,3585.0,7,18.32864809474848,18.32864809474848,18.32864809474848,4.2000485645088653e-07,24.841929842015883
847,8390.57142857143,2791.142857142857,7,18.322229686164384,18.322229686164384,18.322229686164384,4.1985777725758916e-07,24.842310116599734
7595,9480.285714285714,3667.0,7,18.31877692337755,18.31877692337755,18.31877692337755,4.1977865646640224e-07,24.842514739230065
1215,9300.4,2882.2,5,18.316797769113577,18.316797769113577,18.316797769113577,4.197333037268965e-07,24.842632048127733
6847,8652.0,3557.714285714286,7,18.316088066105955,18.316088066105955,18.316088066105955,4.1971704073203193e-07,24.84267411689914
112,8827.0,2423.5,6,18.31566599012968,18.31566599012968,18.31566599012968,4.197073687715627e-07,24.842699136895064
746,8831.42857142857,2759.285714285714,7,18.311155735714124,18.311155735714124,18.311155735714124,4.196040153355335e-07,24.842966533644532
7847,8773.0,3710.5,6,18.304250525856986,18.304250525856986,18.304250525856986,4.1944578098787087e-07,24.843376046316802
9372,8735.5,2898.0,6,18.30369341769055,18.30369341769055,18.30369341769055,4.1943301473613957e-07,24.843409092286674
2739,8497.8,3114.4,5,18.30355653102044,18.30355653102044,18.30355653102044,4.194298779490764e-07,24.843417212143475
8132,8998.666666666666,3764.833333333333,6,18.300284870873984,18.300284870873984,18.300284870873984,4.1935490716328436e-07,24.843611298870115
4032,9092.0,3253.8,5,18.299914853265058,18.299914853265058,18.299914853265058,4.1934642813133846e-07,24.84363325183854
4781,9477.333333333334,3332.166666666667,6,18.299567947864137,18.299567947864137,18.299567947864137,4.1933847872053835e-07,24.843653833973836
8802,8106.6,3943.2,5,18.29801692837087,18.29801692837087,18.29801692837087,4.1930293678006055e-07,24.843745861796155
7903,8702.666666666666,3722.833333333333,6,18.294056085962737,18.294056085962737,18.294056085962737,4.1921217323664735e-07,24.843980908879658
4396,9126.5,3292.0,6,18.293249271334922,18.293249271334922,18.293249271334922,4.191936849084201e-07,24.84402879367705
8086,8878.833333333334,3756.833333333333,6,18.289309571331536,18.289309571331536,18.289309571331536,4.1910340584769353e-07,24.844262646916487
1533,9377.57142857143,2943.714285714286,7,18.28572226663712,18.28572226663712,18.28572226663712,4.1902120200017377e-07,24.844475626449295
6710,9124.833333333334,3540.0,6,18.284165614026325,18.284165614026325,18.284165614026325,4.1898553097561367e-07,24.844568058458076
1424,9069.0,2924.8,5,18.273346477555325,18.273346477555325,18.273346477555325,4.1873760816990894e-07,24.845210702218093
4880,8739.2,3341.4,5,18.264357180240353,18.264357180240353,18.264357180240353,4.185316165163592e-07,24.845744945192884
5824,8882.2,3438.0,5,18.260330385913136,18.260330385913136,18.260330385913136,4.1843934167073953e-07,24.845984346907137
3551,8778.4,3205.2,5,18.257864551531554,18.257864551531554,18.257864551531554,4.183828365531709e-07,24.8461309722084
2258,8807.5,3053.833333333333,6,18.251688238944716,18.251688238944716,18.251688238944716,4.182413050409709e-07,24.84649831969632
4009,8883.6,3252.8,5,18.250423619116447,18.250423619116447,18.250423619116447,4.1821232600952833e-07,24.846573550605626
7568,8621.333333333334,3664.166666666667,6,18.249719200845618,18.249719200845618,18.249719200845618,4.181961841155277e-07,24.846615457971517
661,9246.0,2733.0,7,18.24552423070012,18.24552423070012,18.24552423070012,4.1810005548538175e-07,24.846865059319892
961,9269.5,2825.0,6,18.24530634472299,18.24530634472299,18.24530634472299,4.1809506258202773e-07,24.846878025135695
9213,8593.6,4161.2,5,18.241837081676195,18.241837081676195,18.241837081676195,4.18015563683886e-07,24.84708449262815
6304,9149.166666666666,3490.666666666667,6,18.241723015997863,18.241723015997863,18.241723015997863,4.1801294984468706e-07,24.847091281726385
863,8757.5,2793.5,4,18.24152890558498,18.24152890558498,18.24152890558498,4.180085017634277e-07,24.84710283512099
8766,8709.666666666666,3931.666666666667,6,18.24020641839014,18.24020641839014,18.24020641839014,4.1797819668901335e-07,24.847181552441626
1242,9112.285714285714,2888.285714285714,7,18.23430750037477,18.23430750037477,18.23430750037477,4.1784302173222143e-07,24.847532738419225
4083,9379.333333333334,3259.666666666667,6,18.233892019236173,18.233892019236173,18.233892019236173,4.178335008938556e-07,24.847557477941358
5090,8752.8,3362.2,5,18.23315738957993,18.23315738957993,18.23315738957993,4.1781666669955386e-07,24.84760122230938
2495,8555.0,3086.5,6,18.229571282411328,18.229571282411328,18.229571282411328,4.1773449029359205e-07,24.847814786490744
4465,8609.0,3299.0,5,18.22913387977458,18.22913387977458,18.22913387977458,4.177244671194491e-07,24.847840838094974
8541,8418.857142857143,3861.857142857143,7,18.228524800884873,18.228524800884873,18.228524800884873,4.1771050994757713e-07,24.847877115740115
6806,9302.285714285714,3552.142857142857,7,18.228423002147732,18.228423002147732,18.228423002147732,4.1770817720793595e-07,24.847883179142634
6653,8861.833333333334,3532.0,6,18.227270527190882,18.227270527190882,18.227270527190882,4.176817679999948e-07,24.84795182596649
8352,8688.714285714286,3815.0,7,18.223757563185,18.223757563185,18.223757563185,4.1760126768511177e-07,24.848161101392662
5840,8567.666666666666,3440.5,6,18.22281466745975,18.22281466745975,18.22281466745975,4.1757966102968993e-07,24.84821727874838
1371,8500.166666666666,2913.8333333333335,6,18.21985753325932,18.21985753325932,18.21985753325932,4.1751189767262514e-07,24.848393482493982
2425,9546.428571428572,3078.142857142857,7,18.21380208456341,18.21380208456341,18.21380208456341,4.1737313578210695e-07,24.848754391610154
5403,8610.2,3395.6,5,18.213522279714994,18.213522279714994,18.213522279714994,4.173667239946916e-07,24.848771071081373
3758,8965.0,3225.833333333333,6,18.210893221653564,18.210893221653564,18.210893221653564,4.1730647857189865e-07,24.848927804606802
3704,9637.428571428572,3220.5714285714284,7,18.2091353684148,18.2091353684148,18.2091353684148,4.1726619699229756e-07,24.849032613140977
5400,7903.4,3395.8,5,18.20596124710519,18.20596124710519,18.20596124710519,4.1719346132962843e-07,24.849221889499034
8019,8410.4,3745.2,5,18.20168608543862,18.20168608543862,18.20168608543862,4.170954950937779e-07,24.84947687427086
4942,8795.5,3346.5,4,18.20051194562984,18.20051194562984,18.20051194562984,4.170685894311622e-07,24.84954691433268
9224,8140.0,4172.5,6,18.19985954797065,18.19985954797065,18.19985954797065,4.170536396005047e-07,24.849585833262875
2153,8814.5,3038.5,6,18.197087805490803,18.197087805490803,18.197087805490803,4.16990124534017e-07,24.84975119774453
6334,8412.666666666666,3495.333333333333,6,18.19326044101445,18.19326044101445,18.19326044101445,4.1690241966570555e-07,24.849979582928864
5578,8597.5,3413.5,6,18.192243299092823,18.192243299092823,18.192243299092823,4.1687911164295483e-07,24.850040285554712
10475,8515.166666666666,3452.166666666667,6,18.1914183996548,18.1914183996548,18.1914183996548,4.16860208897468e-07,24.85008951771791
3702,9303.2,3219.4,5,18.18924541608507,18.18924541608507,18.18924541608507,4.1681041451833223e-07,24.85021921776675
7428,8847.0,3641.5,6,18.184601540788144,18.184601540788144,18.184601540788144,4.1670399913148113e-07,24.850496451218227
878,8595.0,2800.5,6,18.182699035590993,18.182699035590993,18.182699035590993,4.166604028215899e-07,24.85061004880405
6768,9017.0,3546.666666666667,6,18.181793538474878,18.181793538474878,18.181793538474878,4.166396531632242e-07,24.850664119736045
9571,8977.833333333334,3152.0,6,18.179641945087567,18.179641945087567,18.179641945087567,4.16590348944653e-07,24.85079261096914
4409,8376.6,3294.2,5,18.177918166126865,18.177918166126865,18.177918166126865,4.165508481843569e-07,24.8508955644799
2965,8936.8,3141.4,5,18.173921041290782,18.173921041290782,18.173921041290782,4.16459253221416e-07,24.851134332215537
2544,9239.714285714286,3092.5714285714284,7,18.173304549003664,18.173304549003664,18.173304549003664,4.164451261699709e-07,24.85117116297691
6425,8800.2,3504.4,5,18.171250738509087,18.171250738509087,18.171250738509087,4.1639806266711495e-07,24.851293871668567
5709,8852.833333333334,3425.833333333333,6,18.16966809700162,18.16966809700162,18.16966809700162,4.163617961014784e-07,24.85138843896295
2214,9326.166666666666,3047.0,6,18.16816452508032,18.16816452508032,18.16816452508032,4.1632734143217036e-07,24.85147828925696
5022,9110.833333333334,3353.666666666667,6,18.168007658735128,18.168007658735128,18.168007658735128,4.163237468066173e-07,24.851487663688005
8564,8523.42857142857,3867.4285714285716,7,18.16366219145548,18.16366219145548,18.16366219145548,4.1622416950273945e-07,24.85174738371706
2740,8728.5,3115.166666666667,6,18.163050784355782,18.163050784355782,18.163050784355782,4.16210158979442e-07,24.851783931302553
10505,8655.4,3467.8,5,18.16131072196356,18.16131072196356,18.16131072196356,4.161702850808608e-07,24.851887952332014
7717,8859.57142857143,3687.714285714286,7,18.158470994160176,18.158470994160176,18.158470994160176,4.1610521211627256e-07,24.852057732828946
129,8740.6,2441.2,5,18.158195357032987,18.158195357032987,18.158195357032987,4.1609889583307267e-07,24.852074213923633
8553,8476.666666666666,3865.333333333333,6,18.153826094690757,18.153826094690757,18.153826094690757,4.1599877326029165e-07,24.852335497440563
10794,8807.285714285714,3895.0,7,18.151173530921927,18.151173530921927,18.151173530921927,4.159379891992308e-07,24.852494152422196
176,9678.428571428572,2477.285714285714,7,18.14348636749621,18.14348636749621,18.14348636749621,4.1576183621978335e-07,24.852954067560752
9209,9014.5,4152.666666666666,6,18.134834304821844,18.134834304821844,18.134834304821844,4.1556357236951107e-07,24.853471944777525
3316,8761.5,3181.5,4,18.126263293145286,18.126263293145286,18.126263293145286,4.153671658200349e-07,24.853985214285533
1282,8289.833333333334,2896.3333333333335,6,18.125445361616855,18.125445361616855,18.125445361616855,4.1534842274567345e-07,24.854034208272658
5414,8936.5,3397.0,6,18.124970341660017,18.124970341660017,18.124970341660017,4.1533753756266644e-07,24.85406266291822
3638,8400.285714285714,3215.5714285714284,7,18.124685166273842,18.124685166273842,18.124685166273842,4.153310027082399e-07,24.854079745852506
5160,9008.5,3368.5,4,18.121432410342138,18.121432410342138,18.121432410342138,4.152564651165363e-07,24.854274615544817
9001,9169.833333333334,4022.3333333333335,6,18.1184338731952,18.1184338731952,18.1184338731952,4.151877530021757e-07,24.85445428620495
5059,8744.5,3358.5,4,18.118361199650025,18.118361199650025,18.118361199650025,4.1518608767248243e-07,24.854458641131977
5905,7875.285714285715,3447.5714285714284,7,18.116373272656098,18.116373272656098,18.116373272656098,4.151405339040101e-07,24.854577773469686
6347,8970.5,3496.833333333333,6,18.112358044826138,18.112358044826138,18.112358044826138,4.15048524107127e-07,24.854818437610252
8281,8782.833333333334,3798.0,6,18.11107833986154,18.11107833986154,18.11107833986154,4.1501919939658763e-07,24.854895151591624
1703,9326.0,2970.5,6,18.10902047545403,18.10902047545403,18.10902047545403,4.149720429974576e-07,24.855018524965367
6224,9146.57142857143,3482.142857142857,7,18.10750891292497,18.10750891292497,18.10750891292497,4.149374052216788e-07,24.855109155304177
5065,9255.0,3358.833333333333,6,18.10703501839484,18.10703501839484,18.10703501839484,4.1492654582806326e-07,24.85513757065297
6521,8004.666666666667,3515.333333333333,6,18.099507095626024,18.099507095626024,18.099507095626024,4.1475404188202507e-07,24.855589054718408
6059,8647.6,3462.8,5,18.09741674263057,18.09741674263057,18.09741674263057,4.147061410000152e-07,24.85571445608901
5662,9109.0,3420.166666666667,6,18.095586564160286,18.095586564160286,18.095586564160286,4.1466420207240213e-07,24.855824261346736
1223,9197.666666666666,2882.6666666666665,6,18.093918260344868,18.093918260344868,18.093918260344868,4.1462597253681994e-07,24.85592436428338
7615,8969.8,3669.4,5,18.093166456771336,18.093166456771336,18.093166456771336,4.1460874479856294e-07,24.855969477636123
3523,8325.166666666666,3202.833333333333,6,18.091290363917057,18.091290363917057,18.091290363917057,4.145657537331076e-07,24.856082064205943
10751,8524.5,3734.0,6,18.086349490047933,18.086349490047933,18.086349490047933,4.144525325610159e-07,24.856378627812518
3374,8765.666666666666,3189.5,6,18.083130303537928,18.083130303537928,18.083130303537928,4.143787642197267e-07,24.85657189502968
6136,8411.6,3471.8,5,18.078575717215884,18.078575717215884,18.078575717215884,4.142743949086627e-07,24.856845393148987
7122,9207.666666666666,3594.833333333333,6,18.077281835080182,18.077281835080182,18.077281835080182,4.142447453252422e-07,24.85692310197821
10786,8803.166666666666,3863.166666666667,6,18.07647820711865,18.07647820711865,18.07647820711865,4.1422633002014837e-07,24.85697136959807
8884,8075.166666666667,3970.3333333333335,6,18.07532806752861,18.07532806752861,18.07532806752861,4.1419997432763266e-07,24.857040453183238
6646,8112.714285714285,3531.5714285714284,7,18.0727200301897,18.0727200301897,18.0727200301897,4.1414021059915224e-07,24.8571971222548
1998,8176.0,3015.857142857143,7,18.072502264678395,18.072502264678395,18.072502264678395,4.1413522045629813e-07,24.857210204808165
7980,8919.833333333334,3736.166666666667,6,18.069303115829513,18.069303115829513,18.069303115829513,4.140619112822612e-07,24.857402416110403
223,8573.666666666666,2516.8333333333335,6,18.05796613864113,18.05796613864113,18.05796613864113,4.138021220467443e-07,24.858083838606152
2882,9032.0,3132.833333333333,6,18.055793821170703,18.055793821170703,18.055793821170703,4.137523429314153e-07,24.858214457169897
5921,8669.333333333334,3448.833333333333,6,18.05553639824622,18.05553639824622,18.05553639824622,4.137464440305315e-07,24.85822993670983
2526,9499.0,3090.0,7,18.053814553668758,18.053814553668758,18.053814553668758,4.137069875970374e-07,24.858333481578335
3273,9292.166666666666,3177.0,6,18.0519601658326,18.0519601658326,18.0519601658326,4.1366449390667334e-07,24.858445008115506
4430,8553.2,3295.4,5,18.04486720603733,18.04486720603733,18.04486720603733,4.135019572293787e-07,24.858871698431994
1940,8881.333333333334,3006.5,6,18.043332211498857,18.043332211498857,18.043332211498857,4.1346678250413695e-07,24.858964060986647
9870,9093.4,3258.8,5,18.039940861839874,18.039940861839874,18.039940861839874,4.1338906900779327e-07,24.85916815062736
1263,9248.0,2892.142857142857,7,18.039064004774655,18.039064004774655,18.039064004774655,4.133689756422651e-07,24.859220925667348
608,9514.666666666666,2713.3333333333335,6,18.035434469006695,18.035434469006695,18.035434469006695,4.1328580406074284e-07,24.85943940235142
1275,8584.833333333334,2893.6666666666665,6,18.031660439172,18.031660439172,18.031660439172,4.131993213670511e-07,24.85966662336019
2657,8675.166666666666,3107.0,6,18.03143878103873,18.03143878103873,18.03143878103873,4.1319424202393947e-07,24.859679970092206
3377,8432.5,3189.0,6,18.028302992228202,18.028302992228202,18.028302992228202,4.131223847586126e-07,24.85986880336073
8039,8772.166666666666,3748.166666666667,6,18.020999444422557,18.020999444422557,18.020999444422557,4.1295502241241913e-07,24.860308741215185
10664,8711.0,3590.5,6,18.018693668396388,18.018693668396388,18.018693668396388,4.129021850659944e-07,24.860447669396805
9344,9143.0,2644.5,6,18.018246444382015,18.018246444382015,18.018246444382015,4.1289193683290123e-07,24.860474617706096
7258,9267.166666666666,3615.333333333333,6,18.005957159594487,18.005957159594487,18.005957159594487,4.1261032526687695e-07,24.86121539310747
8984,7514.166666666667,4011.0,6,18.004904591182367,18.004904591182367,18.004904591182367,4.1258620543858674e-07,24.86127886349267
528,8688.333333333334,2680.1666666666665,6,18.004065496204028,18.004065496204028,18.004065496204028,4.1256697739928433e-07,24.861329463984447
8606,8139.166666666667,3879.666666666667,6,17.998476912693732,17.998476912693732,17.998476912693732,4.1243891382346185e-07,24.861666536151752
4599,8610.6,3311.8,5,17.99835889858481,17.99835889858481,17.99835889858481,4.124362095051389e-07,24.861673655232522
1573,8528.0,2950.0,5,17.997622692787257,17.997622692787257,17.997622692787257,4.1241933919322496e-07,24.861718067150367
8607,8738.333333333334,3880.5,6,17.997408228018276,17.997408228018276,17.997408228018276,4.124144246875809e-07,24.861731005167552
2277,8694.857142857143,3057.714285714286,7,17.994260534026083,17.994260534026083,17.994260534026083,4.123422946124925e-07,24.86192091385782
6389,8797.8,3500.6,5,17.99359679515888,17.99359679515888,17.99359679515888,4.123270848956493e-07,24.861960963217363
5588,8364.833333333334,3413.333333333333,6,17.99263555058137,17.99263555058137,17.99263555058137,4.123050577723882e-07,24.862018966402005
856,8942.0,2791.8333333333335,6,17.99169132004033,17.99169132004033,17.99169132004033,4.1228342052937966e-07,24.862075945946906
135,9432.166666666666,2446.8333333333335,6,17.988437915308836,17.988437915308836,17.988437915308836,4.122088680702913e-07,24.862272295398142
8663,8936.5,3900.5,6,17.986227959439617,17.986227959439617,17.986227959439617,4.121582264630753e-07,24.862405690888707
7690,8292.5,3683.0,6,17.985352045150318,17.985352045150318,17.985352045150318,4.1213815470145716e-07,24.862458566623175
967,8787.4,2828.2,5,17.985126837049854,17.985126837049854,17.985126837049854,4.121329940100948e-07,24.862472162026734
8179,8550.0,3775.5,6,17.984597491653567,17.984597491653567,17.984597491653567,4.121208639481267e-07,24.862504118316213
9161,8882.0,4115.142857142857,7,17.984304397417503,17.984304397417503,17.984304397417503,4.1211414763157636e-07,24.862521812658088
4589,8892.5,3310.5,4,17.983601891024648,17.983601891024648,17.983601891024648,4.1209804954866475e-07,24.862564224725045
8629,8861.0,3889.5,6,17.97629993723833,17.97629993723833,17.97629993723833,4.11930723729762e-07,24.863005160061196
379,9821.6,2610.8,5,17.970636322257658,17.970636322257658,17.970636322257658,4.1180094079189046e-07,24.863347286123947
3851,8656.5,3235.5,4,17.964332095354465,17.964332095354465,17.964332095354465,4.116564780960156e-07,24.86372823692276
4030,8837.0,3253.5,4,17.964017011483776,17.964017011483776,17.964017011483776,4.1164925788232634e-07,24.863747280267333
8020,8569.285714285714,3745.285714285714,7,17.958522362799066,17.958522362799066,17.958522362799066,4.115233468429447e-07,24.86407942488516
6093,8906.166666666666,3466.5,6,17.958499834878594,17.958499834878594,17.958499834878594,4.115228306108716e-07,24.864080786878855
6770,8534.166666666666,3547.5,6,17.953835488027266,17.953835488027266,17.953835488027266,4.114159461140117e-07,24.864362820905935
4717,8680.4,3324.6,5,17.951278592336763,17.951278592336763,17.951278592336763,4.113573543072457e-07,24.86451745705172
1118,8917.166666666666,2863.0,6,17.950223377699338,17.950223377699338,17.950223377699338,4.113331738401417e-07,24.86458128082917
8758,8892.285714285714,3929.0,7,17.940674949449082,17.940674949449082,17.940674949449082,4.111143695826837e-07,24.865158980189044
7294,8882.333333333334,3620.666666666667,6,17.93737722920384,17.93737722920384,17.93737722920384,4.1103880162420367e-07,24.865358570415165
5321,8654.333333333334,3386.333333333333,6,17.935106257248975,17.935106257248975,17.935106257248975,4.109867618204508e-07,24.86549603937382
6420,8100.833333333333,3505.333333333333,6,17.932628804367045,17.932628804367045,17.932628804367045,4.1092999046248375e-07,24.86564602711568
1445,9018.833333333334,2927.1666666666665,6,17.931073856187254,17.931073856187254,17.931073856187254,4.1089435849532144e-07,24.865740175985493
6661,8595.0,3534.166666666667,6,17.930470565728093,17.930470565728093,17.930470565728093,4.108805339665625e-07,24.8657767061631
4887,9218.666666666666,3341.833333333333,6,17.929176944299996,17.929176944299996,17.929176944299996,4.1085089035731206e-07,24.865855041100442
1022,9417.0,2842.1666666666665,6,17.92564482332724,17.92564482332724,17.92564482332724,4.107699510564721e-07,24.86606895663219
6833,8970.6,3555.2,5,17.92040875264638,17.92040875264638,17.92040875264638,4.106499653868629e-07,24.86638614588915
2766,8633.5,3119.0,6,17.917547409926748,17.917547409926748,17.917547409926748,4.105843971118868e-07,24.866559518688504
2145,8212.833333333334,3038.5,6,17.913695517519464,17.913695517519464,17.913695517519464,4.1049613018083864e-07,24.86679295402135
5284,9124.5,3382.5,6,17.91195076371106,17.91195076371106,17.91195076371106,4.1045614877746114e-07,24.866898707445294
9015,8988.0,4026.8333333333335,6,17.911683841299077,17.911683841299077,17.911683841299077,4.1045003219380753e-07,24.86691488711717
923,8462.5,2815.5,6,17.90769155227558,17.90769155227558,17.90769155227558,4.1035854804453715e-07,24.867156911033163
5742,8552.0,3428.5,6,17.90416141299452,17.90416141299452,17.90416141299452,4.102776541545825e-07,24.867370963070144
6927,8968.42857142857,3567.142857142857,7,17.902577515636935,17.902577515636935,17.902577515636935,4.1024135881087433e-07,24.867467017319058
578,8900.0,2702.5,6,17.88642529038181,17.88642529038181,17.88642529038181,4.098712271451578e-07,24.868447042218477
2502,9066.6,3086.8,5,17.88563185808595,17.88563185808595,17.88563185808595,4.0985304547590415e-07,24.868495205966298
9389,9010.666666666666,2997.5,6,17.884104579401843,17.884104579401843,17.884104579401843,4.0981804756110084e-07,24.868587922431566
4558,8597.166666666666,3308.666666666667,6,17.87997884338492,17.87997884338492,17.87997884338492,4.097235054456876e-07,24.868838422964842
4778,9093.142857142857,3333.0,7,17.878601043417866,17.878601043417866,17.878601043417866,4.096919328673726e-07,24.86892209112575
6107,8578.5,3469.5,6,17.8775270652041,17.8775270652041,17.8775270652041,4.096673224289391e-07,24.868987313905272
10214,9027.666666666666,3361.166666666667,6,17.874710389123393,17.874710389123393,17.874710389123393,4.0960277769946263e-07,24.869158389475476
733,8842.5,2755.6666666666665,6,17.874620686963723,17.874620686963723,17.874620686963723,4.096007221554585e-07,24.869163838130287
6439,9096.666666666666,3506.166666666667,6,17.87256820454892,17.87256820454892,17.87256820454892,4.0955368908583207e-07,24.869288516715592
7918,8844.0,3724.5,6,17.869337978437617,17.869337978437617,17.869337978437617,4.094796677697389e-07,24.86948476665426
4192,8829.0,3269.5,6,17.869165120499645,17.869165120499645,17.869165120499645,4.0947570669344737e-07,24.869495269507222
6482,8345.5,3510.5,6,17.868494137098338,17.868494137098338,17.868494137098338,4.094603309665694e-07,24.869536039439378
1462,8924.333333333334,2932.166666666667,6,17.8660193449697,17.8660193449697,17.8660193449697,4.094036205803281e-07,24.869686424663957
10530,9046.2,3475.6,5,17.858855799268348,17.858855799268348,17.858855799268348,4.092394664120325e-07,24.870121847936687
4382,8810.5,3290.5,4,17.854783990435408,17.854783990435408,17.854783990435408,4.0914616004947194e-07,24.870369423390436
3586,8680.5,3208.5,4,17.851990907074068,17.851990907074068,17.851990907074068,4.0908215595216095e-07,24.87053928200932
5350,9005.5,3389.666666666667,6,17.84779780057498,17.84779780057498,17.84779780057498,4.0898607002786754e-07,24.870794331561278
5107,8936.5,3363.5,4,17.847635419720177,17.847635419720177,17.847635419720177,4.0898234903615777e-07,24.870804209730956
8335,8064.833333333333,3812.0,6,17.84728274298186,17.84728274298186,17.84728274298186,4.089742673739378e-07,24.870825664544306
3590,9057.333333333334,3209.5,6,17.842887978646985,17.842887978646985,17.842887978646985,4.088735604175893e-07,24.87109305215705
4330,8678.8,3284.8,5,17.841035781274428,17.841035781274428,17.841035781274428,4.0883111692216304e-07,24.87120576385104
3008,9078.8,3146.4,5,17.840618035966074,17.840618035966074,17.840618035966074,4.0882154419986724e-07,24.87123118650706
5015,8260.833333333334,3354.166666666667,6,17.839026400191763,17.839026400191763,17.839026400191763,4.0878507152869934e-07,24.871328053872944
8945,8813.666666666666,3995.6666666666665,6,17.83742684456739,17.83742684456739,17.83742684456739,4.087484173724884e-07,24.87142541195068
6677,8914.333333333334,3535.833333333333,6,17.83691126933273,17.83691126933273,17.83691126933273,4.087366028566931e-07,24.87145679466039
1180,9137.4,2876.2,5,17.830932771926783,17.830932771926783,17.830932771926783,4.0859960432129663e-07,24.871820767943266
4065,8599.0,3257.5,6,17.82742877013358,17.82742877013358,17.82742877013358,4.0851930937741696e-07,24.87203414968355
2981,8613.833333333334,3144.666666666667,6,17.82708134554357,17.82708134554357,17.82708134554357,4.085113480692888e-07,24.87205530893967
8026,9394.0,3744.5,6,17.826867467199207,17.826867467199207,17.826867467199207,4.085064470016892e-07,24.87206833501222
538,8785.142857142857,2686.4285714285716,7,17.825052232188717,17.825052232188717,17.825052232188717,4.084648505066251e-07,24.872178896597084
2174,9264.166666666666,3040.833333333333,6,17.814461007209264,17.814461007209264,17.814461007209264,4.082221503410625e-07,24.87282420713622
5556,8563.166666666666,3411.0,6,17.811086215784442,17.811086215784442,17.811086215784442,4.0814481628016467e-07,24.873029909702492
6788,8396.5,3550.5,6,17.81028988778322,17.81028988778322,17.81028988778322,4.0812656825520873e-07,24.873078453708175
7972,7919.5,3735.5,6,17.806927007118965,17.806927007118965,17.806927007118965,4.080495071319142e-07,24.87328347822264
6659,9705.666666666666,3533.833333333333,6,17.803691469937213,17.803691469937213,17.803691469937213,4.0797536411151585e-07,24.873480775546867
1069,8871.5,2853.0,6,17.801835855890744,17.801835855890744,17.801835855890744,4.0793284232228255e-07,24.873593943782556
5179,9082.4,3370.8,5,17.794028600356697,17.794028600356697,17.794028600356697,4.0775393740671533e-07,24.87407021372338
2236,9216.166666666666,3050.666666666667,6,17.78664499587092,17.78664499587092,17.78664499587092,4.075847405447259e-07,24.87452083177057
3519,9022.5,3201.5,4,17.782073160846195,17.782073160846195,17.782073160846195,4.074799759759836e-07,24.874799942578782
4439,8430.2,3296.4,5,17.778383628110845,17.778383628110845,17.778383628110845,4.073954295512352e-07,24.875025241106727
7920,9049.166666666666,3725.833333333333,6,17.773127474400706,17.773127474400706,17.773127474400706,4.072749836747528e-07,24.8753462849243
9385,9078.833333333334,2990.0,6,17.76428622289263,17.76428622289263,17.76428622289263,4.0707238452225116e-07,24.87588651934527
5234,8951.0,3376.5,4,17.75749018524789,17.75749018524789,17.75749018524789,4.069166518789783e-07,24.876301966147537
6041,9410.333333333334,3460.666666666667,6,17.753656768529186,17.753656768529186,17.753656768529186,4.0682880832225047e-07,24.876536375886037
3318,9056.8,3182.2,5,17.75115248243705,17.75115248243705,17.75115248243705,4.0677142207558335e-07,24.876689537902067
5713,9361.833333333334,3426.166666666667,6,17.745990594166635,17.745990594166635,17.745990594166635,4.0665313631163486e-07,24.877005306920857
2473,9013.5,3083.0,6,17.745308539484704,17.745308539484704,17.745308539484704,4.0663750688401446e-07,24.8770470372311
501,9033.0,2663.5,6,17.743071020234495,17.743071020234495,17.743071020234495,4.0658623365608015e-07,24.877183947154414
1580,9482.2,2949.4,5,17.74204824134141,17.74204824134141,17.74204824134141,4.065627964609335e-07,24.877246534971338
4451,8583.2,3297.4,5,17.735640640697383,17.735640640697383,17.735640640697383,4.064159649338739e-07,24.87763872309293
8776,9041.333333333334,3935.5,6,17.733118856907502,17.733118856907502,17.733118856907502,4.063581777237538e-07,24.877793112025874
9753,8916.8,3231.6,5,17.73214133111459,17.73214133111459,17.73214133111459,4.063357775129905e-07,24.877852964125594
5967,8767.0,3452.833333333333,6,17.72879681789931,17.72879681789931,17.72879681789931,4.0625913728368275e-07,24.87805776745486
7669,8774.333333333334,3680.0,6,17.727569130774604,17.727569130774604,17.727569130774604,4.0623100457297146e-07,24.878132955327295
5450,8486.5,3400.833333333333,6,17.725833274584964,17.725833274584964,17.725833274584964,4.0619122706041406e-07,24.878239274144953
4503,8824.5,3303.5,4,17.7241602903768,17.7241602903768,17.7241602903768,4.0615289027264e-07,24.878341751992956
6388,8788.833333333334,3501.0,6,17.72165469275545,17.72165469275545,17.72165469275545,4.060954739720029e-07,24.878495249270863
1058,9377.42857142857,2851.0,7,17.720879444866853,17.720879444866853,17.720879444866853,4.060777090022964e-07,24.878542746704156
10347,8416.2,3401.6,5,17.709439122358106,17.709439122358106,17.709439122358106,4.058155515868559e-07,24.87924390736406
8517,8228.833333333334,3853.666666666667,6,17.703832036622515,17.703832036622515,17.703832036622515,4.056870640286186e-07,24.879587722879425
7454,8679.5,3646.166666666667,6,17.703492266736347,17.703492266736347,17.703492266736347,4.0567927812965167e-07,24.879608560402392
3749,8250.8,3225.6,5,17.703462365932715,17.703462365932715,17.703462365932715,4.05678592946398e-07,24.879610394188177
4829,8200.0,3337.5,6,17.69472726048085,17.69472726048085,17.69472726048085,4.0547842615327565e-07,24.8801462419552
818,8739.5,2783.5,6,17.69285466213787,17.69285466213787,17.69285466213787,4.054355151652874e-07,24.8802611493724
2101,8255.5,3031.333333333333,6,17.682710968421237,17.682710968421237,17.682710968421237,4.0520307027348134e-07,24.88088380377375
10316,8812.2,3407.0,5,17.68188563815164,17.68188563815164,17.68188563815164,4.0518415765539764e-07,24.88093448106351
4001,9235.0,3251.5,6,17.679928969707525,17.679928969707525,17.679928969707525,4.0513932018322054e-07,24.88105463472622
9414,8863.0,3036.0,6,17.677331612967983,17.677331612967983,17.677331612967983,4.050798012029387e-07,24.881214151849854
5945,8984.6,3450.2,5,17.676038450949108,17.676038450949108,17.676038450949108,4.0505016812114796e-07,24.881293580363774
7699,8683.2,3684.6,5,17.674378986119443,17.674378986119443,17.674378986119443,4.0501214113279807e-07,24.88139551641874
2520,9146.166666666666,3088.833333333333,6,17.67228896514478,17.67228896514478,17.67228896514478,4.04964247859115e-07,24.88152391389296
491,8767.0,2660.1666666666665,6,17.669867842030293,17.669867842030293,17.669867842030293,4.0490876730970983e-07,24.881672671142837
1636,8928.666666666666,2960.166666666667,6,17.667973306298116,17.667973306298116,17.667973306298116,4.0486535362179786e-07,24.881789088330237
6398,9090.166666666666,3501.5,6,17.667174379456895,17.667174379456895,17.667174379456895,4.048470460438725e-07,24.881838185269313
1926,9657.571428571428,3004.142857142857,7,17.664271352485187,17.664271352485187,17.664271352485187,4.0478052256542376e-07,24.882016605451582
3784,9232.6,3228.2,5,17.66393547965159,17.66393547965159,17.66393547965159,4.0477282596824264e-07,24.88203725010515
5289,8376.0,3382.5,6,17.660106056692026,17.660106056692026,17.660106056692026,4.0468507392935203e-07,24.882272655963934
7550,9259.666666666666,3660.5,6,17.658194539505537,17.658194539505537,17.658194539505537,4.046412711078147e-07,24.88239018163093
9068,9235.666666666666,4059.5,6,17.656705722045004,17.656705722045004,17.656705722045004,4.046071545401028e-07,24.88248172729626
1941,8942.5,3005.5,4,17.653150819130715,17.653150819130715,17.653150819130715,4.0452569318624325e-07,24.88270034539271
8717,8349.2,3913.4,5,17.64986388975723,17.64986388975723,17.64986388975723,4.0445037250287713e-07,24.882902522927004
8595,8852.0,3876.5,6,17.64698669752889,17.64698669752889,17.64698669752889,4.043844410330492e-07,24.883079528621582
9617,9052.2,3180.4,5,17.64517076303479,17.64517076303479,17.64517076303479,4.0434282850916984e-07,24.883191260290562
5952,9129.4,3450.8,5,17.637288336676455,17.637288336676455,17.637288336676455,4.041622010382291e-07,24.88367638723689
1984,9217.5,3011.5,6,17.637108536819394,17.637108536819394,17.637108536819394,4.0415808088639e-07,24.883687455616887
403,9002.833333333334,2620.6666666666665,6,17.63432008314048,17.63432008314048,17.63432008314048,4.0409418287923327e-07,24.883859125732858
7292,8644.833333333334,3621.333333333333,6,17.633993700911255,17.633993700911255,17.633993700911255,4.040867037612631e-07,24.883879221108273
1178,8643.6,2875.8,5,17.630327113236127,17.630327113236127,17.630327113236127,4.0400268312743373e-07,24.884104998716303
1129,8768.0,2864.5,6,17.629846180393056,17.629846180393056,17.629846180393056,4.0399166244938523e-07,24.88413461661951
6132,9064.833333333334,3471.0,6,17.62913060255628,17.62913060255628,17.62913060255628,4.0397526483156525e-07,24.884178686461333
8667,8837.5,3901.5,6,17.62866518929538,17.62866518929538,17.62866518929538,4.0396459978803205e-07,24.88420735053498
8018,8080.4,3744.8,5,17.62577759374807,17.62577759374807,17.62577759374807,4.038984299239446e-07,24.884385209935942
1953,8534.166666666666,3008.166666666667,6,17.62057359548713,17.62057359548713,17.62057359548713,4.037791792006366e-07,24.884705820108163
8013,8542.8,3743.6,5,17.61520101093621,17.61520101093621,17.61520101093621,4.036560652867563e-07,24.885036915971416
8428,8157.142857142857,3832.5714285714284,7,17.61249315676718,17.61249315676718,17.61249315676718,4.0359401423445425e-07,24.885203830973023
5861,9600.5,3440.5,4,17.61243454836847,17.61243454836847,17.61243454836847,4.035926712105738e-07,24.88520744394057
4621,9140.4,3314.8,5,17.611737109477176,17.611737109477176,17.611737109477176,4.035766892505347e-07,24.885250439112315
7835,8167.0,3707.5,6,17.60879829174169,17.60879829174169,17.60879829174169,4.0350934561914694e-07,24.885431627773173
6259,9158.666666666666,3486.5,6,17.604805846828743,17.604805846828743,17.604805846828743,4.034178578976368e-07,24.885677824782093
7746,8474.5,3694.0,6,17.597815704920983,17.597815704920983,17.597815704920983,4.0325767731403e-07,24.886109011433017
1895,8928.8,3000.2,5,17.586640770042322,17.586640770042322,17.586640770042322,4.0300160131239055e-07,24.886798692787067
4622,9179.4,3314.8,5,17.57993889311504,17.57993889311504,17.57993889311504,4.028480263819187e-07,24.8872125215175
6670,8162.5,3536.5,6,17.577271433533834,17.577271433533834,17.577271433533834,4.027869009801596e-07,24.88737727619631
6753,8568.833333333334,3544.833333333333,6,17.57515760120338,17.57515760120338,17.57515760120338,4.027384620642109e-07,24.88750785404585
7592,8925.57142857143,3667.714285714286,7,17.568968762951265,17.568968762951265,17.568968762951265,4.025966435237359e-07,24.887890247721284
7000,8262.142857142857,3578.285714285714,7,17.566250582633916,17.566250582633916,17.566250582633916,4.0253435584555616e-07,24.88805824022809
1992,9113.5,3013.0,6,17.56155147930098,17.56155147930098,17.56155147930098,4.0242667489655244e-07,24.888348721633097
2527,9587.8,3089.6,5,17.561113296388697,17.561113296388697,17.561113296388697,4.024166338422302e-07,24.88837581246207
8779,8705.5,3936.0,6,17.55888294306928,17.55888294306928,17.55888294306928,4.0236552482311897e-07,24.88851371540118
6139,8501.5,3472.5,6,17.558504676694106,17.558504676694106,17.558504676694106,4.023568567689459e-07,24.88853710538127
4408,8177.0,3293.5,6,17.55226993581142,17.55226993581142,17.55226993581142,4.022139863599608e-07,24.888922701201896
4725,9418.166666666666,3326.333333333333,6,17.549103513981496,17.549103513981496,17.549103513981496,4.0214142713250085e-07,24.88911858520823
6131,8977.5,3471.0,6,17.546379015757758,17.546379015757758,17.546379015757758,4.020789946781569e-07,24.8892871588339
8723,8250.6,3917.2,5,17.542436476581422,17.542436476581422,17.542436476581422,4.019886505571803e-07,24.889531142991267
4314,8951.166666666666,3282.666666666667,6,17.541862608709437,17.541862608709437,17.541862608709437,4.019755002532436e-07,24.889566661393605
6450,8882.8,3508.8,5,17.54092308563243,17.54092308563243,17.54092308563243,4.0195397088277114e-07,24.889624813800832
10597,8230.333333333334,3526.666666666667,6,17.536067071192633,17.536067071192633,17.536067071192633,4.018426942824913e-07,24.88992542971447
6430,9104.0,3504.5,6,17.53581263559979,17.53581263559979,17.53581263559979,4.0183686383694527e-07,24.88994118307227
4343,8920.166666666666,3286.833333333333,6,17.532937224152988,17.532937224152988,17.532937224152988,4.017709731741038e-07,24.890119229813653
44,9268.5,2208.0,6,17.530002567147328,17.530002567147328,17.530002567147328,4.0170372488672207e-07,24.89030097517705
5788,8124.333333333333,3434.833333333333,6,17.5221837143757,17.5221837143757,17.5221837143757,4.0152455421799723e-07,24.890785350765285
8637,8766.166666666666,3891.833333333333,6,17.52007200394387,17.52007200394387,17.52007200394387,4.0147616392580534e-07,24.890916207665082
8649,8781.333333333334,3895.833333333333,6,17.519577062602526,17.519577062602526,17.519577062602526,4.0146482224004937e-07,24.890946880103186
2220,9200.4,3048.2,5,17.518644440734306,17.518644440734306,17.518644440734306,4.0144345101223925e-07,24.89100467877472
8565,8682.166666666666,3866.5,6,17.51766772462345,17.51766772462345,17.51766772462345,4.0142106935551187e-07,24.891065213458766
9587,8612.666666666666,3158.666666666667,6,17.517416902255547,17.517416902255547,17.517416902255547,4.0141532170778134e-07,24.891080759413843
6524,8771.0,3515.5,4,17.51536604236361,17.51536604236361,17.51536604236361,4.013683258186104e-07,24.89120787993645
682,9661.333333333334,2740.8333333333335,6,17.514272637733235,17.514272637733235,17.514272637733235,4.013432702197223e-07,24.891275659624664
5978,9115.166666666666,3453.666666666667,6,17.508449259269007,17.508449259269007,17.508449259269007,4.012098262677579e-07,24.89163671967645
9180,8682.166666666666,4124.666666666666,6,17.50293736647876,17.50293736647876,17.50293736647876,4.010835200760425e-07,24.891978577693816
532,8045.0,2681.1666666666665,6,17.50267562595811,17.50267562595811,17.50267562595811,4.0107752223652723e-07,24.891994814013376
7131,8464.2,3596.4,5,17.495409482289958,17.495409482289958,17.495409482289958,4.0091101701407344e-07,24.892445645271057
372,8752.4,2610.2,5,17.489876038795323,17.489876038795323,17.489876038795323,4.0078421698339854e-07,24.892789095947517
8638,8015.833333333333,3892.833333333333,6,17.486012288100433,17.486012288100433,17.486012288100433,4.006956783171761e-07,24.893028976289852
5484,8166.8,3403.4,5,17.48587629361282,17.48587629361282,17.48587629361282,4.006925619746639e-07,24.893037420451428
4221,8528.4,3272.8,5,17.48538839284121,17.48538839284121,17.48538839284121,4.006813816250559e-07,24.893067715697356
5132,8451.166666666666,3366.333333333333,6,17.485166045252598,17.485166045252598,17.485166045252598,4.00676286482929e-07,24.893081522217205
9357,9248.833333333334,2816.8333333333335,6,17.48246736801586,17.48246736801586,17.48246736801586,4.0061444572197575e-07,24.893249108713672
8239,8853.8,3788.4,5,17.48034501036777,17.48034501036777,17.48034501036777,4.005658114465663e-07,24.89338092422759
4325,9222.5,3283.5,6,17.475956660698337,17.475956660698337,17.475956660698337,4.004652514836362e-07,24.893653526872175
3454,8380.666666666666,3196.666666666667,6,17.470867571040767,17.470867571040767,17.470867571040767,4.0034863391533305e-07,24.89396974495785
2321,7911.2,3063.4,5,17.470683915125573,17.470683915125573,17.470683915125573,4.0034442540110447e-07,24.893981158410767
4388,9261.833333333334,3291.166666666667,6,17.4699119035193,17.4699119035193,17.4699119035193,4.003267345914935e-07,24.89402913704032
8929,8855.8,3989.6,5,17.46979674086578,17.46979674086578,17.46979674086578,4.0032409561487557e-07,24.894036294298765
7562,8982.714285714286,3661.4285714285716,7,17.466731646399502,17.466731646399502,17.466731646399502,4.002538583254332e-07,24.89422680458672
8295,8951.666666666666,3801.166666666667,6,17.458282276802734,17.458282276802734,17.458282276802734,4.0006023923000154e-07,24.894752146490823
6469,8029.666666666667,3509.833333333333,6,17.457018840361066,17.457018840361066,17.457018840361066,4.000312873161138e-07,24.89483072285384
7655,8805.0,3676.166666666667,6,17.45420286347504,17.45420286347504,17.45420286347504,3.999667586088316e-07,24.8950058761664
5352,9373.0,3390.0,7,17.447437353779875,17.447437353779875,17.447437353779875,3.9981172551999463e-07,24.895426805318497
4478,9080.166666666666,3299.333333333333,6,17.44636392612182,17.44636392612182,17.44636392612182,3.99787127697662e-07,24.895493605680116
4053,9574.166666666666,3256.166666666667,6,17.445261752275176,17.445261752275176,17.445261752275176,3.9976187115032414e-07,24.895562199219476
10128,8857.5,3330.5,4,17.44523119301519,17.44523119301519,17.44523119301519,3.9976117087840354e-07,24.895564101129835
2892,9804.833333333334,3133.166666666667,6,17.441928334669186,17.441928334669186,17.441928334669186,3.996854851792554e-07,24.895769680084655
954,9016.833333333334,2823.6666666666665,6,17.441152857413755,17.441152857413755,17.441152857413755,3.996677149535593e-07,24.89581795355727
5543,9226.166666666666,3409.333333333333,6,17.440308543792398,17.440308543792398,17.440308543792398,3.9964836732794587e-07,24.895870514535517
6228,8544.4,3483.2,5,17.432442584626216,17.432442584626216,17.432442584626216,3.994681172062041e-07,24.89636031568515
272,8613.166666666666,2555.8333333333335,6,17.430455792254723,17.430455792254723,17.430455792254723,3.9942258943784534e-07,24.896484065144424
2297,9380.5,3059.0,6,17.426467288427297,17.426467288427297,17.426467288427297,3.9933119202714534e-07,24.896732535901126
8093,8224.833333333334,3757.333333333333,6,17.425371804966343,17.425371804966343,17.425371804966343,3.993060887914138e-07,24.896800790896364
7913,8904.5,3724.166666666667,6,17.424126741516456,17.424126741516456,17.424126741516456,3.992775578985275e-07,24.896878370805503
9759,9263.333333333334,3240.833333333333,6,17.421884057439836,17.421884057439836,17.421884057439836,3.992261663175011e-07,24.89701812644727
7894,8632.5,3720.0,6,17.421064384002637,17.421064384002637,17.421064384002637,3.9920738332693097e-07,24.897069209904146
6494,8565.166666666666,3511.833333333333,6,17.419167008613798,17.419167008613798,17.419167008613798,3.991639045676846e-07,24.89718746681998
8604,9059.166666666666,3879.0,6,17.416236091785446,17.416236091785446,17.416236091785446,3.990967419872587e-07,24.897370166156744
6295,8243.333333333334,3490.833333333333,6,17.412952578510733,17.412952578510733,17.412952578510733,3.9902149958452004e-07,24.897574881189612
9185,8115.833333333333,4129.833333333334,6,17.41174753909084,17.41174753909084,17.41174753909084,3.9899388585076546e-07,24.89765002066949
3336,8901.5,3184.0,4,17.40231897982224,17.40231897982224,17.40231897982224,3.987778284164323e-07,24.898238112175623
6804,8385.666666666666,3551.5,6,17.401824974925198,17.401824974925198,17.401824974925198,3.98766508189496e-07,24.898268933735427
5283,9099.333333333334,3381.666666666667,6,17.400877183723033,17.400877183723033,17.400877183723033,3.9874478935318287e-07,24.898328070018483
3428,8909.2,3192.8,5,17.39503917133173,17.39503917133173,17.39503917133173,3.9861101006167745e-07,24.898692396763717
8191,8825.5,3779.166666666667,6,17.392890771467485,17.392890771467485,17.392890771467485,3.985617790233643e-07,24.898826500490017
9358,8794.166666666666,2859.0,6,17.387778438536785,17.387778438536785,17.387778438536785,3.9844462883053017e-07,24.899145680374694
5432,8317.333333333334,3398.833333333333,6,17.382275159109717,17.382275159109717,17.382275159109717,3.9831852001585785e-07,24.89948937324545
7520,8983.6,3655.8,5,17.380657712601742,17.380657712601742,17.380657712601742,3.9828145588625664e-07,24.899590407311866
3111,8870.6,3159.2,5,17.37920217698118,17.37920217698118,17.37920217698118,3.9824810197896283e-07,24.89968133562553
1824,8994.333333333334,2990.5,6,17.37807730442325,17.37807730442325,17.37807730442325,3.982223252858441e-07,24.899751612406714
1162,8409.0,2871.8333333333335,6,17.377990610644744,17.377990610644744,17.377990610644744,3.9822033867953206e-07,24.8997570288177
8234,8502.2,3787.4,5,17.377366044449285,17.377366044449285,17.377366044449285,3.9820602661276576e-07,24.89979605095391
1579,9286.166666666666,2949.833333333333,6,17.376217168132285,17.376217168132285,17.376217168132285,3.981796998684196e-07,24.89986783501169
2930,9006.8,3137.2,5,17.371052237653387,17.371052237653387,17.371052237653387,3.9806134439161876e-07,24.900190608694523
4981,8235.166666666666,3351.0,6,17.370221430030064,17.370221430030064,17.370221430030064,3.9804230625881334e-07,24.900242537586056
7534,8967.5,3658.5,6,17.369484350094737,17.369484350094737,17.369484350094737,3.98025415915847e-07,24.90028861019109
734,9062.5,2754.5,6,17.3690113425009,17.3690113425009,17.3690113425009,3.9801457684656473e-07,24.900318177474276
9353,8957.166666666666,2774.8333333333335,6,17.368948981844458,17.368948981844458,17.368948981844458,3.980131478389029e-07,24.900322075643416
1446,9062.0,2927.5,6,17.368189611268374,17.368189611268374,17.368189611268374,3.979957467011784e-07,24.90036954507589
9077,8949.5,4062.0,6,17.36700360784071,17.36700360784071,17.36700360784071,3.9796856918122106e-07,24.90044368814184
1790,8736.5,2984.5,6,17.36582702848108,17.36582702848108,17.36582702848108,3.979416076157804e-07,24.90051724706495
4606,8684.2,3312.4,5,17.35854423507817,17.35854423507817,17.35854423507817,3.977747208611252e-07,24.90097267317045
5426,8911.5,3397.5,4,17.35308945539323,17.35308945539323,17.35308945539323,3.976497234283249e-07,24.901313910456743
248,8234.0,2540.5714285714284,7,17.35199275688992,17.35199275688992,17.35199275688992,3.976245923496402e-07,24.901382530105238
9196,8511.0,4141.5,6,17.350412508276307,17.350412508276307,17.350412508276307,3.975883806176736e-07,24.901481412768867
3875,9448.166666666666,3237.833333333333,6,17.348700102494643,17.348700102494643,17.348700102494643,3.97549140476186e-07,24.901588575218625
10536,9116.2,3487.6,5,17.344410026637,17.344410026637,17.344410026637,3.9745083247848547e-07,24.901857094857608
2476,8474.166666666666,3083.833333333333,6,17.34376239575719,17.34376239575719,17.34376239575719,3.974359918795879e-07,24.90189763641656
8510,8559.833333333334,3851.833333333333,6,17.343652914752195,17.343652914752195,17.343652914752195,3.974334830991504e-07,24.901904490054388
5295,9042.333333333334,3382.833333333333,6,17.342531224577172,17.342531224577172,17.342531224577172,3.9740777933101063e-07,24.901974711652073
8041,8045.2,3748.6,5,17.33562000872362,17.33562000872362,17.33562000872362,3.97249407354667e-07,24.902407477362104
4888,9476.0,3342.0,5,17.33542273893451,17.33542273893451,17.33542273893451,3.9724488687563176e-07,24.90241983251125
2418,8050.333333333333,3078.5,6,17.334516857962793,17.334516857962793,17.334516857962793,3.9722412842113356e-07,24.902476570295036
774,8793.0,2768.5,6,17.33414806272899,17.33414806272899,17.33414806272899,3.9721567740017266e-07,24.9024996697907
4841,8410.5,3338.666666666667,6,17.330868667789673,17.330868667789673,17.330868667789673,3.9714052936996264e-07,24.902705096365487
6785,8863.8,3548.8,5,17.330847607661248,17.330847607661248,17.330847607661248,3.971400467726554e-07,24.90270641573143
4661,8314.4,3318.8,5,17.32416318984672,17.32416318984672,17.32416318984672,3.9698687192145325e-07,24.90312525931866
7166,8758.166666666666,3602.0,6,17.323621515829146,17.323621515829146,17.323621515829146,3.9697445934651495e-07,24.903159207526148
7096,9554.5,3590.5,4,17.321827782506638,17.321827782506638,17.321827782506638,3.969333555671889e-07,24.903271633328153
7502,8631.0,3653.5,6,17.321595232139224,17.321595232139224,17.321595232139224,3.9692802662622293e-07,24.90328620973726
9272,8611.0,4219.0,5,17.314996862836267,17.314996862836267,17.314996862836267,3.967768235949043e-07,24.903699881412095
5144,8790.5,3368.833333333333,6,17.312330530532762,17.312330530532762,17.312330530532762,3.9671572402495266e-07,24.90386708654974
6177,8971.0,3475.6,5,17.30765816477632,17.30765816477632,17.30765816477632,3.9660865577318226e-07,24.90416015173466
1797,8466.0,2984.5,6,17.305104083600888,17.305104083600888,17.305104083600888,3.9655012846162573e-07,24.904320385025905
1796,8427.8,2984.6,5,17.297970961786625,17.297970961786625,17.297970961786625,3.963866714631521e-07,24.904768015111166
2082,9080.833333333334,3027.333333333333,6,17.29561857466171,17.29561857466171,17.29561857466171,3.963327660135189e-07,24.90491567668126
5278,8074.0,3381.5,6,17.295190326097828,17.295190326097828,17.295190326097828,3.9632295260689615e-07,24.904942560410504
1061,8946.2,2850.6,5,17.288339536528657,17.288339536528657,17.288339536528657,3.961659653116685e-07,24.905372716059354
1995,9616.0,3012.5,6,17.28705021733064,17.28705021733064,17.28705021733064,3.9613642028893234e-07,24.905453690448557
579,8963.833333333334,2704.1666666666665,6,17.28069476666944,17.28069476666944,17.28069476666944,3.9599078378978413e-07,24.905852926381442
7266,8179.5,3617.0,6,17.274307063457105,17.274307063457105,17.274307063457105,3.958444082165897e-07,24.906254336328168
8594,8674.6,3876.2,5,17.270657193384988,17.270657193384988,17.270657193384988,3.9576077067017716e-07,24.906483764621402
7952,8589.8,3732.6,5,17.269932159984556,17.269932159984556,17.269932159984556,3.957441563761116e-07,24.906529345488863
7813,8693.2,3703.8,5,17.26883879248293,17.26883879248293,17.26883879248293,3.957191016280367e-07,24.90659808613303
6551,9317.166666666666,3518.0,6,17.268213887304903,17.268213887304903,17.268213887304903,3.957047817934129e-07,24.906637376235906
6159,9319.166666666666,3473.666666666667,6,17.264842792760312,17.264842792760312,17.264842792760312,3.9562753244730926e-07,24.90684935396161
7939,8312.333333333334,3730.666666666667,6,17.264331476614867,17.264331476614867,17.264331476614867,3.9561581552944615e-07,24.906881509636513
5696,9606.333333333334,3424.833333333333,6,17.2642167803593,17.2642167803593,17.2642167803593,3.956131872404361e-07,24.90688872279105
4230,8478.0,3273.833333333333,6,17.262308365360845,17.262308365360845,17.262308365360845,3.955694555061952e-07,24.907008748495976
7167,8819.2,3601.6,5,17.259828251234737,17.259828251234737,17.259828251234737,3.9551262316525376e-07,24.907164749831185
3855,9297.833333333334,3236.0,6,17.25652740876313,17.25652740876313,17.25652740876313,3.9543698366029475e-07,24.907372410467428
4298,9017.166666666666,3280.666666666667,6,17.256315512476434,17.256315512476434,17.256315512476434,3.954321280119667e-07,24.90738574251722
462,9765.166666666666,2646.1666666666665,6,17.255043546235036,17.255043546235036,17.255043546235036,3.9540298063591e-07,24.907465775285434
5974,8643.166666666666,3454.5,6,17.25437470827565,17.25437470827565,17.25437470827565,3.9538765407228845e-07,24.907507861279605
5838,8525.8,3440.2,5,17.249864678166134,17.249864678166134,17.249864678166134,3.9528430577627973e-07,24.907791693242828
1641,8531.833333333334,2961.833333333333,6,17.247395200825746,17.247395200825746,17.247395200825746,3.952277171795378e-07,24.90794713752851
3951,8614.8,3245.2,5,17.246649299438488,17.246649299438488,17.246649299438488,3.9521062469113044e-07,24.907994093584442
9500,8783.5,3100.0,6,17.245915788138404,17.245915788138404,17.245915788138404,3.951938161241972e-07,24.90804027163894
1847,9559.2,2992.6,5,17.243024476909405,17.243024476909405,17.243024476909405,3.9512756111447614e-07,24.90822231267956
6766,8883.6,3545.8,5,17.233348224883812,17.233348224883812,17.233348224883812,3.9490582774810986e-07,24.908831765275824
2925,8410.166666666666,3137.166666666667,6,17.226649676267936,17.226649676267936,17.226649676267936,3.947523290865994e-07,24.909253869587268
2990,8512.833333333334,3146.5,6,17.217827851359033,17.217827851359033,17.217827851359033,3.94550175098736e-07,24.909810021144352
10645,8855.166666666666,3574.833333333333,6,17.217755711498633,17.217755711498633,17.217755711498633,3.945485219985425e-07,24.909814570209605
9394,8955.4,3008.2,5,17.216840569281125,17.216840569281125,17.216840569281125,3.945275513206338e-07,24.909872279789248
522,9080.833333333334,2674.6666666666665,6,17.21292212804545,17.21292212804545,17.21292212804545,3.9443775940907583e-07,24.91011941443096
9342,8968.333333333334,2622.5,6,17.208771089730753,17.208771089730753,17.208771089730753,3.9434263748614546e-07,24.910381280259518
8379,8810.8,3820.4,5,17.205904919834733,17.205904919834733,17.205904919834733,3.9427695859539924e-07,24.910562127781162
9169,8794.5,4120.0,6,17.20439404481538,17.20439404481538,17.20439404481538,3.942423365740511e-07,24.910657472010058
4310,8212.333333333334,3283.0,6,17.204061594855155,17.204061594855155,17.204061594855155,3.9423471841273885e-07,24.91067845249008
5911,8889.5,3447.0,6,17.20225296140312,17.20225296140312,17.20225296140312,3.941932731937861e-07,24.910792600073
1306,8989.142857142857,2901.285714285714,7,17.198585778778824,17.198585778778824,17.198585778778824,3.941092389265704e-07,24.911024082391776
6810,8201.8,3552.6,5,17.195262901861906,17.195262901861906,17.195262901861906,3.940330944976262e-07,24.911233873847067
8382,7993.142857142857,3822.285714285714,7,17.184395692146587,17.184395692146587,17.184395692146587,3.937840700833372e-07,24.911920263643133
7404,8498.166666666666,3638.666666666667,6,17.182559781952733,17.182559781952733,17.182559781952733,3.937419998120635e-07,24.912036265432675
1625,8212.666666666666,2958.666666666667,6,17.180083763474716,17.180083763474716,17.180083763474716,3.9368526132376616e-07,24.912192732027357
7510,8732.5,3654.5,6,17.178499259597395,17.178499259597395,17.178499259597395,3.9364895208152967e-07,24.912292873131907
1878,9103.0,2997.5,6,17.17685376028354,17.17685376028354,17.17685376028354,3.9361124511593494e-07,24.912396878943184
8131,8744.0,3765.166666666667,6,17.175327375386285,17.175327375386285,17.175327375386285,3.935762676824469e-07,24.91249336488915
6495,8584.4,3512.2,5,17.171610524153245,17.171610524153245,17.171610524153245,3.9349109524853293e-07,24.912728350609218
1601,9272.5,2953.5,4,17.171067514706515,17.171067514706515,17.171067514706515,3.934786520719524e-07,24.91276268485742
995,9158.0,2834.8333333333335,6,17.165321642331516,17.165321642331516,17.165321642331516,3.933469841884527e-07,24.91312606038274
1781,9390.0,2982.833333333333,6,17.153294978579847,17.153294978579847,17.153294978579847,3.930713906391363e-07,24.91388703422597
6499,8861.6,3511.8,5,17.14981475039083,17.14981475039083,17.14981475039083,3.929916404724362e-07,24.91410734135197
6548,9103.166666666666,3518.333333333333,6,17.146492895411797,17.146492895411797,17.146492895411797,3.929155194614152e-07,24.9143176647644
3639,8474.333333333334,3215.0,6,17.145281401262608,17.145281401262608,17.145281401262608,3.9288775781617054e-07,24.914394380716676
7471,8326.6,3649.8,5,17.144371189478573,17.144371189478573,17.144371189478573,3.9286690012019003e-07,24.91445202200572
5767,9265.666666666666,3431.5,6,17.14360754742883,17.14360754742883,17.14360754742883,3.928494011007411e-07,24.91450038378449
6937,9583.166666666666,3567.833333333333,6,17.135589530118793,17.135589530118793,17.135589530118793,3.9266566653439916e-07,24.9150082983557
7809,8922.4,3703.2,5,17.129880126392123,17.129880126392123,17.129880126392123,3.925348343377067e-07,24.915370114869717
2623,8289.5,3103.5,6,17.129191138038465,17.129191138038465,17.129191138038465,3.9251904602352883e-07,24.91541378561575
3607,8259.857142857143,3212.142857142857,7,17.128228796719945,17.128228796719945,17.128228796719945,3.924969937682151e-07,24.91547478546998
3676,9559.166666666666,3217.5,6,17.125647625765787,17.125647625765787,17.125647625765787,3.9243784568863647e-07,24.91563841487801
10531,8408.333333333334,3478.5,6,17.122401764252274,17.122401764252274,17.122401764252274,3.923634660839872e-07,24.915844216343153
6565,8985.166666666666,3519.833333333333,6,17.121655353138344,17.121655353138344,17.121655353138344,3.9234636191508513e-07,24.915891547508817
6567,8211.333333333334,3521.166666666667,6,17.12075286989178,17.12075286989178,17.12075286989178,3.9232568132017916e-07,24.91594877822278
7936,8615.666666666666,3730.166666666667,6,17.11648938748647,17.11648938748647,17.11648938748647,3.922279827170762e-07,24.916219186522312
7853,8345.6,3712.2,5,17.116249978436617,17.116249978436617,17.116249978436617,3.9222249660794816e-07,24.916234372866025
8183,9244.833333333334,3776.333333333333,6,17.11518909449807,17.11518909449807,17.11518909449807,3.921981862276071e-07,24.91630167007191
7419,8601.666666666666,3640.5,6,17.114602797244288,17.114602797244288,17.114602797244288,3.921847511017517e-07,24.91633886364628
7082,8484.0,3590.666666666667,6,17.11437858717389,17.11437858717389,17.11437858717389,3.921796132804598e-07,24.916353087440335
8296,8624.833333333334,3802.166666666667,6,17.113599858227698,17.113599858227698,17.113599858227698,3.9216176854158063e-07,24.916402491129897
7554,8880.5,3661.0,6,17.113454193855617,17.113454193855617,17.113454193855617,3.9215843061161603e-07,24.916411732537718
545,8124.2,2687.4,5,17.112479596960128,17.112479596960128,17.112479596960128,3.92136097517158e-07,24.916473566066717
2336,9032.4,3065.2,5,17.110045435446033,17.110045435446033,17.110045435446033,3.9208031819006195e-07,24.916628017398757
780,8885.5,2771.0,6,17.106243674157533,17.106243674157533,17.106243674157533,3.9199320002422765e-07,24.91686928902681
5038,8176.0,3356.833333333333,6,17.104931720770484,17.104931720770484,17.104931720770484,3.9196313633425177e-07,24.916952562125473
8583,8293.0,3873.0,5,17.104404001297528,17.104404001297528,17.104404001297528,3.9195104353066147e-07,24.91698605965623
7064,9299.4,3587.2,5,17.102347608979475,17.102347608979475,17.102347608979475,3.919039208647733e-07,24.917116601113023
1449,8084.166666666667,2928.8333333333335,6,17.099078881754487,17.099078881754487,17.099078881754487,3.918290172874985e-07,24.917324134883778
5198,9234.833333333334,3372.833333333333,6,17.09665459300856,17.09665459300856,17.09665459300856,3.917734641969778e-07,24.91747808029153
1565,8927.666666666666,2948.166666666667,6,17.094875745259934,17.094875745259934,17.094875745259934,3.917327015237328e-07,24.91759105326385
3838,8642.5,3233.5,4,17.08806761610343,17.08806761610343,17.08806761610343,3.915766918009047e-07,24.918023539859956
5893,8976.0,3444.5,6,17.08677396013522,17.08677396013522,17.08677396013522,3.9154704740016014e-07,24.918105738872857
2032,8603.0,3019.5,6,17.0851970693832,17.0851970693832,17.0851970693832,3.915109126143038e-07,24.91820594306536
3644,9123.6,3215.2,5,17.08437474613484,17.08437474613484,17.08437474613484,3.914920689027492e-07,24.918258201614446
808,8032.0,2781.3333333333335,6,17.08296754769152,17.08296754769152,17.08296754769152,3.914598226521185e-07,24.918347634751207
3683,9196.0,3218.4,5,17.080773964554908,17.080773964554908,17.080773964554908,3.9140955622954097e-07,24.918487060500695
8729,8855.5,3918.0,6,17.07971709227863,17.07971709227863,17.07971709227863,3.9138533777729126e-07,24.918554242467877
255,8990.0,2542.8333333333335,6,17.073081320505974,17.073081320505974,17.073081320505974,3.9123327766045077e-07,24.918976152125975
7812,8683.833333333334,3703.166666666667,6,17.072843244124336,17.072843244124336,17.072843244124336,3.912278220896974e-07,24.918991292330865
8169,8093.2,3773.6,5,17.07206213321164,17.07206213321164,17.07206213321164,3.9120992276755087e-07,24.919040967700504
7496,8513.4,3653.2,5,17.070528365110068,17.070528365110068,17.070528365110068,3.911747761463707e-07,24.91913851551597
4948,9232.0,3346.833333333333,6,17.069798279757237,17.069798279757237,17.069798279757237,3.9115804608574496e-07,24.919184952101567
3041,8856.8,3150.6,5,17.064975637937508,17.064975637937508,17.064975637937508,3.9104753422612836e-07,24.91949174287591
2688,8880.8,3110.4,5,17.060505296753448,17.060505296753448,17.060505296753448,3.909450954102598e-07,24.919776199602435
6163,8718.8,3474.4,5,17.059887408826725,17.059887408826725,17.059887408826725,3.909309363774373e-07,24.919815522906738
7614,8859.833333333334,3670.0,6,17.059366370316425,17.059366370316425,17.059366370316425,3.909189966695225e-07,24.91984868367739
4760,8888.5,3329.5,4,17.058907776421904,17.058907776421904,17.058907776421904,3.9090848789321553e-07,24.919877871085433
7137,8933.166666666666,3597.0,6,17.058462318584937,17.058462318584937,17.058462318584937,3.9089828013245197e-07,24.919906223194634
24,8467.5,2122.0,6,17.05797914909055,17.05797914909055,17.05797914909055,3.908872082010644e-07,24.919936976379347
2186,9335.4,3042.8,5,17.055423201258517,17.055423201258517,17.055423201258517,3.908286381146762e-07,24.920099674023835
6665,8067.5,3535.5,6,17.05133972654938,17.05133972654938,17.05133972654938,3.9073506442608955e-07,24.92035965626627
1572,8432.333333333334,2950.666666666667,6,17.04657238390117,17.04657238390117,17.04657238390117,3.906258197587108e-07,24.920663257057463
9431,8733.666666666666,3052.833333333333,6,17.04589186848765,17.04589186848765,17.04589186848765,3.906102256037524e-07,24.920706601546556
9890,9042.0,3268.4,5,17.045185635712656,17.045185635712656,17.045185635712656,3.905940421300041e-07,24.920751585897246
50,8858.0,2341.5,6,17.042589744495775,17.042589744495775,17.042589744495775,3.9053455673248476e-07,24.920916950345454
5870,8668.2,3442.8,5,17.038252947313495,17.038252947313495,17.038252947313495,3.9043517810572604e-07,24.92119327084501
393,8812.6,2618.2,5,17.03523265056787,17.03523265056787,17.03523265056787,3.903659673655488e-07,24.92138575162453
1413,9087.4,2922.8,5,17.02690868424448,17.02690868424448,17.02690868424448,3.9017522191270986e-07,24.921916407151766
5384,8650.166666666666,3394.0,6,17.02511449384903,17.02511449384903,17.02511449384903,3.9013410765946055e-07,24.922030821350425
298,9599.5,2571.5,4,17.018493675484454,17.018493675484454,17.018493675484454,3.8998239020313607e-07,24.922453130422863
5566,8356.6,3411.8,5,17.016190866401534,17.016190866401534,17.016190866401534,3.8992962084484485e-07,24.922600053670806
868,8783.0,2796.1666666666665,6,17.01525865915889,17.01525865915889,17.01525865915889,3.899082591182676e-07,24.922659535777388
8129,8718.6,3764.8,5,17.01141863373015,17.01141863373015,17.01141863373015,3.8982026412154837e-07,24.922904593772152
654,9133.833333333334,2730.6666666666665,6,17.01047132557256,17.01047132557256,17.01047132557256,3.8979855635430415e-07,24.9229650564193
3034,9245.714285714286,3150.0,7,16.996408787108294,16.996408787108294,16.996408787108294,3.89476310304378e-07,24.92386300459691
1563,8770.8,2947.4,5,16.99465455584854,16.99465455584854,16.99465455584854,3.8943611172319377e-07,24.923975071252357
4726,8218.8,3325.4,5,16.994223216669557,16.994223216669557,16.994223216669557,3.8942622749447077e-07,24.924002628535437
2582,9558.5,3097.0,6,16.98861372478108,16.98861372478108,16.98861372478108,3.8929768479873003e-07,24.92436106997453
6001,8469.5,3457.0,6,16.986281276165634,16.986281276165634,16.986281276165634,3.892442362442679e-07,24.9245101461622
1115,9208.666666666666,2862.5,6,16.985776578092384,16.985776578092384,16.985776578092384,3.8923267098093207e-07,24.92454240614321
3646,9186.2,3214.4,5,16.977240404414168,16.977240404414168,16.977240404414168,3.89037062751573e-07,24.925088178211247
1938,8664.2,3005.4,5,16.976780878515186,16.976780878515186,16.976780878515186,3.890265326181862e-07,24.9251175664184
10719,8670.2,3681.6,5,16.975539212129306,16.975539212129306,16.975539212129306,3.889980795697417e-07,24.925196979085715
1892,8423.8,2999.6,5,16.971558695456416,16.971558695456416,16.971558695456416,3.8890686518638104e-07,24.925451598263884
4741,8517.5,3327.5,4,16.968167538802184,16.968167538802184,16.968167538802184,3.8882915611278215e-07,24.925668565339127
3451,9497.166666666666,3195.333333333333,6,16.965067059780473,16.965067059780473,16.965067059780473,3.8875810797875113e-07,24.925866972733832
8453,9412.666666666666,3838.5,6,16.964577849736518,16.964577849736518,16.964577849736518,3.887468976268898e-07,24.92589828181814
3457,8650.4,3195.8,5,16.964025067149535,16.964025067149535,16.964025067149535,3.887342304967286e-07,24.92593366058511
8794,8447.5,3941.166666666667,6,16.9601382725018,16.9601382725018,16.9601382725018,3.8864516377344183e-07,24.926182452789398
992,9031.6,2833.8,5,16.945803699200983,16.945803699200983,16.945803699200983,3.883166839875694e-07,24.927100496367288
839,9092.0,2787.8333333333335,6,16.944901507487288,16.944901507487288,16.944901507487288,3.8829601007320083e-07,24.927158302317412
3594,9328.0,3208.5,6,16.94465952768323,16.94465952768323,16.94465952768323,3.8829046505469523e-07,24.927173807164692
2876,8074.5,3132.0,6,16.94153868041455,16.94153868041455,16.94153868041455,3.8821895017796725e-07,24.927373795186828
7334,8112.0,3628.5,6,16.93798260410912,16.93798260410912,16.93798260410912,3.88137461935601e-07,24.927601718171537
9054,9075.833333333334,4051.8333333333335,6,16.93406399203007,16.93406399203007,16.93406399203007,3.8804766610913087e-07,24.927852932931387
4640,9472.833333333334,3316.666666666667,6,16.930790646631102,16.930790646631102,16.930790646631102,3.879726567054203e-07,24.92806282543849
5723,8926.6,3426.4,5,16.928395815289036,16.928395815289036,16.928395815289036,3.8791777863755363e-07,24.928216411827794
8140,8808.0,3768.0,6,16.926119002721713,16.926119002721713,16.926119002721713,3.878656049949281e-07,24.928362449533715
2079,8402.0,3028.166666666667,6,16.925687427382027,16.925687427382027,16.925687427382027,3.8785571535453263e-07,24.928390133549478
3980,8144.166666666667,3250.0,6,16.92528380890156,16.92528380890156,16.92528380890156,3.8784646635149253e-07,24.928416024871417
2099,8949.4,3030.8,5,16.92293647422722,16.92293647422722,16.92293647422722,3.8779267667983523e-07,24.928566613955475
8218,8722.5,3783.5,4,16.916283510102158,16.916283510102158,16.916283510102158,3.876402225965949e-07,24.9289935365687
6923,8476.166666666666,3567.0,6,16.913711632529797,16.913711632529797,16.913711632529797,3.875812874768302e-07,24.92915861969024
1408,8318.333333333334,2923.5,6,16.913529973028254,16.913529973028254,16.913529973028254,3.8757712471084363e-07,24.92917028096018
1050,8476.4,2848.8,5,16.911357293391376,16.911357293391376,16.911357293391376,3.8752733729639367e-07,24.929309761510563
631,8985.833333333334,2723.3333333333335,6,16.907921769705727,16.907921769705727,16.907921769705727,3.8744861154286483e-07,24.92953035003663
794,9469.166666666666,2775.8333333333335,6,16.90754133627395,16.90754133627395,16.90754133627395,3.8743989383013026e-07,24.92955477970948
7704,8459.333333333334,3686.5,6,16.904795490271294,16.904795490271294,16.904795490271294,3.87376972186907e-07,24.929731121524576
1332,9294.0,2906.1666666666665,6,16.903178378331013,16.903178378331013,16.903178378331013,3.8733991572399546e-07,24.929834987966785
1733,8859.166666666666,2975.833333333333,6,16.90243972285426,16.90243972285426,16.90243972285426,3.8732298927716336e-07,24.929882434813738
4467,8711.5,3298.666666666667,6,16.902279749344757,16.902279749344757,16.902279749344757,3.8731932345028143e-07,24.929892710836363
7442,8139.166666666667,3644.333333333333,6,16.90166710215315,16.90166710215315,16.90166710215315,3.8730528451001504e-07,24.929932065603996
1515,8726.166666666666,2939.5,6,16.89941572866504,16.89941572866504,16.89941572866504,3.8725369380928236e-07,24.93007669988819
75,8808.0,2389.5,6,16.898268020214488,16.898268020214488,16.898268020214488,3.8722739382684336e-07,24.930150439179144
8696,8615.5,3908.0,6,16.894791863820373,16.894791863820373,16.894791863820373,3.8714773696618657e-07,24.930373809828428
5726,9005.5,3426.5,6,16.89147111697885,16.89147111697885,16.89147111697885,3.8707164134837153e-07,24.93058723710722
7818,8821.0,3704.5,6,16.890934871521573,16.890934871521573,16.890934871521573,3.870593531700432e-07,24.930621706002533
7817,8786.4,3704.8,5,16.888912427830753,16.888912427830753,16.888912427830753,3.870130084441446e-07,24.930751714899277
8052,9206.5,3750.333333333333,6,16.88780229485402,16.88780229485402,16.88780229485402,3.8698756951165356e-07,24.930823084277577
85,8702.166666666666,2399.0,6,16.88780052937921,16.88780052937921,16.88780052937921,3.8698752905542405e-07,24.930823197781983
1882,9332.0,2998.166666666667,6,16.88642537715581,16.88642537715581,16.88642537715581,3.8695601715071614e-07,24.930911611506758
8527,8762.666666666666,3857.333333333333,6,16.88489808177181,16.88489808177181,16.88489808177181,3.8692101885323123e-07,24.931009815528693
8850,8905.5,3958.0,6,16.88478198662681,16.88478198662681,16.88478198662681,3.869183585083734e-07,24.931017280728355
8558,8381.0,3866.0,5,16.88023547026303,16.88023547026303,16.88023547026303,3.868141741221138e-07,24.931309673140582
8820,9313.6,3948.2,5,16.87899020709623,16.87899020709623,16.87899020709623,3.86785638652672e-07,24.931389771382058
3936,9140.2,3243.8,5,16.87535065861976,16.87535065861976,16.87535065861976,3.867022376278117e-07,24.931623909538153
5123,8667.6,3365.8,5,16.874330217089835,16.874330217089835,16.874330217089835,3.8667885399383735e-07,24.931689565288693
1208,8716.166666666666,2882.5,6,16.86490783881345,16.86490783881345,16.86490783881345,3.864629381982511e-07,24.93229599377286
4359,9399.833333333334,3288.666666666667,6,16.86267581058238,16.86267581058238,16.86267581058238,3.864117907981843e-07,24.932439697744613
8003,8785.0,3741.833333333333,6,16.86158880587181,16.86158880587181,16.86158880587181,3.8638688185481524e-07,24.932509688914642
5879,8599.833333333334,3443.5,6,16.854561586605342,16.854561586605342,16.854561586605342,3.862258516356739e-07,24.932962273589823
7153,8675.5,3599.5,4,16.847416944550467,16.847416944550467,16.847416944550467,3.8606213064844454e-07,24.933422614317774
6771,8605.5,3546.5,4,16.84275417680643,16.84275417680643,16.84275417680643,3.85955282337163e-07,24.93372314919889
8355,8544.2,3816.4,5,16.840876145799246,16.840876145799246,16.840876145799246,3.8591224685852294e-07,24.93384421965601
5035,9156.833333333334,3355.666666666667,6,16.839270485441332,16.839270485441332,16.839270485441332,3.8587545281104885e-07,24.933947741983484
10635,8958.0,3563.0,5,16.83227328250704,16.83227328250704,16.83227328250704,3.857151104225222e-07,24.934398990475056
8741,8828.0,3922.833333333333,6,16.832093902855686,16.832093902855686,16.832093902855686,3.8571099989978605e-07,24.934410561105857
6657,8566.5,3532.333333333333,6,16.831742010629917,16.831742010629917,16.831742010629917,3.857029362148374e-07,24.93443325977458
1114,9050.833333333334,2862.0,6,16.829813094441754,16.829813094441754,16.829813094441754,3.856587346914884e-07,24.934557692180462
7117,8426.8,3594.6,5,16.82884707298275,16.82884707298275,16.82884707298275,3.8563659810497533e-07,24.93462001459423
2324,9049.4,3064.2,5,16.82864060962023,16.82864060962023,16.82864060962023,3.856318669532565e-07,24.934633334943612
2286,8776.0,3058.2,5,16.827419569006636,16.827419569006636,16.827419569006636,3.856038865487563e-07,24.93471211588204
427,9028.5,2630.8333333333335,6,16.82690219699796,16.82690219699796,16.82690219699796,3.8559203085950345e-07,24.934745498193234
454,9090.4,2641.8,5,16.82520995088818,16.82520995088818,16.82520995088818,3.855532526811706e-07,24.934854693887235
820,9444.333333333334,2783.3333333333335,6,16.817354462663253,16.817354462663253,16.817354462663253,3.853732425032674e-07,24.935361729440295
472,9030.333333333334,2649.5,6,16.813166521153963,16.813166521153963,16.813166521153963,3.852772749358101e-07,24.935632138557402
4771,9276.666666666666,3330.833333333333,6,16.8110369956993,16.8110369956993,16.8110369956993,3.852284764085935e-07,24.935769664663383
3992,9069.5,3250.5,4,16.80937068725332,16.80937068725332,16.80937068725332,3.85190292597325e-07,24.935877288070373
7139,9640.5,3597.5,6,16.808471420356305,16.808471420356305,16.808471420356305,3.8516968570575073e-07,24.935935374286906
3101,8905.2,3156.8,5,16.808431459435553,16.808431459435553,16.808431459435553,3.8516876999278067e-07,24.93593795554899
7686,9371.8,3681.8,5,16.806375477548713,16.806375477548713,16.806375477548713,3.851216567320107e-07,24.93607076928062
2431,8823.4,3079.2,5,16.80570592927201,16.80570592927201,16.80570592927201,3.8510631389131726e-07,24.936114024727743
1084,9475.4,2854.8,5,16.804997465349604,16.804997465349604,16.804997465349604,3.8509007929035314e-07,24.93615979615486
9340,8897.5,2585.5,6,16.801518939847682,16.801518939847682,16.801518939847682,3.8501036814108873e-07,24.936384559771806
10096,8876.4,3333.2,5,16.801178112150296,16.801178112150296,16.801178112150296,3.850025580021535e-07,24.936406584728317
1671,8241.0,2966.5,6,16.800958838955083,16.800958838955083,16.800958838955083,3.84997533310403e-07,24.93642075482989
2092,8338.166666666666,3030.5,6,16.79255974839287,16.79255974839287,16.79255974839287,3.848050663697064e-07,24.936963668896883
6440,9202.2,3505.4,5,16.789816833711512,16.789816833711512,16.789816833711512,3.8474221189833214e-07,24.937141028696033
8765,7556.6,3931.8,5,16.78702574408896,16.78702574408896,16.78702574408896,3.8467825348796815e-07,24.937321533283612
4662,8457.0,3319.5,6,16.78563667548579,16.78563667548579,16.78563667548579,3.846464226864677e-07,24.937411377934918
8079,9193.0,3756.0,5,16.784775728033637,16.784775728033637,16.784775728033637,3.846266938930955e-07,24.937467067558753
2231,9126.4,3050.2,5,16.779342111230754,16.779342111230754,16.779342111230754,3.845021814122237e-07,24.937818602168747
5698,8321.833333333334,3424.833333333333,6,16.77739289814019,16.77739289814019,16.77739289814019,3.8445751478105355e-07,24.937944736682432
6573,8724.166666666666,3521.5,6,16.771091547809775,16.771091547809775,16.771091547809775,3.843131180024537e-07,24.938352600369033
2920,9083.6,3135.8,5,16.767593225240667,16.767593225240667,16.767593225240667,3.8423295319919807e-07,24.93857910033519
8075,8342.833333333334,3756.0,6,16.767062102134613,16.767062102134613,16.767062102134613,3.8422078240063384e-07,24.938613492195184
2146,8422.0,3039.0,5,16.76484670579845,16.76484670579845,16.76484670579845,3.841700161239646e-07,24.93875695769411
689,9472.166666666666,2741.8333333333335,6,16.764802122609698,16.764802122609698,16.764802122609698,3.8416899449074345e-07,24.938759845024208
4852,8951.6,3339.4,5,16.76325134510917,16.76325134510917,16.76325134510917,3.841334580955805e-07,24.938860282425424
7346,9333.333333333334,3629.833333333333,6,16.75956786244093,16.75956786244093,16.75956786244093,3.8404905030940255e-07,24.939098883509892
8708,8831.8,3910.4,5,16.759064467272356,16.759064467272356,16.759064467272356,3.840375149024035e-07,24.939131495482506
4061,8333.0,3258.0,5,16.758585831546885,16.758585831546885,16.758585831546885,3.8402654686329174e-07,24.939162504346875
6797,8845.8,3550.4,5,16.754583880952865,16.754583880952865,16.754583880952865,3.8393484131708473e-07,24.93942180913407
5825,9095.166666666666,3438.833333333333,6,16.74408367325652,16.74408367325652,16.74408367325652,3.836942268318586e-07,24.94010246044704
4068,9022.5,3257.5,4,16.743769135055416,16.743769135055416,16.743769135055416,3.8368701912230367e-07,24.94012285623143
7721,8982.166666666666,3688.666666666667,6,16.737692806694405,16.737692806694405,16.737692806694405,3.8354777876983347e-07,24.940516942354517
2375,8876.8,3071.2,5,16.73702985295597,16.73702985295597,16.73702985295597,3.8353258704438236e-07,24.940559947512963
3805,8535.8,3230.8,5,16.73223332223762,16.73223332223762,16.73223332223762,3.834226735261889e-07,24.94087114450984
6261,8294.6,3486.8,5,16.726945433383264,16.726945433383264,16.726945433383264,3.8330150043214947e-07,24.941214324028117
6166,8830.8,3474.6,5,16.724186567908717,16.724186567908717,16.724186567908717,3.8323828044496794e-07,24.941393415135494
4144,8251.166666666666,3266.166666666667,6,16.724182697882053,16.724182697882053,16.724182697882053,3.8323819176248655e-07,24.94139366637812
5248,8866.8,3378.4,5,16.718174375939185,16.718174375939185,16.718174375939185,3.831005097915043e-07,24.941783797535383
7678,9308.5,3680.0,6,16.715170425198767,16.715170425198767,16.715170425198767,3.8303167362350147e-07,24.941978902039846
2195,9122.2,3043.4,5,16.71490953294615,16.71490953294615,16.71490953294615,3.830256952222281e-07,24.941995848464416
7216,8025.6,3609.8,5,16.713078335080418,16.713078335080418,16.713078335080418,3.829837329349522e-07,24.942114802547486
4372,8598.4,3289.8,5,16.707482642222914,16.707482642222914,16.707482642222914,3.8285550644693135e-07,24.942478377915776
2070,9126.6,3025.8,5,16.701622750646386,16.701622750646386,16.701622750646386,3.827212257892585e-07,24.94285924992244
3282,8026.166666666667,3179.166666666667,6,16.701609233751384,16.701609233751384,16.701609233751384,3.8272091604674416e-07,24.942860128626766
5908,8631.5,3446.5,4,16.69789169249532,16.69789169249532,16.69789169249532,3.8263572780080634e-07,24.943101825001808
3357,9047.6,3185.8,5,16.695610725771417,16.695610725771417,16.695610725771417,3.825834589648022e-07,24.94325014895578
8694,8992.833333333334,3907.0,6,16.692399370525383,16.692399370525383,16.692399370525383,3.82509870078587e-07,24.943459007444662
7271,8671.833333333334,3618.0,6,16.68996282476386,16.68996282476386,16.68996282476386,3.824540361159557e-07,24.943617501078936
2234,8286.833333333334,3051.166666666667,6,16.688820620290578,16.688820620290578,16.688820620290578,3.8242786225832265e-07,24.943691807726598
9461,9267.8,3078.0,5,16.686848235699763,16.686848235699763,16.686848235699763,3.823826646473123e-07,24.943820134105415
802,9430.0,2779.5,6,16.682521342872185,16.682521342872185,16.682521342872185,3.8228351298094117e-07,24.9441017015598
3073,9275.666666666666,3154.5,6,16.68003601024451,16.68003601024451,16.68003601024451,3.8222656105693e-07,24.944263464675927
4874,9385.333333333334,3341.166666666667,6,16.679257050989342,16.679257050989342,16.679257050989342,3.822087110404718e-07,24.94431416984309
4648,9010.6,3317.4,5,16.67831379496876,16.67831379496876,16.67831379496876,3.82187096128806e-07,24.94437557282815
7427,8806.0,3642.666666666667,6,16.678001357868062,16.678001357868062,16.678001357868062,3.821799365664122e-07,24.94439591226135
2224,8804.0,3049.166666666667,6,16.67654822802392,16.67654822802392,16.67654822802392,3.82146637787995e-07,24.944490514988868
2391,8441.666666666666,3073.833333333333,6,16.674246943492893,16.674246943492893,16.674246943492893,3.820939033651336e-07,24.944640351772307
5332,9463.2,3386.6,5,16.67284856194085,16.67284856194085,16.67284856194085,3.8206185915543556e-07,24.944731410586094
3368,9189.5,3186.5,4,16.671671941291173,16.671671941291173,16.671671941291173,3.820348966438248e-07,24.944808034848187
1082,9219.0,2855.1666666666665,6,16.6699851190659,16.6699851190659,16.6699851190659,3.819962427549552e-07,24.944917894052793
6308,8750.8,3490.4,5,16.668085323212253,16.668085323212253,16.668085323212253,3.8195270853024467e-07,24.945041637095798
8336,8362.2,3810.4,5,16.667636205920964,16.667636205920964,16.667636205920964,3.819424169123096e-07,24.94507089237398
2551,8516.2,3093.4,5,16.666776265082998,16.666776265082998,16.666776265082998,3.819227111857149e-07,24.945126910694555
7734,9050.166666666666,3691.0,6,16.664147161006596,16.664147161006596,16.664147161006596,3.8186246470847905e-07,24.945298193887115
2371,8267.4,3071.2,5,16.656972206633544,16.656972206633544,16.656972206633544,3.8169804910805303e-07,24.945765771687533
5811,8291.833333333334,3437.166666666667,6,16.655421360389198,16.655421360389198,16.655421360389198,3.81662511137611e-07,24.945866863787884
8408,8424.166666666666,3826.833333333333,6,16.65328242703671,16.65328242703671,16.65328242703671,3.8161349702642147e-07,24.94600630586275
2690,9053.8,3109.6,5,16.65295513556056,16.65295513556056,16.65295513556056,3.816059970728653e-07,24.946027644340532
5417,9070.4,3397.2,5,16.651938606835763,16.651938606835763,16.651938606835763,3.815827031016499e-07,24.94609392181006
645,7923.833333333333,2727.3333333333335,6,16.646880428820825,16.646880428820825,16.646880428820825,3.814667938801904e-07,24.946423774171326
884,8994.166666666666,2802.0,6,16.637362830676683,16.637362830676683,16.637362830676683,3.8124869610114943e-07,24.94704470468722
4686,9584.5,3320.333333333333,6,16.632410255267725,16.632410255267725,16.632410255267725,3.8113520678579195e-07,24.9473679524866
5554,9656.5,3410.0,6,16.63237869144138,16.63237869144138,16.63237869144138,3.811344834940203e-07,24.94737001292288
485,9765.4,2656.8,5,16.63094266729481,16.63094266729481,16.63094266729481,3.811015766962891e-07,24.947463758426586
8172,9105.833333333334,3773.833333333333,6,16.62934720509397,16.62934720509397,16.62934720509397,3.8106501634174617e-07,24.947567921744632
4673,9361.0,3319.333333333333,6,16.62848849927268,16.62848849927268,16.62848849927268,3.8104533891582035e-07,24.94762398841162
6799,8892.4,3550.8,5,16.622129623414054,16.622129623414054,16.622129623414054,3.8089962392754707e-07,24.948039262605917
4971,9084.5,3348.5,4,16.621708731658728,16.621708731658728,16.621708731658728,3.8088997910375195e-07,24.94806675506405
3383,9268.0,3188.833333333333,6,16.6215568519326,16.6215568519326,16.6215568519326,3.808864987476318e-07,24.948076675949654
2513,9098.333333333334,3088.333333333333,6,16.620018740624637,16.620018740624637,16.620018740624637,3.8085125260095655e-07,24.948177151520103
444,9044.833333333334,2638.6666666666665,6,16.61994461160827,16.61994461160827,16.61994461160827,3.808495539188324e-07,24.94818199415823
10593,8935.166666666666,3525.333333333333,6,16.61799065300133,16.61799065300133,16.61799065300133,3.808047785431486e-07,24.948309648513877
2379,9339.333333333334,3072.0,6,16.617184292009014,16.617184292009014,16.617184292009014,3.80786300610075e-07,24.94836233337713
2742,8837.5,3115.0,6,16.616699012197415,16.616699012197415,16.616699012197415,3.8077518032032116e-07,24.948394041128893
6204,8346.166666666666,3481.333333333333,6,16.613580282569632,16.613580282569632,16.613580282569632,3.807037139697832e-07,24.948597838253175
4667,8685.4,3319.2,5,16.612847233902215,16.612847233902215,16.612847233902215,3.8068691600417554e-07,24.948645745749566
8732,8445.666666666666,3919.666666666667,6,16.607039977358987,16.607039977358987,16.607039977358987,3.8055384148944847e-07,24.949025346601516
8703,8232.833333333334,3910.0,6,16.593282286269776,16.593282286269776,16.593282286269776,3.8023858108174414e-07,24.949925170648154
5749,9009.5,3429.5,4,16.592489816489227,16.592489816489227,16.592489816489227,3.8022042146873283e-07,24.949977024986776
2068,8829.2,3025.6,5,16.588693351817327,16.588693351817327,16.588693351817327,3.801334246759907e-07,24.950225476595115
2790,8615.166666666666,3122.0,6,16.585621765037743,16.585621765037743,16.585621765037743,3.8006303861381273e-07,24.95042653171685
4567,9224.833333333334,3309.166666666667,6,16.58007988252436,16.58007988252436,16.58007988252436,3.799360452012343e-07,24.950789377804487
3314,8604.0,3181.8,5,16.57670258542386,16.57670258542386,16.57670258542386,3.7985865372224715e-07,24.95101056052947
8746,7865.2,3924.4,5,16.57646112364199,16.57646112364199,16.57646112364199,3.7985312057432983e-07,24.951026375840545
2059,8540.833333333334,3025.166666666667,6,16.575078414183768,16.575078414183768,16.575078414183768,3.7982143549398394e-07,24.95111694525248
7130,8258.333333333334,3596.333333333333,6,16.574335284799186,16.574335284799186,16.574335284799186,3.798044065266055e-07,24.95116562439264
782,8279.166666666666,2771.6666666666665,6,16.571529640586963,16.571529640586963,16.571529640586963,3.797401145947339e-07,24.951349429492492
6542,8645.6,3517.8,5,16.570705701692248,16.570705701692248,16.570705701692248,3.7972123386030054e-07,24.951403413798587
7703,8906.4,3685.2,5,16.565127306889146,16.565127306889146,16.565127306889146,3.795934037608632e-07,24.95176897969565
2532,8848.8,3090.4,5,16.561518225585324,16.561518225585324,16.561518225585324,3.7951070089772267e-07,24.95200555724161
2669,8926.4,3108.0,5,16.560406834744853,16.560406834744853,16.560406834744853,3.794852331410174e-07,24.952078419991672
7833,9267.5,3707.0,6,16.55816274531469,16.55816274531469,16.55816274531469,3.794338093560167e-07,24.95222555733339
581,8592.5,2704.5,6,16.556549674429576,16.556549674429576,16.556549674429576,3.793968454947409e-07,24.952331333245922
6955,8738.2,3571.0,5,16.55645114946411,16.55645114946411,16.55645114946411,3.7939458777427163e-07,24.952337794280524
5024,9179.2,3353.6,5,16.550821301688117,16.550821301688117,16.550821301688117,3.792655786190534e-07,24.952707050287678
10691,8860.666666666666,3617.5,6,16.550669404961468,16.550669404961468,16.550669404961468,3.792620978733627e-07,24.952717014780035
5302,9481.8,3383.6,5,16.542645083255618,16.542645083255618,16.542645083255618,3.790782188404543e-07,24.95324354389325
968,8841.8,2828.0,5,16.539633681822465,16.539633681822465,16.539633681822465,3.79009211938248e-07,24.953441207880985
8156,8643.666666666666,3770.166666666667,6,16.538256043611657,16.538256043611657,16.538256043611657,3.789776430666116e-07,24.953531646037458
5200,8500.2,3374.2,5,16.53812201617753,16.53812201617753,16.53812201617753,3.789745717995471e-07,24.953540444971694
6553,8554.8,3519.0,5,16.53716692483909,16.53716692483909,16.53716692483909,3.7895268567906376e-07,24.953603149019248
8203,8603.6,3782.2,5,16.5299214305012,16.5299214305012,16.5299214305012,3.7878665364039016e-07,24.954078951156127
1054,9434.0,2848.8333333333335,6,16.526892603482715,16.526892603482715,16.526892603482715,3.787172474272021e-07,24.954277912081867
8876,9089.666666666666,3967.6666666666665,6,16.52644749938675,16.52644749938675,16.52644749938675,3.787070477724886e-07,24.954307153642958
1404,9254.5,2922.0,6,16.526376692706393,16.526376692706393,16.526376692706393,3.787054252223984e-07,24.954311805431615
9793,9137.8,3241.2,5,16.524631142201457,16.524631142201457,16.524631142201457,3.7866542556255097e-07,24.954426489219273
9123,9021.833333333334,4084.1666666666665,6,16.52301770295911,16.52301770295911,16.52301770295911,3.7862845326029105e-07,24.954532503986574
8242,8522.333333333334,3789.666666666667,6,16.52040060691937,16.52040060691937,16.52040060691937,3.7856848194976087e-07,24.954704488367906
380,8632.0,2612.8333333333335,6,16.513323065916367,16.513323065916367,16.513323065916367,3.784062985973595e-07,24.955169730657953
4624,9806.0,3315.166666666667,6,16.51242178907991,16.51242178907991,16.51242178907991,3.783856456475968e-07,24.955228990420082
9882,8675.4,3264.8,5,16.5079261893397,16.5079261893397,16.5079261893397,3.7828262802655964e-07,24.955524628457173
9396,8843.8,3007.8,5,16.5064341429293,16.5064341429293,16.5064341429293,3.782484374667771e-07,24.955622765679383
8436,8090.166666666667,3834.0,6,16.501833373100737,16.501833373100737,16.501833373100737,3.7814300985087104e-07,24.95592543060432
5115,9176.8,3364.6,5,16.499785778491535,16.499785778491535,16.499785778491535,3.780960887863462e-07,24.956060160212132
331,9604.166666666666,2591.3333333333335,6,16.499643626704728,16.499643626704728,16.499643626704728,3.7809283134801775e-07,24.956069514273356
5357,8770.25,3390.75,4,16.495625107473046,16.495625107473046,16.495625107473046,3.7800074612796643e-07,24.956333979574495
6605,8340.2,3525.4,5,16.492189995612023,16.492189995612023,16.492189995612023,3.779220298114862e-07,24.956560100966087
6709,8731.6,3540.2,5,16.491468329401897,16.491468329401897,16.491468329401897,3.779054926773003e-07,24.95660761171365
9235,8723.5,4180.5,6,16.48763833144163,16.48763833144163,16.48763833144163,3.778177274621467e-07,24.956859793648782
4236,8323.2,3274.4,5,16.487464181731937,16.487464181731937,16.487464181731937,3.7781373678463237e-07,24.956871261734122
8676,8789.5,3902.833333333333,6,16.481298347426375,16.481298347426375,16.481298347426375,3.7767244538446904e-07,24.957277371584937
10741,8391.8,3713.2,5,16.481270204854656,16.481270204854656,16.481270204854656,3.776718004914724e-07,24.957279225530815
6936,9036.2,3567.4,5,16.48107042291263,16.48107042291263,16.48107042291263,3.776672224459205e-07,24.957292386640333
5756,9239.2,3429.6,5,16.479724512536986,16.479724512536986,16.479724512536986,3.7763638062435263e-07,24.9573810558382
7959,9645.6,3733.2,5,16.4764195388979,16.4764195388979,16.4764195388979,3.7756064645281515e-07,24.957598819757557
2468,9141.2,3081.8,5,16.476392796296693,16.476392796296693,16.476392796296693,3.775600336404395e-07,24.957600581999277
3788,8420.8,3228.4,5,16.472790398382333,16.472790398382333,16.472790398382333,3.774774839285852e-07,24.957837993277852
10767,8273.8,3795.4,5,16.472607595569333,16.472607595569333,16.472607595569333,3.7747329496337424e-07,24.957850042040018
5962,8302.5,3453.5,6,16.472199334665767,16.472199334665767,16.472199334665767,3.774639395782247e-07,24.957876951509842
10247,8533.4,3371.4,5,16.472053226939565,16.472053226939565,16.472053226939565,3.774605914887065e-07,24.957886581987744
1164,9051.833333333334,2872.3333333333335,6,16.47192959338189,16.47192959338189,16.47192959338189,3.7745775839952417e-07,24.957894731180296
4550,8831.25,3307.75,4,16.471910159494996,16.471910159494996,16.471910159494996,3.7745731306788634e-07,24.957896012152684
950,9072.6,2822.8,5,16.46996746792736,16.46996746792736,16.46996746792736,3.774127958787966e-07,24.958024071068813
6749,9098.4,3543.8,5,16.460314919040542,16.460314919040542,16.460314919040542,3.7719160567487996e-07,24.958660574696182
2933,8020.5,3138.166666666667,6,16.45824549544342,16.45824549544342,16.45824549544342,3.7714418439446953e-07,24.95879708419703
1468,8909.666666666666,2932.5,6,16.456777449660756,16.456777449660756,16.456777449660756,3.771105438141592e-07,24.95889393422567
7834,9335.0,3706.5,6,16.453310591506796,16.453310591506796,16.453310591506796,3.770311000246466e-07,24.959122684353822
536,8861.2,2682.6,5,16.45094336392157,16.45094336392157,16.45094336392157,3.7697685450271946e-07,24.9592789063853
688,9284.833333333334,2742.0,6,16.448577092439105,16.448577092439105,16.448577092439105,3.7692263089008967e-07,24.9594350877878
8458,8839.2,3838.4,5,16.448414948658304,16.448414948658304,16.448414948658304,3.7691891533098093e-07,24.95944579061273
8996,8983.5,4018.6666666666665,6,16.441804118421793,16.441804118421793,16.441804118421793,3.7676742675472836e-07,24.959882249720117
4730,9002.8,3326.4,5,16.43762233656922,16.43762233656922,16.43762233656922,3.7667160033711046e-07,24.96015842923246
2917,8981.2,3136.0,5,16.436878677657162,16.436878677657162,16.436878677657162,3.766545592354977e-07,24.960207550428528
7225,9152.0,3610.5,6,16.43517695188405,16.43517695188405,16.43517695188405,3.766155638286701e-07,24.960319963555648
382,9203.166666666666,2612.6666666666665,6,16.435160825081503,16.435160825081503,16.435160825081503,3.7661519427957114e-07,24.960321028920628
1484,8856.5,2933.5,4,16.435075086679966,16.435075086679966,16.435075086679966,3.7661322956592484e-07,24.960326692968003
2550,8364.2,3094.4,5,16.4327880602274,16.4327880602274,16.4327880602274,3.765608218699538e-07,24.960477789339173
7651,8874.0,3675.0,5,16.431526214676175,16.431526214676175,16.431526214676175,3.765319064116579e-07,24.960561164357372
5559,8734.5,3410.5,4,16.430879308412813,16.430879308412813,16.430879308412813,3.7651708241749983e-07,24.960603910440025
8972,8631.0,4007.0,5,16.430434049543265,16.430434049543265,16.430434049543265,3.765068792161169e-07,24.960633333103075
635,8849.4,2726.2,5,16.428937395923572,16.428937395923572,16.428937395923572,3.764725830811567e-07,24.960732237674318
8516,8775.666666666666,3853.5,6,16.424605539798087,16.424605539798087,16.424605539798087,3.763733176797618e-07,24.9610185540126
6246,8794.8,3484.4,5,16.42450657527128,16.42450657527128,16.42450657527128,3.763710498866513e-07,24.961025096007972
5832,9267.2,3439.2,5,16.424288875854952,16.424288875854952,16.424288875854952,3.7636606125837753e-07,24.961039487046357
2394,8816.2,3073.4,5,16.42344833049028,16.42344833049028,16.42344833049028,3.763467999831649e-07,24.96109505315909
5784,8900.5,3432.5,4,16.423139676349322,16.423139676349322,16.423139676349322,3.7633972710809544e-07,24.96111545813848
9316,8973.2,4284.4,5,16.422959492677727,16.422959492677727,16.422959492677727,3.7633559816106497e-07,24.96112737017313
7978,8856.6,3735.8,5,16.42202285642776,16.42202285642776,16.42202285642776,3.763141349428461e-07,24.961189293780013
4577,8881.5,3309.5,4,16.42059787573649,16.42059787573649,16.42059787573649,3.7628148120823416e-07,24.961283509959728
6028,8755.8,3458.4,5,16.41930805642322,16.41930805642322,16.41930805642322,3.7625192472525093e-07,24.961368796655105
7657,8239.833333333334,3677.5,6,16.41782810419117,16.41782810419117,16.41782810419117,3.7621801130612893e-07,24.961466663759772
6490,8959.5,3510.5,4,16.417314235008796,16.417314235008796,16.417314235008796,3.7620623588488336e-07,24.96150064725039
1974,9258.0,3009.5,6,16.41652024525716,16.41652024525716,16.41652024525716,3.7618804144141245e-07,24.961553157926243
5277,9598.4,3381.2,5,16.414409835133856,16.414409835133856,16.414409835133856,3.7613968094606606e-07,24.96169274268216
4924,8241.2,3345.4,5,16.41287134758026,16.41287134758026,16.41287134758026,3.761044261776424e-07,24.961794511185587
7386,9219.5,3635.5,6,16.412842089211615,16.412842089211615,16.412842089211615,3.761037557159226e-07,24.961796446672544
9131,8516.0,4095.0,5,16.411508808784106,16.411508808784106,16.411508808784106,3.760732033122936e-07,24.961884648924375
624,8580.333333333334,2720.8333333333335,6,16.410916537569737,16.410916537569737,16.410916537569737,3.76059631291865e-07,24.96192383251875
8099,8468.4,3760.2,5,16.4062522584152,16.4062522584152,16.4062522584152,3.759527483462914e-07,24.9622324622371
2667,8798.5,3107.5,4,16.40516856286078,16.40516856286078,16.40516856286078,3.75927915232937e-07,24.962304181624397
6744,8210.833333333334,3544.166666666667,6,16.40480461404287,16.40480461404287,16.40480461404287,3.759195752686236e-07,24.962328268959432
1033,9158.8,2844.4,5,16.402310033257915,16.402310033257915,16.402310033257915,3.75862411421128e-07,24.96249338294207
6188,8543.2,3478.2,5,16.401153774944675,16.401153774944675,16.401153774944675,3.7583591551677307e-07,24.962569923122135
1672,8791.6,2967.6,5,16.39999588437319,16.39999588437319,16.39999588437319,3.758093822088745e-07,24.96264657675947
3084,8818.6,3155.2,5,16.39943658291523,16.39943658291523,16.39943658291523,3.75796565697403e-07,24.96268360507348
7052,8434.666666666666,3585.833333333333,6,16.39938717836754,16.39938717836754,16.39938717836754,3.757954335817198e-07,24.962686875941145
6798,8858.8,3550.4,5,16.3966291555911,16.3966291555911,16.3966291555911,3.7573223290514405e-07,24.96286948868036
8756,9021.833333333334,3927.666666666667,6,16.394311500243422,16.394311500243422,16.394311500243422,3.7567912334154876e-07,24.963022967798373
5377,9265.8,3392.6,5,16.389089991454547,16.389089991454547,16.389089991454547,3.755594713607812e-07,24.963368824599407
6963,8775.0,3571.8,5,16.38737206173768,16.38737206173768,16.38737206173768,3.755201046371474e-07,24.963482639109923
2805,8535.4,3124.2,5,16.38735583376969,16.38735583376969,16.38735583376969,3.755197327698209e-07,24.96348371428543
197,9532.833333333334,2497.6666666666665,6,16.38333587017143,16.38333587017143,16.38333587017143,3.754276144518033e-07,24.96375008767064
6869,9010.4,3560.0,5,16.382346626799702,16.382346626799702,16.382346626799702,3.754049457302375e-07,24.963815647565166
2808,8861.5,3123.5,4,16.37941986338346,16.37941986338346,16.37941986338346,3.7533787832613056e-07,24.964009635457316
1961,8734.5,3008.5,4,16.37783708929186,16.37783708929186,16.37783708929186,3.753016087223005e-07,24.964114557254582
5229,9118.0,3375.6,5,16.377280393203222,16.377280393203222,16.377280393203222,3.7528885191341935e-07,24.964151462944137
1886,8641.5,2998.5,4,16.366268940504547,16.366268940504547,16.366268940504547,3.7503652214058967e-07,24.96488171568435
6352,8484.333333333334,3496.5,6,16.365764267853123,16.365764267853123,16.365764267853123,3.750249574598003e-07,24.964915196120213
2793,9305.8,3122.2,5,16.362039172811397,16.362039172811397,16.362039172811397,3.749395961172628e-07,24.965162354202654
3960,9081.833333333334,3247.166666666667,6,16.35334060723637,16.35334060723637,16.35334060723637,3.7474026664316397e-07,24.965739718601924
452,8780.0,2641.5,6,16.348918189406625,16.348918189406625,16.348918189406625,3.746389260011185e-07,24.966033372884915
7628,9150.4,3671.2,5,16.348759110401435,16.348759110401435,16.348759110401435,3.7463528067199253e-07,24.9660439374173
9053,9026.2,4051.4,5,16.34524622969338,16.34524622969338,16.34524622969338,3.745547822658969e-07,24.966277256139968
7451,7830.5,3645.333333333333,6,16.345069799071833,16.345069799071833,16.345069799071833,3.7455073932080384e-07,24.966288975642055
6656,8408.333333333334,3533.666666666667,6,16.34439000133115,16.34439000133115,16.34439000133115,3.745351616114706e-07,24.96633413276754
5230,9275.833333333334,3375.833333333333,6,16.342833140595765,16.342833140595765,16.342833140595765,3.744994858176914e-07,24.966437557892398
899,8827.2,2806.4,5,16.341719077988678,16.341719077988678,16.341719077988678,3.744739568368878e-07,24.966511573170273
7068,9631.666666666666,3587.166666666667,6,16.33413093541121,16.33413093541121,16.33413093541121,3.7430007294116875e-07,24.967015842914932
404,9349.2,2621.0,5,16.332151292358837,16.332151292358837,16.332151292358837,3.742547090009732e-07,24.967147438553646
199,9423.5,2498.6666666666665,6,16.330224088898017,16.330224088898017,16.330224088898017,3.7421054672513435e-07,24.96727556362412
5764,9133.666666666666,3431.666666666667,6,16.328387609412566,16.328387609412566,16.328387609412566,3.7416846340842304e-07,24.967397671219334
7359,8451.6,3631.8,5,16.327290877403303,16.327290877403303,16.327290877403303,3.7414333156194236e-07,24.967470599524916
203,8976.5,2501.0,6,16.32655437041796,16.32655437041796,16.32655437041796,3.741264543482463e-07,24.967519577052254
3615,8448.2,3211.6,5,16.325910913245515,16.325910913245515,16.325910913245515,3.7411170939073785e-07,24.96756236859907
6076,9337.0,3464.166666666667,6,16.325661529936397,16.325661529936397,16.325661529936397,3.741059947193444e-07,24.967578953680114
9137,8663.5,4100.166666666666,6,16.325081982011024,16.325081982011024,16.325081982011024,3.7409271425578027e-07,24.967617497131034
10795,8809.333333333334,3898.5,6,16.320298934346944,16.320298934346944,16.320298934346944,3.739831097046336e-07,24.967935651057218
368,9277.8,2608.6,5,16.31738993880076,16.31738993880076,16.31738993880076,3.739164494550355e-07,24.968129194282938
7391,9062.2,3635.6,5,16.316628644973804,16.316628644973804,16.316628644973804,3.7389900424560956e-07,24.96817985088647
4214,8559.6,3272.0,5,16.31609563668666,16.31609563668666,16.31609563668666,3.7388679024772106e-07,24.96821531874321
6012,8539.2,3457.4,5,16.316072320887123,16.316072320887123,16.316072320887123,3.738862559612321e-07,24.96821687026793
10774,8436.8,3822.6,5,16.315293340878217,16.315293340878217,16.315293340878217,3.738684054691976e-07,24.968268707926665
3902,8743.8,3241.2,5,16.313311286561117,16.313311286561117,16.313311286561117,3.738229862743596e-07,24.968400615996845
887,8877.666666666666,2803.1666666666665,6,16.313137943345303,16.313137943345303,16.313137943345303,3.7381901407782345e-07,24.96841215295595
4056,8952.25,3257.0,4,16.31154775966624,16.31154775966624,16.31154775966624,3.73782574681726e-07,24.96851799428173
8455,8193.6,3839.2,5,16.310803150896604,16.310803150896604,16.310803150896604,3.7376551181392546e-07,24.968567558379785
8647,8506.166666666666,3897.333333333333,6,16.310327152247705,16.310327152247705,16.310327152247705,3.737546042039824e-07,24.96859924391378
6282,8857.2,3487.4,5,16.306562825644434,16.306562825644434,16.306562825644434,3.7366834386189563e-07,24.968849854300032
2419,8806.0,3078.666666666667,6,16.304490205123564,16.304490205123564,16.304490205123564,3.736208493232998e-07,24.96898786389691
7578,9008.8,3664.4,5,16.30442699769957,16.30442699769957,16.30442699769957,3.7361940091178007e-07,24.96899207296575
8818,8924.8,3946.4,5,16.2978175501748,16.2978175501748,16.2978175501748,3.7346794402066017e-07,24.969432295206207
4524,8675.8,3305.4,5,16.295631112361477,16.295631112361477,16.295631112361477,3.734178413346805e-07,24.9695779621911
8980,8625.166666666666,4008.5,6,16.292511771333977,16.292511771333977,16.292511771333977,3.7334636097378843e-07,24.969785815796683
7992,9171.5,3738.666666666667,6,16.292268345491216,16.292268345491216,16.292268345491216,3.7334078281899945e-07,24.969802037864145
8530,7590.2,3858.4,5,16.287681292681256,16.287681292681256,16.287681292681256,3.7323566953148256e-07,24.970107767578106
7290,9524.333333333334,3619.833333333333,6,16.28758708614545,16.28758708614545,16.28758708614545,3.732335107687444e-07,24.970114047400294
6727,8788.25,3541.25,4,16.287516890269174,16.287516890269174,16.287516890269174,3.7323190221535916e-07,24.97011872669184
3421,9366.4,3192.2,5,16.28338519927325,16.28338519927325,16.28338519927325,3.731372236403398e-07,24.970394182773035
5151,9566.5,3368.0,6,16.280417385487976,16.280417385487976,16.280417385487976,3.730692155583245e-07,24.97059208735596
2612,8573.8,3102.8,5,16.27776588600649,16.27776588600649,16.27776588600649,3.730084558856338e-07,24.970768929470665
7448,8785.5,3645.666666666667,6,16.27653525819001,16.27653525819001,16.27653525819001,3.7298025578834703e-07,24.97085101614607
9375,9129.8,2928.4,5,16.270876118370637,16.270876118370637,16.270876118370637,3.7285057539974537e-07,24.97122857815741
7519,8726.0,3656.2,5,16.27065294815545,16.27065294815545,16.27065294815545,3.728454614069561e-07,24.97124347014248
7302,8538.2,3623.4,5,16.268264987452305,16.268264987452305,16.268264987452305,3.7279074078123673e-07,24.971402829799167
3814,8530.8,3231.8,5,16.266001556271988,16.266001556271988,16.266001556271988,3.7273887377593107e-07,24.971553900620457
3531,9030.2,3202.4,5,16.265543796486895,16.265543796486895,16.265543796486895,3.7272838411341844e-07,24.971584455970127
4784,8527.4,3332.8,5,16.264438627962406,16.264438627962406,16.264438627962406,3.7270305894240295e-07,24.971658229233462
3127,8702.5,3160.5,4,16.262237540308718,16.262237540308718,16.262237540308718,3.7265262055222574e-07,24.971805173270827
4790,9193.4,3333.2,5,16.26217602047013,16.26217602047013,16.26217602047013,3.7265121081208335e-07,24.971809280604905
5240,8070.8,3377.4,5,16.256739365479945,16.256739365479945,16.256739365479945,3.7252662871050544e-07,24.972172316895662
1087,8657.166666666666,2856.1666666666665,6,16.255233847888604,16.255233847888604,16.255233847888604,3.7249212945575594e-07,24.972272870310018
7326,8536.0,3628.0,5,16.254658395834696,16.254658395834696,16.254658395834696,3.724789428499546e-07,24.972311307172518
371,8742.833333333334,2610.6666666666665,6,16.252755373083694,16.252755373083694,16.252755373083694,3.7243533468020714e-07,24.97243842775592
1040,9319.2,2846.4,5,16.25227503203934,16.25227503203934,16.25227503203934,3.724243275633517e-07,24.97247051655301
5572,9218.5,3411.833333333333,6,16.251803857443168,16.251803857443168,16.251803857443168,3.724135304975995e-07,24.97250199391434
2758,9351.5,3116.5,4,16.249648916277305,16.249648916277305,16.249648916277305,3.7236414956397306e-07,24.97264596887217
10525,8539.2,3475.6,5,16.247487825941235,16.247487825941235,16.247487825941235,3.7231462772080787e-07,24.972790373841857
8180,8602.6,3776.2,5,16.246289853438963,16.246289853438963,16.246289853438963,3.7228717592696864e-07,24.97287043114584
2020,8788.833333333334,3018.0,6,16.24603433985954,16.24603433985954,16.24603433985954,3.722813207791317e-07,24.97288750720001
669,8621.5,2737.5,6,16.243967980385538,16.243967980385538,16.243967980385538,3.7223396971375204e-07,24.973025612533082
1089,9100.666666666666,2856.1666666666665,6,16.241126767094162,16.241126767094162,16.241126767094162,3.721688627088916e-07,24.973215533982764
6033,8402.0,3459.8,5,16.238486629245912,16.238486629245912,16.238486629245912,3.7210836339043487e-07,24.97339204428901
7507,8223.2,3654.8,5,16.23816450231837,16.23816450231837,16.23816450231837,3.7210098178360486e-07,24.973413582523747
8493,9216.166666666666,3846.666666666667,6,16.238127074484417,16.238127074484417,16.238127074484417,3.721001241168558e-07,24.97341608507268
5316,8217.5,3386.0,6,16.235969230240926,16.235969230240926,16.235969230240926,3.720506766585901e-07,24.97356037543881
10124,9121.0,3327.2,5,16.23312400175206,16.23312400175206,16.23312400175206,3.71985477644628e-07,24.973750659015078
2971,9016.833333333334,3143.166666666667,6,16.231124995653012,16.231124995653012,16.231124995653012,3.7193966999611323e-07,24.973884368764416
4742,8566.6,3327.8,5,16.22978086615182,16.22978086615182,16.22978086615182,3.7190886898366097e-07,24.973974284312085
2293,8343.6,3059.2,5,16.229650316960335,16.229650316960335,16.229650316960335,3.719058774212639e-07,24.973983017797458
6053,9141.8,3461.6,5,16.229398829185293,16.229398829185293,16.229398829185293,3.719001145255877e-07,24.973999842035358
2786,9077.8,3120.6,5,16.228468224642846,16.228468224642846,16.228468224642846,3.718787895252253e-07,24.974062100657754
5130,8316.6,3367.2,5,16.227284189388286,16.227284189388286,16.227284189388286,3.7185165710637184e-07,24.974141319276857
3367,8951.5,3186.5,4,16.226880888848598,16.226880888848598,16.226880888848598,3.718424153890121e-07,24.974168303671394
210,9503.166666666666,2506.8333333333335,6,16.220099407172874,16.220099407172874,16.220099407172874,3.716870162988548e-07,24.974622145613985
9126,8388.8,4087.4,5,16.218468577359864,16.218468577359864,16.218468577359864,3.7164964548798167e-07,24.97473131510471
6079,8129.8,3464.8,5,16.211776373088064,16.211776373088064,16.211776373088064,3.714962922084606e-07,24.97517941338961
1055,8272.0,2851.5,6,16.211689045504855,16.211689045504855,16.211689045504855,3.714942910783794e-07,24.975185261914284
692,9021.5,2743.1666666666665,6,16.206443101923373,16.206443101923373,16.206443101923373,3.713740791691595e-07,24.975536652358272
6118,8374.0,3470.5,6,16.20461650736209,16.20461650736209,16.20461650736209,3.713322223675809e-07,24.975659030328792
8244,8766.8,3789.4,5,16.20352536346652,16.20352536346652,16.20352536346652,3.713072185739101e-07,24.975732141242535
5211,9602.0,3374.5,6,16.198112498947378,16.198112498947378,16.198112498947378,3.711831816360193e-07,24.976094897166142
8577,9144.833333333334,3870.166666666667,6,16.19696512919928,16.19696512919928,16.19696512919928,3.711568894150189e-07,24.976171806435545
4607,8846.8,3313.0,5,16.195339385217068,16.195339385217068,16.195339385217068,3.711196351470366e-07,24.976280790907573
7311,9064.0,3625.0,5,16.191445385849665,16.191445385849665,16.191445385849665,3.7103040332607136e-07,24.976541876170877
2901,8215.0,3135.5,6,16.189872404338583,16.189872404338583,16.189872404338583,3.709943581212997e-07,24.976647359399724
4114,8722.6,3263.2,5,16.186903426976414,16.186903426976414,16.186903426976414,3.7092632337567325e-07,24.97684648523233
4658,9003.4,3317.8,5,16.186440831264193,16.186440831264193,16.186440831264193,3.709157228968653e-07,24.97687751427332
8722,8031.0,3916.5,6,16.178518743348953,16.178518743348953,16.178518743348953,3.707341865729405e-07,24.977409033419438
4844,8689.5,3339.0,4,16.17766330796705,16.17766330796705,16.17766330796705,3.707145840898266e-07,24.97746644298424
2557,8866.4,3094.8,5,16.176229354812698,16.176229354812698,16.176229354812698,3.7068172474932107e-07,24.977562684563136
5995,8853.4,3456.2,5,16.175327409619626,16.175327409619626,16.175327409619626,3.706610564840249e-07,24.977623224125928
1157,9130.0,2869.5,6,16.17341889169747,16.17341889169747,16.17341889169747,3.7061732239126553e-07,24.977751337097516
7264,9132.2,3615.6,5,16.17121376526946,16.17121376526946,16.17121376526946,3.705667914517186e-07,24.977899379316955
4729,8573.5,3325.5,4,16.16298684738529,16.16298684738529,16.16298684738529,3.7037826988443705e-07,24.978451875597912
154,8968.2,2462.4,5,16.161166500465534,16.161166500465534,16.161166500465534,3.703365562488884e-07,24.978574162887966
7457,8815.6,3646.8,5,16.159468473322086,16.159468473322086,16.159468473322086,3.7029764559694367e-07,24.978688245395908
3155,9225.2,3162.6,5,16.158098099672568,16.158098099672568,16.158098099672568,3.702662431942692e-07,24.978780323138384
311,8967.8,2579.6,5,16.15619896196611,16.15619896196611,16.15619896196611,3.7022272405114096e-07,24.978907942350656
6968,9403.6,3572.4,5,16.153946375226948,16.153946375226948,16.153946375226948,3.7017110554850325e-07,24.97905933225965
5072,9024.5,3359.5,4,16.152081004452157,16.152081004452157,16.152081004452157,3.7012836018177224e-07,24.9791847144717
8145,8507.2,3768.6,5,16.150841961076786,16.150841961076786,16.150841961076786,3.700999672401696e-07,24.979268005649654
9365,8851.2,2889.6,5,16.150427902796718,16.150427902796718,16.150427902796718,3.700904790069086e-07,24.97929584096805
80,8954.6,2396.2,5,16.14777064011918,16.14777064011918,16.14777064011918,3.700295872693586e-07,24.979474494046624
4166,8333.6,3268.2,5,16.147320262464476,16.147320262464476,16.147320262464476,3.700192667699287e-07,24.979504776749778
2081,8988.0,3027.5,6,16.147141875862097,16.147141875862097,16.147141875862097,3.700151790031203e-07,24.97951677142501
419,9740.0,2626.1666666666665,6,16.146742790889963,16.146742790889963,16.146742790889963,3.7000603388638464e-07,24.979543606289106
9154,8925.5,4110.5,4,16.146578317295614,16.146578317295614,16.146578317295614,3.7000226493910454e-07,24.979554665847555
9522,9366.833333333334,3126.333333333333,6,16.145802742298535,16.145802742298535,16.145802742298535,3.6998449247363787e-07,24.97960681869763
1088,8684.8,2855.4,5,16.1453903783613,16.1453903783613,16.1453903783613,3.69975043066602e-07,24.979634548763503
4402,9658.833333333334,3292.0,6,16.145010000717463,16.145010000717463,16.145010000717463,3.6996632663225995e-07,24.979660128488412
6617,9252.2,3527.2,5,16.142092421102465,16.142092421102465,16.142092421102465,3.6989946967690535e-07,24.979856350607417
3763,9418.333333333334,3226.166666666667,6,16.14110253205521,16.14110253205521,16.14110253205521,3.6987678615954794e-07,24.979922933755656
9144,8563.833333333334,4104.833333333334,6,16.140675715691813,16.140675715691813,16.140675715691813,3.6986700557210294e-07,24.97995164406864
7388,8449.333333333334,3636.0,6,16.140296744714423,16.140296744714423,16.140296744714423,3.698583213718207e-07,24.979977136640848
5740,8258.5,3428.5,6,16.139291561687028,16.139291561687028,16.139291561687028,3.698352873896663e-07,24.980044756066178
9613,8962.5,3178.5,4,16.13885235466455,16.13885235466455,16.13885235466455,3.698252228676419e-07,24.98007430317812
2961,9332.8,3140.6,5,16.138399949685308,16.138399949685308,16.138399949685308,3.698148559116404e-07,24.98010473900708
596,9274.833333333334,2709.6666666666665,6,16.135701896603294,16.135701896603294,16.135701896603294,3.69753029453325e-07,24.98028626994072
2311,8961.5,3061.5,4,16.129016912086485,16.129016912086485,16.129016912086485,3.6959984161602e-07,24.980736181180614
549,9082.333333333334,2689.5,6,16.122947107835998,16.122947107835998,16.122947107835998,3.694607507649255e-07,24.981144851257532
3308,9337.8,3180.6,5,16.122563937060544,16.122563937060544,16.122563937060544,3.694519703253803e-07,24.98117065468691
1905,8589.8,3002.2,5,16.121724883450053,16.121724883450053,16.121724883450053,3.694327432340309e-07,24.981227160252153
1360,9159.4,2910.8,5,16.120224059752445,16.120224059752445,16.120224059752445,3.6939835154085125e-07,24.98132823966454
7582,8860.4,3665.8,5,16.11980951143898,16.11980951143898,16.11980951143898,3.6938885207837105e-07,24.981356160858326
9070,8189.833333333333,4060.1666666666665,6,16.117475823670674,16.117475823670674,16.117475823670674,3.693353751284585e-07,24.9815133558131
4899,9379.166666666666,3343.5,6,16.117335976982087,16.117335976982087,16.117335976982087,3.693321705119444e-07,24.98152277647383
5639,8399.5,3419.333333333333,6,16.111872139636567,16.111872139636567,16.111872139636567,3.692069655209318e-07,24.981890907521812
7422,7808.833333333333,3642.166666666667,6,16.106735970931055,16.106735970931055,16.106735970931055,3.690892691262651e-07,24.982237075447216
2804,8427.8,3124.2,5,16.10640917166708,16.10640917166708,16.10640917166708,3.690817804518553e-07,24.98225910482628
3736,8807.25,3224.0,4,16.10215643436274,16.10215643436274,16.10215643436274,3.689843280750188e-07,24.982545820536878
3669,8886.4,3217.2,5,16.098975310979156,16.098975310979156,16.098975310979156,3.6891143195834027e-07,24.98276033851518
7071,8464.8,3587.6,5,16.09298608576384,16.09298608576384,16.09298608576384,3.6877418759291807e-07,24.983164334944576
3712,9521.0,3220.8,5,16.09091549318644,16.09091549318644,16.09091549318644,3.6872673952507675e-07,24.983304039406708
7097,8355.2,3591.8,5,16.089804180700565,16.089804180700565,16.089804180700565,3.687012735638837e-07,24.983379027922407
8118,8858.2,3762.8,5,16.08100927240528,16.08100927240528,16.08100927240528,3.6849973637592714e-07,24.983972668528075
5401,8253.5,3395.833333333333,6,16.080792875595527,16.080792875595527,16.080792875595527,3.684947775971593e-07,24.98398727901849
2737,8378.8,3114.6,5,16.08059016972023,16.08059016972023,16.08059016972023,3.684901325490567e-07,24.984000965314713
3760,9280.333333333334,3225.666666666667,6,16.078261104718152,16.078261104718152,16.078261104718152,3.6843676153081213e-07,24.984158231516723
1615,8887.4,2957.2,5,16.07637860421471,16.07637860421471,16.07637860421471,3.683936236327179e-07,24.984285360850027
4483,8768.5,3300.5,4,16.075683314562298,16.075683314562298,16.075683314562298,3.683776909229433e-07,24.984332319029594
6879,8168.166666666667,3561.833333333333,6,16.07527341229732,16.07527341229732,16.07527341229732,3.683682979256491e-07,24.984360003787675
8506,9574.8,3849.6,5,16.07405358018786,16.07405358018786,16.07405358018786,3.683403452142773e-07,24.984442395303113
5789,8388.0,3434.0,5,16.073863366682545,16.073863366682545,16.073863366682545,3.68335986431481e-07,24.984455243519044
7605,8616.5,3668.833333333333,6,16.073655397241623,16.073655397241623,16.073655397241623,3.6833122076765627e-07,24.984469291256488
1204,8789.0,2881.0,5,16.07334411323924,16.07334411323924,16.07334411323924,3.6832408762875484e-07,24.984490317934963
1836,8626.2,2991.6,5,16.07208555335318,16.07208555335318,16.07208555335318,3.6829524746217257e-07,24.984575335559494
4131,8447.6,3265.2,5,16.067321972061464,16.067321972061464,16.067321972061464,3.681860889870752e-07,24.98489718298039
1377,8060.333333333333,2914.8333333333335,6,16.066449613717275,16.066449613717275,16.066449613717275,3.6816609871069307e-07,24.98495613348581
7192,9139.833333333334,3606.0,6,16.06562887192918,16.06562887192918,16.06562887192918,3.681472912386357e-07,24.985011598872195
6716,8584.2,3541.6,5,16.06446122387114,16.06446122387114,16.06446122387114,3.681205343358643e-07,24.98509051292241
5916,9124.5,3447.333333333333,6,16.059865998900477,16.059865998900477,16.059865998900477,3.680152337815525e-07,24.98540113123476
7947,8900.833333333334,3732.166666666667,6,16.05942153805735,16.05942153805735,16.05942153805735,3.6800504886711415e-07,24.985431179673938
1213,9126.8,2881.6,5,16.055553062713894,16.055553062713894,16.055553062713894,3.6791640193456824e-07,24.985692748852188
8673,8794.8,3901.4,5,16.05536645018921,16.05536645018921,16.05536645018921,3.6791212566900647e-07,24.98570536835841
3395,9162.4,3189.8,5,16.054372682029474,16.054372682029474,16.054372682029474,3.6788935326096426e-07,24.985772573517945
9330,8327.833333333334,4328.166666666666,6,16.046691432070705,16.046691432070705,16.046691432070705,3.6771333578986556e-07,24.986292170706847
7915,9422.0,3723.5,6,16.045783977684735,16.045783977684735,16.045783977684735,3.6769254128024624e-07,24.98635357177166
1775,7913.833333333333,2981.833333333333,6,16.04429205998394,16.04429205998394,16.04429205998394,3.6765835366987146e-07,24.986454526911906
430,8996.5,2632.0,6,16.044175726724696,16.044175726724696,16.044175726724696,3.6765568786857524e-07,24.98646239934958
7238,9715.6,3612.2,5,16.038940876856795,16.038940876856795,16.038940876856795,3.675357301741537e-07,24.986816708199854
6072,8822.2,3463.6,5,16.038448948186783,16.038448948186783,16.038448948186783,3.6752445752439997e-07,24.98685000921157
821,8837.4,2784.6,5,16.036426199240623,16.036426199240623,16.036426199240623,3.674781058035105e-07,24.98698694952743
2074,8561.0,3028.0,5,16.031481382531503,16.031481382531503,16.031481382531503,3.6736479428040454e-07,24.98732178687569
1323,8644.2,2904.4,5,16.02989044861808,16.02989044861808,16.02989044861808,3.673283376925277e-07,24.987429538631275
5970,9550.4,3452.8,5,16.028941793918708,16.028941793918708,16.028941793918708,3.6730659906899303e-07,24.98749379479291
6455,8287.4,3509.2,5,16.02749883412991,16.02749883412991,16.02749883412991,3.672735333395499e-07,24.987591539499128
5869,8620.5,3442.5,4,16.024624684842678,16.024624684842678,16.024624684842678,3.672076715993625e-07,24.98778625782695
2344,8327.2,3066.4,5,16.02450279093641,16.02450279093641,16.02450279093641,3.6720487837466096e-07,24.987794516686872
6602,9535.2,3524.4,5,16.02142558819287,16.02142558819287,16.02142558819287,3.6713436362147843e-07,24.98800303181546
2750,8584.666666666666,3117.833333333333,6,16.0164805943486,16.0164805943486,16.0164805943486,3.6702104803928296e-07,24.988338194722864
5276,9397.333333333334,3381.166666666667,6,16.01311419579985,16.01311419579985,16.01311419579985,3.669439063029195e-07,24.988566422449217
8120,9476.333333333334,3763.166666666667,6,16.01034826679289,16.01034826679289,16.01034826679289,3.668805244533953e-07,24.988753976763405
4967,8692.2,3348.4,5,16.00983409783207,16.00983409783207,16.00983409783207,3.668687421626631e-07,24.988788845512737
814,8661.833333333334,2781.6666666666665,6,16.00878559286178,16.00878559286178,16.00878559286178,3.668447154490038e-07,24.988859954125072
7165,8411.8,3601.4,5,15.997840237600219,15.997840237600219,15.997840237600219,3.6659390031295714e-07,24.9896025359272
6436,8890.0,3506.4,5,15.995055824863826,15.995055824863826,15.995055824863826,3.6653009490485487e-07,24.989791523989965
7057,8157.8,3586.6,5,15.99371265126246,15.99371265126246,15.99371265126246,3.664993157970497e-07,24.989882701755075
640,8583.833333333334,2726.6666666666665,6,15.992778711696259,15.992778711696259,15.992778711696259,3.6647791437391103e-07,24.989946104270146
1960,8570.6,3008.8,5,15.992349943559546,15.992349943559546,15.992349943559546,3.6646808906116677e-07,24.989975213366094
6157,8913.5,3473.0,4,15.991779510140958,15.991779510140958,15.991779510140958,3.664550174584577e-07,24.99001394133685
1339,8398.8,2907.6,5,15.991467499778615,15.991467499778615,15.991467499778615,3.6644786767486375e-07,24.990035124986314
10166,9098.2,3350.4,5,15.990884897528616,15.990884897528616,15.990884897528616,3.664345172208033e-07,24.990074681323385
5314,9117.2,3384.6,5,15.990691527119466,15.990691527119466,15.990691527119466,3.664300860968864e-07,24.990087810710836
6731,8009.4,3542.8,5,15.990642098579864,15.990642098579864,15.990642098579864,3.664289534314234e-07,24.990091166815724
2686,8786.833333333334,3109.666666666667,6,15.9903004248591,15.9903004248591,15.9903004248591,3.6642112390568317e-07,24.990114366102524
8040,9126.6,3747.8,5,15.987316172107697,15.987316172107697,15.987316172107697,3.6635273912127424e-07,24.99031701480562
9002,7882.5,4023.1666666666665,6,15.985993278338928,15.985993278338928,15.985993278338928,3.6632242473013204e-07,24.990406859346912
6472,8554.6,3510.2,5,15.984382150853833,15.984382150853833,15.984382150853833,3.6628550540227964e-07,24.990516289368866
1843,8739.5,2993.0,6,15.981352377543878,15.981352377543878,15.981352377543878,3.6621607750462196e-07,24.990722105667675
5852,8483.0,3442.5,6,15.981235783102129,15.981235783102129,15.981235783102129,3.662134057182732e-07,24.99073002685391
804,8757.8,2779.6,5,15.977214906966378,15.977214906966378,15.977214906966378,3.6612126648926554e-07,24.991003232264323
182,8172.5,2484.6666666666665,6,15.976229550400145,15.976229550400145,15.976229550400145,3.660986868346716e-07,24.99107019451625
540,8867.2,2686.4,5,15.975470229221372,15.975470229221372,15.975470229221372,3.660812868288969e-07,24.99112179881278
9995,8422.8,3292.6,5,15.973591028020472,15.973591028020472,15.973591028020472,3.660382245350198e-07,24.99124952192588
1934,8372.2,3005.4,5,15.97347466453349,15.97347466453349,15.97347466453349,3.660355580410486e-07,24.991257431262653
6244,8619.2,3484.6,5,15.970928385274071,15.970928385274071,15.970928385274071,3.6597720951205136e-07,24.99143051870967
7924,8765.6,3726.8,5,15.968406176454682,15.968406176454682,15.968406176454682,3.659194125622899e-07,24.991601997137415
9119,8567.6,4083.2,5,15.966476027120416,15.966476027120416,15.966476027120416,3.6587518278113663e-07,24.991733241273653
2964,8825.5,3141.5,4,15.965019098430488,15.965019098430488,15.965019098430488,3.6584179695136295e-07,24.991832318389914
614,8916.4,2715.8,5,15.963350854877735,15.963350854877735,15.963350854877735,3.6580356879671255e-07,24.99194577688641
4900,9676.5,3343.5,6,15.959559055377419,15.959559055377419,15.959559055377419,3.657166789073662e-07,24.9922037041261
7518,8722.8,3656.4,5,15.958938616696543,15.958938616696543,15.958938616696543,3.657024614234715e-07,24.992245913677795
6756,8843.4,3545.2,5,15.957041516516881,15.957041516516881,15.957041516516881,3.656589889707018e-07,24.9923749869723
10747,8857.6,3728.2,5,15.953583844339281,15.953583844339281,15.953583844339281,3.655797556797848e-07,24.992610276618908
7478,9079.4,3649.8,5,15.952576449486951,15.952576449486951,15.952576449486951,3.6555667101319317e-07,24.992678837991
6467,9278.5,3509.166666666667,6,15.95141882051448,15.95141882051448,15.95141882051448,3.6553014369989147e-07,24.992757629357225
2795,8210.2,3123.2,5,15.946444922397749,15.946444922397749,15.946444922397749,3.654161657701653e-07,24.993096231424836
3547,8379.833333333334,3205.166666666667,6,15.944144208779786,15.944144208779786,15.944144208779786,3.6536344442989774e-07,24.993252890059516
7650,8820.8,3674.6,5,15.943199307906973,15.943199307906973,15.943199307906973,3.6534179182609445e-07,24.99331723615892
10808,8840.166666666666,4170.333333333334,6,15.94184641937566,15.94184641937566,15.94184641937566,3.653107900986102e-07,24.993409372144725
1489,9613.0,2934.5,6,15.93967182127162,15.93967182127162,15.93967182127162,3.652609587220785e-07,24.993557485536204
2443,8604.2,3079.6,5,15.938638193435274,15.938638193435274,15.938638193435274,3.6523727292109725e-07,24.993627893733127
8988,8760.8,4013.6,5,15.938242841239086,15.938242841239086,15.938242841239086,3.652282133417137e-07,24.99365482536377
4735,8846.5,3326.5,4,15.93724016137952,15.93724016137952,15.93724016137952,3.6520523672018077e-07,24.99372313151779
465,8930.4,2648.2,5,15.93156152194094,15.93156152194094,15.93156152194094,3.650751094936713e-07,24.99411006194327
2194,8993.333333333334,3044.166666666667,6,15.926643437761598,15.926643437761598,15.926643437761598,3.6496241055215205e-07,24.994445281212574
64,9275.4,2376.8,5,15.925908175474493,15.925908175474493,15.925908175474493,3.6494556186098e-07,24.99449540598091
7440,8715.4,3643.8,5,15.92291761679921,15.92291761679921,15.92291761679921,3.648770325749886e-07,24.99469930409991
285,8482.833333333334,2567.3333333333335,6,15.9208207318455,15.9208207318455,15.9208207318455,3.6482898201177067e-07,24.99484229383873
6074,9195.2,3463.4,5,15.91992589759236,15.91992589759236,15.91992589759236,3.648084766951704e-07,24.99490331966564
9012,9376.6,4025.8,5,15.919718781489957,15.919718781489957,15.919718781489957,3.648037305857787e-07,24.994917445040038
2584,8519.8,3097.6,5,15.917810815164998,15.917810815164998,15.917810815164998,3.647600091329861e-07,24.995047577506043
1538,9145.666666666666,2944.166666666667,6,15.910125654574717,15.910125654574717,15.910125654574717,3.645839020489373e-07,24.995571900360737
7309,8671.8,3624.6,5,15.904122350209619,15.904122350209619,15.904122350209619,3.6444633505681326e-07,24.99598165419014
4153,8830.0,3265.5,4,15.903820106048443,15.903820106048443,15.903820106048443,3.6443940906778934e-07,24.996002287868592
957,8659.0,2825.3333333333335,6,15.90292057732783,15.90292057732783,15.90292057732783,3.644187961764718e-07,24.99606369943598
5612,8898.4,3416.6,5,15.8997582689002,15.8997582689002,15.8997582689002,3.643463312084974e-07,24.996279620414107
9320,8249.666666666666,4291.833333333334,6,15.899661784238326,15.899661784238326,15.899661784238326,3.6434412024201744e-07,24.996286209017953
6527,9362.2,3514.4,5,15.899014812161901,15.899014812161901,15.899014812161901,3.643292947397392e-07,24.996330389536272
281,9225.8,2562.8,5,15.897237537593075,15.897237537593075,15.897237537593075,3.642885681162427e-07,24.996451765560465
1889,9166.666666666666,2999.333333333333,6,15.892870292647501,15.892870292647501,15.892870292647501,3.641884917725337e-07,24.99675007697278
3493,8592.2,3199.8,5,15.888498520839129,15.888498520839129,15.888498520839129,3.6408831169480407e-07,24.997048779712053
866,9236.8,2793.6,5,15.888385684994205,15.888385684994205,15.888385684994205,3.6408572603749834e-07,24.997056490346065
1666,9030.2,2965.4,5,15.888087588592278,15.888087588592278,15.888087588592278,3.640788950952569e-07,24.997076861017995
1915,8202.5,3003.0,6,15.883205832804087,15.883205832804087,15.883205832804087,3.639670286265218e-07,24.997410514355515
53,9143.333333333334,2353.8333333333335,6,15.881386129917505,15.881386129917505,15.881386129917505,3.639253297491299e-07,24.99753491181734
1237,8695.8,2886.0,5,15.880972847596073,15.880972847596073,15.880972847596073,3.639158592971255e-07,24.9975631663673
636,8860.0,2726.5,6,15.87785021279345,15.87785021279345,15.87785021279345,3.638443034586783e-07,24.99777667287312
6481,8110.0,3510.5,6,15.873508633008047,15.873508633008047,15.873508633008047,3.6374481523755515e-07,24.998073593103282
198,9331.5,2498.5,4,15.873018977053311,15.873018977053311,15.873018977053311,3.6373359466755366e-07,24.99810708572361
4293,8604.6,3281.2,5,15.872624695533148,15.872624695533148,15.872624695533148,3.637245596229382e-07,24.998134055453743
1216,9342.8,2882.2,5,15.868883903709854,15.868883903709854,15.868883903709854,3.6363883858532355e-07,24.998389967243387
7957,9117.666666666666,3733.0,6,15.868339626107343,15.868339626107343,15.868339626107343,3.636263663486845e-07,24.99842720691547
8799,8240.6,3941.8,5,15.867586344983366,15.867586344983366,15.867586344983366,3.6360910475204587e-07,24.99847874879199
5495,8534.2,3404.8,5,15.865973837662814,15.865973837662814,15.865973837662814,3.6357215380497146e-07,24.99858908986748
4183,9097.6,3268.8,5,15.858866417510853,15.858866417510853,15.858866417510853,3.6340928576553784e-07,24.999075571970995
825,9242.8,2785.2,5,15.856487554440228,15.856487554440228,15.856487554440228,3.633547736139962e-07,24.99923844688446
3771,8773.4,3226.2,5,15.855879540151307,15.855879540151307,15.855879540151307,3.6334084083767694e-07,24.99928008005076
100,8608.833333333334,2409.6666666666665,6,15.855700405488044,15.855700405488044,15.855700405488044,3.633367359288948e-07,24.99929234642095
1699,8879.4,2970.8,5,15.852396566568949,15.852396566568949,15.852396566568949,3.632610277597064e-07,24.99951860393147
1656,8711.166666666666,2965.0,6,15.845674397429796,15.845674397429796,15.845674397429796,3.631069878288979e-07,24.999979105299303
2282,8211.5,3058.5,6,15.845591341230282,15.845591341230282,15.845591341230282,3.6310508457847954e-07,24.99998479627571
1704,9400.0,2971.166666666667,6,15.842966404805018,15.842966404805018,15.842966404805018,3.63044933603853e-07,25.00016467120353
5224,9272.0,3374.5,6,15.838897567390163,15.838897567390163,15.838897567390163,3.6295169533196774e-07,25.000443548994355
7916,8524.0,3724.25,4,15.8380745385691,15.8380745385691,15.8380745385691,3.62932835452065e-07,25.000499968035026
9148,8813.5,4106.166666666666,6,15.837745979536606,15.837745979536606,15.837745979536606,3.629253064521866e-07,25.000522491741194
6113,9107.5,3467.5,4,15.836735289073303,15.836735289073303,15.836735289073303,3.629021462659709e-07,25.000591780530414
2014,8741.666666666666,3017.833333333333,6,15.834977872512084,15.834977872512084,15.834977872512084,3.628618746929283e-07,25.000712272325703
8806,8712.333333333334,3944.833333333333,6,15.833697943338915,15.833697943338915,15.833697943338915,3.6283254484460206e-07,25.00080003510124
4428,8435.6,3295.6,5,15.832678657285506,15.832678657285506,15.832678657285506,3.62809187688617e-07,25.000869931053376
321,8852.666666666666,2588.3333333333335,6,15.830661416885707,15.830661416885707,15.830661416885707,3.6276296219723517e-07,25.00100827343504
9040,9223.5,4046.5,6,15.829910513589892,15.829910513589892,15.829910513589892,3.627457550890329e-07,25.001059774898536
1320,9138.2,2903.4,5,15.82871181553653,15.82871181553653,15.82871181553653,3.6271828666903663e-07,25.00114199388218
9552,8819.0,3142.0,5,15.826448644248075,15.826448644248075,15.826448644248075,3.626664256192081e-07,25.00129724231396
2776,9266.4,3119.8,5,15.824242774713326,15.824242774713326,15.824242774713326,3.6261587765121277e-07,25.001448581340906
91,8693.4,2405.2,5,15.821725467147669,15.821725467147669,15.821725467147669,3.6255819301471963e-07,25.001621313105495
4464,8474.833333333334,3299.333333333333,6,15.818296322147546,15.818296322147546,15.818296322147546,3.624796134301217e-07,25.001856657247636
1130,8850.8,2864.4,5,15.818053673018081,15.818053673018081,15.818053673018081,3.624740530738826e-07,25.001873312326044
1231,8079.0,2885.5,6,15.814108458948755,15.814108458948755,15.814108458948755,3.623836476571661e-07,25.002144141854224
5664,9188.2,3419.8,5,15.81152318338853,15.81152318338853,15.81152318338853,3.623244055196694e-07,25.002321651496597
9043,8865.6,4046.8,5,15.808288033862107,15.808288033862107,15.808288033862107,3.6225027138247506e-07,25.00254382353657
9409,9170.4,3031.2,5,15.807410456297895,15.807410456297895,15.807410456297895,3.622301615065597e-07,25.002604098512595
2911,9049.2,3134.8,5,15.806554428884787,15.806554428884787,15.806554428884787,3.622105454569252e-07,25.002662896575934
6264,8596.5,3486.5,6,15.802845385988498,15.802845385988498,15.802845385988498,3.621255519527031e-07,25.002917696869492
3886,9051.5,3239.0,4,15.802005990658927,15.802005990658927,15.802005990658927,3.621063170307885e-07,25.002975369148267
6145,8118.4,3472.8,5,15.799137938881907,15.799137938881907,15.799137938881907,3.6204059501634024e-07,25.003172447308913
6022,8398.166666666666,3459.0,6,15.798728980307917,15.798728980307917,15.798728980307917,3.6203122364392504e-07,25.003200551809208
2824,9475.2,3125.0,5,15.794396766356662,15.794396766356662,15.794396766356662,3.619319500428768e-07,25.003498315417716
8022,8841.2,3744.6,5,15.793048783134559,15.793048783134559,15.793048783134559,3.6190106072159294e-07,25.003590982245502
4605,8387.4,3312.8,5,15.792182920819936,15.792182920819936,15.792182920819936,3.618812193031054e-07,25.003650509943277
4040,9118.5,3254.5,4,15.791249398633461,15.791249398633461,15.791249398633461,3.6185982744431155e-07,25.003714692887414
5547,8496.0,3410.166666666667,6,15.787206365975543,15.787206365975543,15.787206365975543,3.617671804939016e-07,25.003992709456078
2796,8478.8,3122.4,5,15.786376168967884,15.786376168967884,15.786376168967884,3.617481563534836e-07,25.004049806236118
1023,8557.6,2842.2,5,15.78562204606514,15.78562204606514,15.78562204606514,3.61730875467306e-07,25.004101673623982
2655,8539.6,3106.8,5,15.78128344552681,15.78128344552681,15.78128344552681,3.6163145551626116e-07,25.004400123892623
1804,9202.2,2984.4,5,15.772717380589423,15.772717380589423,15.772717380589423,3.6143516232236175e-07,25.00498962042681
429,9148.833333333334,2631.0,6,15.772504536983197,15.772504536983197,15.772504536983197,3.6143028496600587e-07,25.005004271901434
5286,9316.166666666666,3381.666666666667,6,15.771540777417137,15.771540777417137,15.771540777417137,3.614082002112491e-07,25.00507061650901
8387,8978.6,3821.8,5,15.770760241878499,15.770760241878499,15.770760241878499,3.61390314073921e-07,25.005124351060147
7206,8562.6,3609.4,5,15.770243806351992,15.770243806351992,15.770243806351992,3.6137847984435565e-07,25.005159905587693
3123,9214.2,3159.6,5,15.770221057920654,15.770221057920654,15.770221057920654,3.6137795855922923e-07,25.00516147175329
2128,7608.6,3036.2,5,15.76907346113289,15.76907346113289,15.76907346113289,3.6135166113556676e-07,25.005240483500412
9542,8996.4,3141.2,5,15.764684592123345,15.764684592123345,15.764684592123345,3.612510892718479e-07,25.005542709071136
6526,9180.8,3514.4,5,15.760145875184818,15.760145875184818,15.760145875184818,3.6114708361107125e-07,25.005855341955396
8374,9193.333333333334,3820.5,6,15.759112711256869,15.759112711256869,15.759112711256869,3.611234084406492e-07,25.005926520246557
9789,9068.0,3241.0,5,15.758989095932506,15.758989095932506,15.758989095932506,3.611205757692871e-07,25.005935036852915
6325,9553.4,3492.8,5,15.756294757058594,15.756294757058594,15.756294757058594,3.6105883442283767e-07,25.006120682730902
1000,9168.2,2835.6,5,15.75535863472265,15.75535863472265,15.75535863472265,3.6103738298106764e-07,25.006185191051035
358,8808.8,2604.4,5,15.754027664650183,15.754027664650183,15.754027664650183,3.6100688351971416e-07,25.006276914982585
7765,8245.4,3696.8,5,15.75258842275056,15.75258842275056,15.75258842275056,3.609739029864896e-07,25.00637610919846
9657,9403.8,3189.4,5,15.751178071110942,15.751178071110942,15.751178071110942,3.609415844796974e-07,25.006473321056472
10610,8777.333333333334,3544.0,6,15.749072200633293,15.749072200633293,15.749072200633293,3.6089332801129354e-07,25.006618489415693
4584,9695.4,3310.2,5,15.745216011544521,15.745216011544521,15.745216011544521,3.608049626208782e-07,25.006884366459733
4162,7837.833333333333,3267.166666666667,6,15.744349543144509,15.744349543144509,15.744349543144509,3.6078510731381547e-07,25.006944116798987
2243,9041.5,3052.0,4,15.744075531481336,15.744075531481336,15.744075531481336,3.607788282784681e-07,25.006963012909704
4245,8080.6,3275.8,5,15.73795032722066,15.73795032722066,15.73795032722066,3.606384679243962e-07,25.00738549881586
3399,8215.166666666666,3192.166666666667,6,15.736900139864222,15.736900139864222,15.736900139864222,3.606144026585017e-07,25.007457951991533
6627,9469.5,3528.5,6,15.73577626648257,15.73577626648257,15.73577626648257,3.605886488617192e-07,25.00753549417478
10120,8850.5,3325.5,4,15.735115275785517,15.735115275785517,15.735115275785517,3.6057350211977756e-07,25.007581102131574
1717,8816.2,2972.6,5,15.732756207272665,15.732756207272665,15.732756207272665,3.6051944356472337e-07,25.007743892048907
5992,8417.5,3455.5,4,15.73233577270662,15.73233577270662,15.73233577270662,3.605098092175175e-07,25.007772907125702
7625,8760.8,3670.6,5,15.732105986899072,15.732105986899072,15.732105986899072,3.605045436270269e-07,25.00778876545699
5031,9580.4,3354.8,5,15.730745627180829,15.730745627180829,15.730745627180829,3.604733706957104e-07,25.007882653437434
1613,9021.2,2955.4,5,15.728199508596667,15.728199508596667,15.728199508596667,3.6041502584862076e-07,25.00805840078831
3947,8122.833333333333,3245.666666666667,6,15.727266736054128,15.727266736054128,15.727266736054128,3.6039365116807666e-07,25.00812279308901
547,9127.2,2687.6,5,15.72712370383935,15.72712370383935,15.72712370383935,3.6039037355455463e-07,25.00813266740238
5526,8505.4,3408.2,5,15.7235271828822,15.7235271828822,15.7235271828822,3.6030795851442066e-07,25.00838098487253
6354,8646.6,3497.2,5,15.72040055527836,15.72040055527836,15.72040055527836,3.602363111800871e-07,25.008596905277113
1757,9545.5,2978.333333333333,6,15.718309435687623,15.718309435687623,15.718309435687623,3.601883927313838e-07,25.008741338954714
2001,8707.0,3015.166666666667,6,15.718153202827786,15.718153202827786,15.718153202827786,3.6018481262228194e-07,25.008752130733306
1321,7860.5,2904.5,6,15.717205577364677,15.717205577364677,15.717205577364677,3.601630975839144e-07,25.008817590223135
235,8765.666666666666,2527.1666666666665,6,15.715232218874728,15.715232218874728,15.715232218874728,3.6011787765579906e-07,25.008953917336814
2694,9291.2,3109.6,5,15.712196467860817,15.712196467860817,15.712196467860817,3.60048312777788e-07,25.00916367199588
5868,9456.6,3441.8,5,15.704730116926559,15.704730116926559,15.704730116926559,3.5987721976339087e-07,25.009679730602528
4282,9360.8,3279.6,5,15.704063879748123,15.704063879748123,15.704063879748123,3.598619527972161e-07,25.009725791449426
3039,8421.6,3150.8,5,15.703492206884405,15.703492206884405,15.703492206884405,3.5984885279235914e-07,25.00976531607361
709,9452.6,2748.2,5,15.700973088302026,15.700973088302026,15.700973088302026,3.5979112665603393e-07,25.009939501383194
2664,9371.2,3106.6,5,15.69987547652645,15.69987547652645,15.69987547652645,3.597659746495217e-07,25.010015404863417
10524,8336.2,3475.4,5,15.69896880395395,15.69896880395395,15.69896880395395,3.5974519805532377e-07,25.01007810826927
2056,8813.8,3024.2,5,15.698299520524955,15.698299520524955,15.698299520524955,3.5972986128367174e-07,25.01012439670702
6708,8693.666666666666,3540.833333333333,6,15.69340362002771,15.69340362002771,15.69340362002771,3.596176706859302e-07,25.010463063038312
3792,9349.8,3228.8,5,15.69227186891949,15.69227186891949,15.69227186891949,3.595917363693735e-07,25.01054136520224
8733,8560.2,3919.4,5,15.692175166800059,15.692175166800059,15.692175166800059,3.5958952041980754e-07,25.01054805596802
2704,9277.6,3110.6,5,15.687285635063866,15.687285635063866,15.687285635063866,3.594774757635756e-07,25.010886413705062
8653,8885.5,3897.0,6,15.685725758390781,15.685725758390781,15.685725758390781,3.5944173085894474e-07,25.010994380043332
8775,8745.0,3935.166666666667,6,15.685644287273785,15.685644287273785,15.685644287273785,3.5943986393102826e-07,25.01100001933427
985,8259.4,2832.2,5,15.682994081476595,15.682994081476595,15.682994081476595,3.593791339033874e-07,25.011183478007677
2403,8684.8,3074.4,5,15.67960928589536,15.67960928589536,15.67960928589536,3.5930157059512463e-07,25.011417833241488
1081,9055.166666666666,2855.0,6,15.677461050465102,15.677461050465102,15.677461050465102,3.5925234332485113e-07,25.0115665982225
5245,8496.4,3378.2,5,15.675651684447168,15.675651684447168,15.675651684447168,3.5921088131899554e-07,25.011691912363535
5695,9135.5,3425.333333333333,6,15.67238432188826,15.67238432188826,15.67238432188826,3.591360090133332e-07,25.011918241938783
10805,8245.4,4029.2,5,15.667844764818541,15.667844764818541,15.667844764818541,3.590319841007722e-07,25.012232774515105
7772,9096.0,3697.0,5,15.66620873451517,15.66620873451517,15.66620873451517,3.5899449411956003e-07,25.012346152590123
200,9673.4,2498.8,5,15.66439105377328,15.66439105377328,15.66439105377328,3.589528415800424e-07,25.012472133056868
509,8495.2,2669.6,5,15.661949269497141,15.661949269497141,15.661949269497141,3.588968875757382e-07,25.012641392125804
1466,9552.8,2930.4,5,15.65711805305959,15.65711805305959,15.65711805305959,3.587861792269365e-07,25.01297635910211
1328,8469.5,2905.5,4,15.656042284734802,15.656042284734802,15.656042284734802,3.5876152776772954e-07,25.013050960362797
9436,8684.6,3053.8,5,15.652067682880151,15.652067682880151,15.652067682880151,3.5867044892368266e-07,25.013326631373328
5623,9178.6,3417.2,5,15.647683642412716,15.647683642412716,15.647683642412716,3.585699877070298e-07,25.01363078148879
6819,8650.8,3553.6,5,15.646775988355508,15.646775988355508,15.646775988355508,3.5854918862190176e-07,25.013693762149465
4984,8480.4,3351.2,5,15.646338649752465,15.646338649752465,15.646338649752465,3.585391669151047e-07,25.013724109678662
8715,8631.666666666666,3912.833333333333,6,15.645158245056258,15.645158245056258,15.645158245056258,3.5851211769126555e-07,25.013806023824216
9217,8597.5,4163.833333333334,6,15.644902313323431,15.644902313323431,15.644902313323431,3.5850625296135466e-07,25.013823785013763
6453,9214.833333333334,3508.166666666667,6,15.644848894352844,15.644848894352844,15.644848894352844,3.585050288543198e-07,25.01382749222831
9370,8690.333333333334,2895.1666666666665,6,15.640264949316514,15.640264949316514,15.640264949316514,3.5839998678209435e-07,25.01414565984931
6880,8595.8,3561.4,5,15.63010058004155,15.63010058004155,15.63010058004155,3.5816706810548624e-07,25.01485149260324
6479,9512.0,3509.5,6,15.629553325181858,15.629553325181858,15.629553325181858,3.5815452764436774e-07,25.014889508021852
4834,9130.5,3338.0,6,15.629378441841325,15.629378441841325,15.629378441841325,3.5815052015554717e-07,25.01490165668873
7966,8516.333333333334,3735.333333333333,6,15.626805911587311,15.626805911587311,15.626805911587311,3.5809157007944404e-07,25.015080379031115
8971,8940.166666666666,4005.5,6,15.62569227832675,15.62569227832675,15.62569227832675,3.5806605093720706e-07,25.015157756010264
337,9250.333333333334,2594.8333333333335,6,15.625024052773389,15.625024052773389,15.625024052773389,3.580507384069994e-07,25.015204188013204
956,8611.8,2824.6,5,15.624322183009731,15.624322183009731,15.624322183009731,3.5803465491258084e-07,25.015252959940003
6068,8567.2,3464.2,5,15.622098594045696,15.622098594045696,15.622098594045696,3.5798370090010714e-07,25.015407488425943
3184,9199.2,3165.6,5,15.62151064649646,15.62151064649646,15.62151064649646,3.579702279573816e-07,25.015448351562842
3251,8868.8,3173.8,5,15.61999954142685,15.61999954142685,15.61999954142685,3.5793560066438307e-07,25.015553382432007
1820,8315.75,2989.0,4,15.618696321038207,15.618696321038207,15.618696321038207,3.579057370929169e-07,25.01564397222908
4553,9217.8,3307.4,5,15.61843185568377,15.61843185568377,15.61843185568377,3.5789967681325786e-07,25.015662356736684
3020,9725.2,3147.4,5,15.61620345210972,15.61620345210972,15.61620345210972,3.578486124729751e-07,25.015817278247336
7774,9391.4,3696.8,5,15.61613926314439,15.61613926314439,15.61613926314439,3.578471415692276e-07,25.015821741075133
5344,8199.166666666666,3389.333333333333,6,15.615158052001284,15.615158052001284,15.615158052001284,3.5782465690788333e-07,25.01588996343888
619,9220.2,2717.4,5,15.61371512128055,15.61371512128055,15.61371512128055,3.5779159184454106e-07,25.015990296365842
1217,9539.8,2881.4,5,15.612638568892873,15.612638568892873,15.612638568892873,3.577669224183668e-07,25.016065159535312
10739,8642.166666666666,3705.0,6,15.611134512644853,15.611134512644853,15.611134512644853,3.577324566506092e-07,25.01616975985504
4138,8792.5,3264.5,4,15.608453318899166,15.608453318899166,15.608453318899166,3.576710165275596e-07,25.01635624976929
2643,8978.333333333334,3105.666666666667,6,15.607457456895098,15.607457456895098,15.607457456895098,3.576481961386307e-07,25.016425524918166
5617,8218.0,3417.0,5,15.605851169328616,15.605851169328616,15.605851169328616,3.576113877185393e-07,25.016537272415917
1463,8992.8,2931.2,5,15.598425243710263,15.598425243710263,15.598425243710263,3.574412210588256e-07,25.017054034691903
514,8687.5,2672.5,4,15.5982889364978,15.5982889364978,15.5982889364978,3.574380975501572e-07,25.01706352246518
8680,8566.166666666666,3904.333333333333,6,15.592920990517744,15.592920990517744,15.592920990517744,3.573150899301115e-07,25.017437228606553
7110,9294.166666666666,3592.666666666667,6,15.592389398028175,15.592389398028175,15.592389398028175,3.573029083755245e-07,25.01747424406062
8255,8850.5,3791.5,4,15.591912567224018,15.591912567224018,15.591912567224018,3.572919816965673e-07,25.017507447463295
2946,8795.6,3138.8,5,15.58834063764077,15.58834063764077,15.58834063764077,3.572101301729792e-07,25.01775620575662
8898,8960.166666666666,3977.6666666666665,6,15.587926092416172,15.587926092416172,15.587926092416172,3.5720063078128107e-07,25.017785079435612
8588,8749.5,3874.666666666667,6,15.58783313866481,15.58783313866481,15.58783313866481,3.57198500726364e-07,25.017791553905248
3359,9149.2,3185.6,5,15.587741995476122,15.587741995476122,15.587741995476122,3.5719641216087443e-07,25.017797902301986
2522,8394.166666666666,3090.0,6,15.585468051393484,15.585468051393484,15.585468051393484,3.5714430425018354e-07,25.017956301351603
5052,9447.8,3358.2,5,15.57673414299714,15.57673414299714,15.57673414299714,3.5694416488784224e-07,25.018564905374138
4668,8703.5,3318.5,4,15.576294644092826,15.576294644092826,15.576294644092826,3.569340936772836e-07,25.018595539947466
4140,8952.4,3264.8,5,15.57624665649081,15.57624665649081,15.57624665649081,3.5693299403121085e-07,25.01859888489942
844,9269.8,2788.8,5,15.576181811186693,15.576181811186693,15.576181811186693,3.569315080873209e-07,25.018603404925486
6525,9044.5,3514.5,4,15.576083261654304,15.576083261654304,15.576083261654304,3.5692924980389545e-07,25.018610274332577
6790,8681.6,3550.2,5,15.571475454392434,15.571475454392434,15.571475454392434,3.568236609237134e-07,25.01893151062919
5249,9025.5,3377.5,4,15.571109277284137,15.571109277284137,15.571109277284137,3.5681526989765347e-07,25.018957042982866
8433,8643.2,3832.4,5,15.57064648221235,15.57064648221235,15.57064648221235,3.5680466485047883e-07,25.018989313055798
7252,8382.2,3614.4,5,15.56982361107626,15.56982361107626,15.56982361107626,3.5678580858396076e-07,25.019046693113445
1005,9027.4,2837.2,5,15.566722110933071,15.566722110933071,15.566722110933071,3.567147370507146e-07,25.019262992701442
4722,9357.8,3324.8,5,15.565923783220754,15.565923783220754,15.565923783220754,3.5669644320195507e-07,25.019318675299296
3684,9264.6,3217.8,5,15.565629948418536,15.565629948418536,15.565629948418536,3.566897099151743e-07,25.019339170715988
1247,8798.4,2887.8,5,15.56148059190432,15.56148059190432,15.56148059190432,3.5659462653105847e-07,25.01962863585055
7954,8910.8,3733.0,5,15.559582478708673,15.559582478708673,15.559582478708673,3.565511308648127e-07,25.019761076713202
57,8521.5,2358.5,4,15.55900802975096,15.55900802975096,15.55900802975096,3.5653796724517334e-07,25.01980116207832
2159,8737.75,3039.25,4,15.557416079085364,15.557416079085364,15.557416079085364,3.5650148735820493e-07,25.019912257008077
7682,8535.4,3680.8,5,15.557053754736305,15.557053754736305,15.557053754736305,3.564931846189397e-07,25.019937543549403
728,9146.4,2754.2,5,15.555897438067575,15.555897438067575,15.555897438067575,3.5646668737735637e-07,25.020018246589384
8713,8841.6,3912.2,5,15.555168255353433,15.555168255353433,15.555168255353433,3.5644997800088755e-07,25.020069141668362
6471,8451.4,3509.8,5,15.553502938007064,15.553502938007064,15.553502938007064,3.5641181690087674e-07,25.020185385485128
8271,8928.5,3794.5,6,15.5530774304504,15.5530774304504,15.5530774304504,3.5640206630501547e-07,25.020215089101164
8185,8291.0,3776.8,5,15.552673512169434,15.552673512169434,15.552673512169434,3.5639281043198337e-07,25.020243286375823
6211,8846.4,3480.8,5,15.552407795273893,15.552407795273893,15.552407795273893,3.5638672147299463e-07,25.02026183630025
214,8867.8,2509.6,5,15.551925107691144,15.551925107691144,15.551925107691144,3.563756605847144e-07,25.02029553394526
811,9041.4,2780.8,5,15.551055426466288,15.551055426466288,15.551055426466288,3.563557316550893e-07,25.020356251238354
1822,8683.4,2989.8,5,15.550208737316417,15.550208737316417,15.550208737316417,3.563363295937364e-07,25.020415366588754
7931,8917.8,3728.2,5,15.549502029877985,15.549502029877985,15.549502029877985,3.5632013524297486e-07,25.020464710960987
2261,8321.5,3055.666666666667,6,15.548996351199722,15.548996351199722,15.548996351199722,3.5630854750886723e-07,25.020500020296012
10556,8541.6,3497.8,5,15.54761616478931,15.54761616478931,15.54761616478931,3.5627692024469676e-07,25.02059639853369
2165,9771.833333333334,3040.0,6,15.542050820132047,15.542050820132047,15.542050820132047,3.5614938919211774e-07,25.02098511265236
1868,9006.6,2997.2,5,15.539316640005609,15.539316640005609,15.539316640005609,3.56086734874921e-07,25.021176133743378
9141,8853.6,4102.2,5,15.537677449422258,15.537677449422258,15.537677449422258,3.5604917247522315e-07,25.02129067046848
344,8548.8,2598.6,5,15.534424246675135,15.534424246675135,15.534424246675135,3.5597462464464953e-07,25.021518020394883
4109,9638.6,3262.2,5,15.533616699273384,15.533616699273384,15.533616699273384,3.559561195247522e-07,25.021574463184617
4882,8979.8,3341.6,5,15.53107511031692,15.53107511031692,15.53107511031692,3.558978784750414e-07,25.021752124380857
9308,8412.833333333334,4272.333333333334,6,15.527204744205823,15.527204744205823,15.527204744205823,3.558091882151543e-07,25.02202272511302
9668,8470.8,3193.6,5,15.525891601781794,15.525891601781794,15.525891601781794,3.5577909727814395e-07,25.022114550176568
9245,8755.5,4191.5,6,15.525799101134016,15.525799101134016,15.525799101134016,3.5577697760619154e-07,25.02212101882932
2073,8155.666666666667,3027.166666666667,6,15.525458440325526,15.525458440325526,15.525458440325526,3.557691712915507e-07,25.022144841875637
7173,9061.8,3602.4,5,15.523259044182332,15.523259044182332,15.523259044182332,3.557187716626951e-07,25.02229866233708
9584,8716.8,3155.8,5,15.522699059974656,15.522699059974656,15.522699059974656,3.5570593950586913e-07,25.022337829762762
7612,8468.5,3669.5,4,15.50947682742267,15.50947682742267,15.50947682742267,3.5540294924405335e-07,25.023263053795407
7888,9028.2,3718.4,5,15.506444024908589,15.506444024908589,15.506444024908589,3.5533345193154097e-07,25.023475384973164
4818,9050.4,3336.6,5,15.501836417554557,15.501836417554557,15.501836417554557,3.552278676322894e-07,25.023798050150788
8104,7986.4,3761.2,5,15.501147161920775,15.501147161920775,15.501147161920775,3.552120731933309e-07,25.023846326136496
3556,8383.6,3206.2,5,15.500324153259001,15.500324153259001,15.500324153259001,3.551932137753826e-07,25.023903973097315
8206,8858.666666666666,3782.833333333333,6,15.499738894639133,15.499738894639133,15.499738894639133,3.5517980245004354e-07,25.02394496891541
3289,8791.5,3178.5,4,15.488898549892838,15.488898549892838,15.488898549892838,3.549313936522146e-07,25.024704586389028
5380,9407.8,3393.8,5,15.488079770070222,15.488079770070222,15.488079770070222,3.5491263113901204e-07,25.024761982490617
2969,8757.2,3142.4,5,15.484943569752872,15.484943569752872,15.484943569752872,3.5484076444391915e-07,25.02498185681184
1996,8756.6,3014.2,5,15.483218738835717,15.483218738835717,15.483218738835717,3.5480123957781795e-07,25.025102801113096
6715,8223.8,3540.6,5,15.48240155265977,15.48240155265977,15.48240155265977,3.547825135833666e-07,25.02516010651238
3025,9448.5,3148.5,4,15.48230900228674,15.48230900228674,15.48230900228674,3.5478039277194956e-07,25.025166596822736
165,8244.833333333334,2469.0,6,15.482036378179165,15.482036378179165,15.482036378179165,3.5477414553273284e-07,25.025185715448384
5162,8083.2,3369.4,5,15.480788484871928,15.480788484871928,15.480788484871928,3.5474554979306543e-07,25.02527323220114
5062,8946.6,3359.6,5,15.478737482673878,15.478737482673878,15.478737482673878,3.5469855064291977e-07,25.025417087591435
14,9555.6,2045.8,5,15.47737502754931,15.47737502754931,15.47737502754931,3.546673296949231e-07,25.025512659466397
3816,8613.2,3231.6,5,15.475424435598313,15.475424435598313,15.475424435598313,3.546226314668739e-07,25.025649501906596
1918,8892.2,3003.2,5,15.473993443644154,15.473993443644154,15.473993443644154,3.5458983998289857e-07,25.0257499031342
4634,8986.0,3316.4,5,15.472745239358389,15.472745239358389,15.472745239358389,3.545612371170923e-07,25.02583748719911
3339,9259.4,3184.2,5,15.472276640844854,15.472276640844854,15.472276640844854,3.545504990828198e-07,25.02587036966878
2644,9005.0,3105.4,5,15.469848378573495,15.469848378573495,15.469848378573495,3.5449485493812157e-07,25.026040781511302
3641,8787.6,3215.6,5,15.46871890461756,15.46871890461756,15.46871890461756,3.5446897280299216e-07,25.026120055432138
6346,8959.5,3495.5,4,15.468115555070227,15.468115555070227,15.468115555070227,3.5445514692021525e-07,25.02616240484889
3242,8945.2,3172.6,5,15.466431038296406,15.466431038296406,15.466431038296406,3.544165458612544e-07,25.026280650697114
849,9068.0,2790.0,5,15.465249071501418,15.465249071501418,15.465249071501418,3.5438946084159053e-07,25.026363627382395
10752,8491.2,3748.0,5,15.457991545511948,15.457991545511948,15.457991545511948,3.542231530950705e-07,25.02687326083032
4429,8482.4,3295.8,5,15.456699645872007,15.456699645872007,15.456699645872007,3.541935489409606e-07,25.026964004884928
3079,8576.5,3155.666666666667,6,15.456449100385754,15.456449100385754,15.456449100385754,3.541878076380318e-07,25.02698160427654
4856,8191.833333333333,3339.833333333333,6,15.454232180935982,15.454232180935982,15.454232180935982,3.541370064588913e-07,25.027137342656545
125,8832.8,2434.4,5,15.453479200353634,15.453479200353634,15.453479200353634,3.541197517492278e-07,25.02719024455341
1165,9166.0,2872.0,5,15.45244136053865,15.45244136053865,15.45244136053865,3.5409596942986315e-07,25.02726316393208
4363,8954.6,3288.8,5,15.4491050284947,15.4491050284947,15.4491050284947,3.5401951667383073e-07,25.02749761022546
5625,9301.0,3418.0,6,15.448785045004552,15.448785045004552,15.448785045004552,3.5401218418432296e-07,25.02752009834095
1894,8877.2,2999.4,5,15.447090043594272,15.447090043594272,15.447090043594272,3.5397334286769514e-07,25.02763922909189
2204,8868.8,3045.4,5,15.446673570516786,15.446673570516786,15.446673570516786,3.5396379929883936e-07,25.027668502307296
6844,8413.5,3556.5,4,15.44639416625829,15.44639416625829,15.44639416625829,3.53957396691027e-07,25.027688141620676
8426,8108.166666666667,3830.666666666667,6,15.44637027370246,15.44637027370246,15.44637027370246,3.539568491880453e-07,25.02768982104389
5491,9085.5,3404.166666666667,6,15.445374242656875,15.445374242656875,15.445374242656875,3.539340249254942e-07,25.027759835022355
5715,9568.333333333334,3425.5,6,15.444174796572238,15.444174796572238,15.444174796572238,3.5390653936420274e-07,25.027844153640196
1576,8760.6,2949.8,5,15.443397406560663,15.443397406560663,15.443397406560663,3.538887253072941e-07,25.027898806072923
9295,8829.6,4255.2,5,15.442897939783187,15.442897939783187,15.442897939783187,3.5387727992020984e-07,25.027933921269316
8999,8743.2,4021.6,5,15.442193662289048,15.442193662289048,15.442193662289048,3.5386114125213686e-07,25.027983437688665
10654,8862.2,3583.4,5,15.433942186889887,15.433942186889887,15.433942186889887,3.536720569441935e-07,25.028563751613994
7218,8767.4,3609.8,5,15.43314112641265,15.43314112641265,15.43314112641265,3.5365370047354655e-07,25.02862010552043
1064,8418.5,2852.1666666666665,6,15.429707285927845,15.429707285927845,15.429707285927845,3.535750132909218e-07,25.028861706353986
1594,9049.666666666666,2953.833333333333,6,15.424052746020763,15.424052746020763,15.424052746020763,3.534454383102853e-07,25.029259670087463
7921,8177.5,3726.333333333333,6,15.423164605011745,15.423164605011745,15.423164605011745,3.53425086370793e-07,25.029322190271227
8037,8623.2,3747.6,5,15.421892122182285,15.421892122182285,15.421892122182285,3.5339592715701134e-07,25.02941177225455
8742,8834.4,3923.2,5,15.415358791242902,15.415358791242902,15.415358791242902,3.53246214493581e-07,25.02987183103635
8399,7861.8,3824.4,5,15.409725511204403,15.409725511204403,15.409725511204403,3.5311712668733985e-07,25.030268667333534
1409,8542.8,2922.6,5,15.40966552667918,15.40966552667918,15.40966552667918,3.5311575212922866e-07,25.030272893722735
4618,8953.75,3315.0,4,15.40869138190213,15.40869138190213,15.40869138190213,3.5309342939516056e-07,25.030341532310874
1708,8611.6,2972.2,5,15.402226871508685,15.402226871508685,15.402226871508685,3.529452937691292e-07,25.030797133992422
5816,8976.6,3436.8,5,15.401079448893796,15.401079448893796,15.401079448893796,3.5291900033667504e-07,25.030878021301255
3296,8012.8,3180.4,5,15.400244307678424,15.400244307678424,15.400244307678424,3.5289986289868916e-07,25.03093689818986
1876,8916.4,2997.8,5,15.396736607234466,15.396736607234466,15.396736607234466,3.5281948319944337e-07,25.031184223562075
4490,8273.8,3301.4,5,15.396715538363175,15.396715538363175,15.396715538363175,3.5281900040179154e-07,25.031185709282887
8305,8736.166666666666,3802.833333333333,6,15.393754658920422,15.393754658920422,15.393754658920422,3.527511512217051e-07,25.031394522853986
3937,9238.8,3243.6,5,15.38818396376666,15.38818396376666,15.38818396376666,3.526234975613646e-07,25.031787500408406
8798,8804.0,3942.0,5,15.387006547335897,15.387006547335897,15.387006547335897,3.525965168142615e-07,25.031870577954077
10738,8644.833333333334,3703.166666666667,6,15.383212166318998,15.383212166318998,15.383212166318998,3.5250956776891543e-07,25.032138349652673
4460,9388.4,3298.2,5,15.377479978778595,15.377479978778595,15.377479978778595,3.523782134763014e-07,25.032542998780055
8230,8895.2,3786.4,5,15.375421258347313,15.375421258347313,15.375421258347313,3.523310374612051e-07,25.032688365702924
1389,9371.6,2917.8,5,15.375187911026433,15.375187911026433,15.375187911026433,3.523256902578815e-07,25.032704843661662
8100,8675.833333333334,3760.0,6,15.37427513974103,15.37427513974103,15.37427513974103,3.523047739103846e-07,25.032769301946992
1428,8762.6,2926.0,5,15.373582074700622,15.373582074700622,15.373582074700622,3.522888921780657e-07,25.032818247524013
6361,8547.2,3497.4,5,15.372370455966362,15.372370455966362,15.372370455966362,3.522611276779277e-07,25.03290381965423
6378,8898.2,3499.6,5,15.36840240593655,15.36840240593655,15.36840240593655,3.521701989703359e-07,25.03318411550905
10053,8429.2,3315.4,5,15.365714388028572,15.365714388028572,15.365714388028572,3.5210860247016073e-07,25.033374033338074
4094,9044.5,3259.333333333333,6,15.364709334888126,15.364709334888126,15.364709334888126,3.520855714643934e-07,25.033445052377218
9188,9336.166666666666,4131.0,6,15.362283836910095,15.362283836910095,15.362283836910095,3.5202999066406274e-07,25.03361646198831
9329,8742.833333333334,4326.0,6,15.356289912894166,15.356289912894166,15.356289912894166,3.518926386246284e-07,25.034040167883525
7638,9055.6,3673.4,5,15.3553147634906,15.3553147634906,15.3553147634906,3.518702928693307e-07,25.03410911608887
8137,9238.8,3766.6,5,15.353110398878659,15.353110398878659,15.353110398878659,3.518197793869605e-07,25.03426499242959
7961,8700.6,3734.2,5,15.353067164234794,15.353067164234794,15.353067164234794,3.5181878865593134e-07,25.034268049887203
511,8910.4,2671.2,5,15.351486158869577,15.351486158869577,15.351486158869577,3.517825595828413e-07,25.034379860975832
4554,9304.4,3308.2,5,15.351385822418479,15.351385822418479,15.351385822418479,3.517802603517948e-07,25.034386957309863
172,9128.0,2473.5,6,15.34711630571616,15.34711630571616,15.34711630571616,3.516824234714967e-07,25.034688963503587
8181,8656.4,3775.8,5,15.346886144772963,15.346886144772963,15.346886144772963,3.5167714928469314e-07,25.034705246428523
9266,8851.2,4212.0,5,15.34152209208677,15.34152209208677,15.34152209208677,3.5155423088030164e-07,25.035084799921165
9300,9067.2,4260.0,5,15.34149108933612,15.34149108933612,15.34149108933612,3.5155352044569847e-07,25.035086994021768
6104,9723.8,3467.2,5,15.33509363871898,15.33509363871898,15.33509363871898,3.514069215086567e-07,25.035539843901596
2575,9739.0,3096.0,5,15.332084626824384,15.332084626824384,15.332084626824384,3.5133796936323294e-07,25.03575290511882
3626,8854.4,3213.2,5,15.328861204082756,15.328861204082756,15.328861204082756,3.512641039477981e-07,25.035981194670356
1514,8511.333333333334,2939.333333333333,6,15.328324469356577,15.328324469356577,15.328324469356577,3.5125180455776914e-07,25.036019212010295
7942,8789.166666666666,3731.333333333333,6,15.327935938919282,15.327935938919282,15.327935938919282,3.512429013004367e-07,25.036046732755274
5012,9013.8,3352.4,5,15.3273579270776,15.3273579270776,15.3273579270776,3.5122965603655596e-07,25.036087676312114
4768,8532.2,3330.8,5,15.322805034290809,15.322805034290809,15.322805034290809,3.511253255332113e-07,25.036410235156424
7718,9103.5,3687.5,4,15.321471041604006,15.321471041604006,15.321471041604006,3.5109475680800955e-07,25.036504762705665
6948,9093.8,3569.8,5,15.318196320809264,15.318196320809264,15.318196320809264,3.5101971588681327e-07,25.036736846357147
2756,8969.5,3116.5,4,15.317343247751147,15.317343247751147,15.317343247751147,3.510001675368496e-07,25.03679731288183
3734,8502.5,3223.5,4,15.314389120158445,15.314389120158445,15.314389120158445,3.509324730768384e-07,25.03700672991723
3280,9322.0,3178.166666666667,6,15.313940825011898,15.313940825011898,15.313940825011898,3.5092220029852433e-07,25.037038512928053
5275,9289.6,3380.8,5,15.313869351700266,15.313869351700266,15.313869351700266,3.509205624724372e-07,25.03704358029406
4695,8717.75,3322.5,4,15.311496746133628,15.311496746133628,15.311496746133628,3.508661937129259e-07,25.03721180840668
5590,8462.4,3414.2,5,15.309730269950698,15.309730269950698,15.309730269950698,3.5082571453673136e-07,25.037337076224837
10264,9000.5,3374.5,4,15.308494940284703,15.308494940284703,15.308494940284703,3.507974066955663e-07,25.037424686929555
7960,8428.2,3733.6,5,15.307960149610427,15.307960149610427,15.307960149610427,3.507851518538988e-07,25.037462616963936
1003,8844.8,2836.4,5,15.30708271637278,15.30708271637278,15.30708271637278,3.507650452852573e-07,25.037524851796515
6613,8713.8,3526.4,5,15.302738310535673,15.302738310535673,15.302738310535673,3.5066549230456034e-07,25.037833045610064
5912,8985.8,3446.8,5,15.299658583938111,15.299658583938111,15.299658583938111,3.5059491971672785e-07,25.038051575595837
5629,8421.4,3417.8,5,15.296327314382438,15.296327314382438,15.296327314382438,3.5051858296868745e-07,25.038288003994698
5637,9497.8,3418.6,5,15.295790473635499,15.295790473635499,15.295790473635499,3.505062811491703e-07,25.038326109721098
1923,8620.6,3003.8,5,15.293172233267306,15.293172233267306,15.293172233267306,3.50446283616111e-07,25.038511975348165
1427,8416.8,2925.6,5,15.292418627668848,15.292418627668848,15.292418627668848,3.5042901458407085e-07,25.03856547876984
752,8953.5,2762.0,6,15.288822054381374,15.288822054381374,15.288822054381374,3.503465983447764e-07,25.038820859504053
6324,9110.0,3494.0,5,15.287332550172152,15.287332550172152,15.287332550172152,3.5031246604007267e-07,25.0389266418478
1490,7960.8,2936.2,5,15.286884167044057,15.286884167044057,15.286884167044057,3.5030219124564285e-07,25.038958487360006
8738,8734.666666666666,3921.166666666667,6,15.28299388451725,15.28299388451725,15.28299388451725,3.5021304459686774e-07,25.039234826088066
2799,9016.6,3122.8,5,15.279457455165598,15.279457455165598,15.279457455165598,3.5013200656861216e-07,25.039486090579718
7345,8940.8,3630.6,5,15.278858732834522,15.278858732834522,15.278858732834522,3.501182867194766e-07,25.039528635758423
5523,8290.2,3407.4,5,15.278649442924262,15.278649442924262,15.278649442924262,3.5011349079681714e-07,25.03954350828216
9270,8390.5,4217.833333333334,6,15.278489717916194,15.278489717916194,15.278489717916194,3.501098306643983e-07,25.039554858770387
5890,8508.4,3444.8,5,15.27592118596587,15.27592118596587,15.27592118596587,3.500509722102718e-07,25.039737401850456
4384,8858.5,3290.5,4,15.275894798087222,15.275894798087222,15.275894798087222,3.500503675264388e-07,25.039739277370735
6500,9039.2,3511.4,5,15.268739123176708,15.268739123176708,15.268739123176708,3.4988639371898376e-07,25.040247987049952
8921,8615.6,3986.8,5,15.267714521348172,15.267714521348172,15.267714521348172,3.498629147508848e-07,25.040320847331245
9931,8708.4,3290.0,5,15.265091301482158,15.265091301482158,15.265091301482158,3.498028031115774e-07,25.040507408946652
1341,8842.5,2907.5,4,15.261944464612721,15.261944464612721,15.261944464612721,3.4973069267763866e-07,25.040731252149634
2003,8941.8,3014.4,5,15.261581968514506,15.261581968514506,15.261581968514506,3.4972238600270506e-07,25.040757040463365
7604,9362.5,3667.333333333333,6,15.259770464135352,15.259770464135352,15.259770464135352,3.4968087499584884e-07,25.040885921770062
9256,8720.4,4203.2,5,15.258656141170016,15.258656141170016,15.258656141170016,3.496553400488808e-07,25.04096520900223
9294,9049.5,4254.0,6,15.254657799165383,15.254657799165383,15.254657799165383,3.495637171942645e-07,25.04124975001975
354,8776.2,2604.8,5,15.25229464731904,15.25229464731904,15.25229464731904,3.4950956506875787e-07,25.04141795820289
6103,9328.5,3466.5,4,15.25219227803839,15.25219227803839,15.25219227803839,3.495072192549912e-07,25.041425245395395
5772,8648.2,3432.8,5,15.25049794822938,15.25049794822938,15.25049794822938,3.4946839332824884e-07,25.041545863950986
715,8840.4,2749.8,5,15.248889830993235,15.248889830993235,15.248889830993235,3.4943154298088925e-07,25.041660357469283
6666,8379.5,3535.833333333333,6,15.247274923467295,15.247274923467295,15.247274923467295,3.493945370325995e-07,25.041775346589
8254,8844.8,3791.6,5,15.24721152375674,15.24721152375674,15.24721152375674,3.493930842147925e-07,25.04177986119928
879,9039.2,2800.6,5,15.246589454552144,15.246589454552144,15.246589454552144,3.493788293671012e-07,25.041824158927724
8485,8762.2,3844.6,5,15.246586585982318,15.246586585982318,15.246586585982318,3.493787636332155e-07,25.0418243632036
3884,8963.6,3239.4,5,15.243285988256218,15.243285988256218,15.243285988256218,3.4930312973665175e-07,25.042059430008408
3713,8556.2,3221.8,5,15.241321536206875,15.241321536206875,15.241321536206875,3.492581139015108e-07,25.042199361395994
5410,8736.6,3396.8,5,15.241185810106941,15.241185810106941,15.241185810106941,3.492550037091592e-07,25.0422090300718
5849,9291.25,3440.0,4,15.240481448985285,15.240481448985285,15.240481448985285,3.4923886312474395e-07,25.04225920779762
7423,7941.2,3641.4,5,15.238845524555977,15.238845524555977,15.238845524555977,3.492013755696584e-07,25.0423757577716
3243,8952.8,3172.6,5,15.236270590670685,15.236270590670685,15.236270590670685,3.4914237041383503e-07,25.042559231983162
6203,8154.5,3480.833333333333,6,15.235963447510937,15.235963447510937,15.235963447510937,3.4913533216322025e-07,25.042581119216514
9290,9061.2,4246.6,5,15.23594453238805,15.23594453238805,15.23594453238805,3.4913489871916965e-07,25.042582467135638
5924,9057.4,3447.6,5,15.235872810433712,15.235872810433712,15.235872810433712,3.491332551953822e-07,25.042587578161452
4466,8620.6,3298.8,5,15.235872534214707,15.235872534214707,15.235872534214707,3.491332488657651e-07,25.042587597845323
7838,8309.2,3708.6,5,15.232859487219141,15.232859487219141,15.232859487219141,3.490642042551473e-07,25.042802334331114
1798,8819.4,2984.8,5,15.231574646074087,15.231574646074087,15.231574646074087,3.4903476184794405e-07,25.042893916439173
5996,8926.6,3455.8,5,15.231063145280942,15.231063145280942,15.231063145280942,3.490230406988397e-07,25.042930377820735
296,8754.2,2571.4,5,15.22838625880635,15.22838625880635,15.22838625880635,3.4896169927782034e-07,25.043121214662886
1402,8703.6,2921.8,5,15.217908742510403,15.217908742510403,15.217908742510403,3.4872160477084457e-07,25.043868485831812
1612,9007.5,2955.5,4,15.217125940186506,15.217125940186506,15.217125940186506,3.487036666896518e-07,25.043924337046263
3263,8891.5,3175.5,4,15.216625281944872,15.216625281944872,15.216625281944872,3.4869219399991376e-07,25.043960059410896
265,9812.4,2551.2,5,15.215793370676163,15.215793370676163,15.215793370676163,3.486731305768403e-07,25.044019419542217
7775,8281.4,3697.8,5,15.214609483490001,15.214609483490001,15.214609483490001,3.486460015510056e-07,25.04410390013139
8319,8743.2,3805.8,5,15.214109657005856,15.214109657005856,15.214109657005856,3.486345479211668e-07,25.044139569047164
9345,9142.4,2647.2,5,15.211673698824555,15.211673698824555,15.211673698824555,3.485787274230608e-07,25.044313422122066
6786,9185.0,3548.8,5,15.209806885826179,15.209806885826179,15.209806885826179,3.485359490074706e-07,25.044446674444004
4927,8592.0,3345.5,4,15.209373984636969,15.209373984636969,15.209373984636969,3.485260289849522e-07,25.04447757708377
2019,8745.2,3017.4,5,15.208727250043083,15.208727250043083,15.208727250043083,3.4851120892463665e-07,25.044523745854015
4570,8445.8,3309.6,5,15.208404745988176,15.208404745988176,15.208404745988176,3.485038186758531e-07,25.044546769348056
6911,9122.0,3565.0,5,15.205128162333146,15.205128162333146,15.205128162333146,3.484287350668185e-07,25.0447807116215
4243,9311.2,3274.6,5,15.201996004641195,15.201996004641195,15.201996004641195,3.483569610093436e-07,25.045004389270098
6237,8433.6,3484.2,5,15.200139506520266,15.200139506520266,15.200139506520266,3.483144189613566e-07,25.045136989641257
8314,8080.2,3806.0,5,15.1995891512838,15.1995891512838,15.1995891512838,3.483018074544471e-07,25.04517630187411
4215,8872.8,3271.4,5,15.198223604443456,15.198223604443456,15.198223604443456,3.482705156591281e-07,25.04527384992184
6826,8367.6,3555.2,5,15.19789626885683,15.19789626885683,15.19789626885683,3.4826301469477104e-07,25.045297234491915
3056,8542.5,3152.5,4,15.194916329797302,15.194916329797302,15.194916329797302,3.4819472875952586e-07,25.045510141916964
5239,9289.4,3377.2,5,15.19387698697037,15.19387698697037,15.19387698697037,3.4817091199832383e-07,25.045584409567216
6063,9113.4,3463.0,5,15.193545914147279,15.193545914147279,15.193545914147279,3.481633253944009e-07,25.04560806789136
3236,9229.6,3172.2,5,15.19310108664737,15.19310108664737,15.19310108664737,3.481531320779447e-07,25.045639855888343
4322,8998.2,3283.6,5,15.192331565770985,15.192331565770985,15.192331565770985,3.4813549834393706e-07,25.045694849127077
1692,8676.8,2970.2,5,15.189754537557086,15.189754537557086,15.189754537557086,3.480764451961297e-07,25.045879034823194
143,9804.0,2452.75,4,15.189315624567257,15.189315624567257,15.189315624567257,3.480663874119257e-07,25.045910407983815
2113,8370.2,3034.0,5,15.185903713638883,15.185903713638883,15.185903713638883,3.479882027497353e-07,25.046154319653834
8258,8828.333333333334,3793.5,6,15.185752217767384,15.185752217767384,15.185752217767384,3.4798473118972535e-07,25.0461651511049
664,9251.8,2734.6,5,15.185144911956426,15.185144911956426,15.185144911956426,3.479708146483288e-07,25.046208572535853
2553,8965.4,3093.8,5,15.183902847933936,15.183902847933936,15.183902847933936,3.4794235248795714e-07,25.046297383610163
612,8720.6,2715.2,5,15.183677820751974,15.183677820751974,15.183677820751974,3.479371959423806e-07,25.046313474464498
6278,8440.8,3487.4,5,15.183366257096992,15.183366257096992,15.183366257096992,3.479300563951805e-07,25.046335753612865
8605,8032.8,3879.4,5,15.182835598757654,15.182835598757654,15.182835598757654,3.479178962468441e-07,25.04637370073409
5875,9300.8,3442.8,5,15.178792466521152,15.178792466521152,15.178792466521152,3.478252470145698e-07,25.04666286672126
9079,8119.8,4062.4,5,15.177317440888244,15.177317440888244,15.177317440888244,3.4779144648951153e-07,25.046768380157513
5939,9368.5,3448.333333333333,6,15.176372689836427,15.176372689836427,15.176372689836427,3.4776979731888805e-07,25.04683596669591
8439,8094.5,3835.0,6,15.176282369235091,15.176282369235091,15.176282369235091,3.4776772760316206e-07,25.046842428361074
6508,9135.666666666666,3513.166666666667,6,15.17593648795771,15.17593648795771,15.17593648795771,3.477598016603699e-07,25.046867173558596
5530,8986.5,3407.5,4,15.175572272524647,15.175572272524647,15.175572272524647,3.477514555865139e-07,25.04689323103634
8580,8305.4,3871.8,5,15.175531101405847,15.175531101405847,15.175531101405847,3.47750512141599e-07,25.046896176627726
2517,8833.6,3089.2,5,15.172240781398969,15.172240781398969,15.172240781398969,3.4767511376114985e-07,25.047131608710483
8153,8997.6,3769.8,5,15.167692204781332,15.167692204781332,15.167692204781332,3.475708821637363e-07,25.047457156848843
2580,9283.833333333334,3097.333333333333,6,15.162106729131132,15.162106729131132,15.162106729131132,3.474428898051867e-07,25.047857050907886
1523,8490.8,2940.4,5,15.158582453643135,15.158582453643135,15.158582453643135,3.4736213028529314e-07,25.04810944843665
3645,9162.4,3214.8,5,15.157171964946002,15.157171964946002,15.157171964946002,3.473298086377989e-07,25.048210479644702
5188,8568.8,3371.4,5,15.153926472175506,15.153926472175506,15.153926472175506,3.472554374829741e-07,25.048442985175576
2625,8442.2,3103.6,5,15.147969597957882,15.147969597957882,15.147969597957882,3.471189344475218e-07,25.048869862363297
7767,8287.6,3697.2,5,15.147267341810963,15.147267341810963,15.147267341810963,3.471028420990489e-07,25.048920197993642
554,8956.0,2692.5,6,15.144813215003985,15.144813215003985,15.144813215003985,3.470466052630341e-07,25.04909612082775
9388,9013.2,2995.6,5,15.144486439590288,15.144486439590288,15.144486439590288,3.4703911713515844e-07,25.049119547707967
5082,9016.5,3360.5,4,15.141028441315981,15.141028441315981,15.141028441315981,3.4695987637166626e-07,25.049367486298642
5786,9172.6,3432.8,5,15.140605504153697,15.140605504153697,15.140605504153697,3.469501846769371e-07,25.04939781479348
6396,8643.2,3502.4,5,15.140065215944105,15.140065215944105,15.140065215944105,3.469378038580824e-07,25.049436559673058
2941,8121.8,3138.4,5,15.137072558002913,15.137072558002913,15.137072558002913,3.468692264669677e-07,25.049651192714663
8233,8088.333333333333,3788.5,6,15.133705889843885,15.133705889843885,15.133705889843885,3.4679207855242755e-07,25.049892700446684
10656,8678.4,3585.2,5,15.133103138705138,15.133103138705138,15.133103138705138,3.467782663823103e-07,25.049935944432747
6343,8685.6,3495.8,5,15.121177138554003,15.121177138554003,15.121177138554003,3.465049795607391e-07,25.050791921880837
9456,8841.5,3080.5,4,15.115610767717257,15.115610767717257,15.115610767717257,3.4637742499303965e-07,25.05119167402604
3472,8789.25,3198.0,4,15.114249315455012,15.114249315455012,15.114249315455012,3.463462270258458e-07,25.05128946991455
1437,9050.4,2926.8,5,15.114109600170423,15.114109600170423,15.114109600170423,3.463430254204821e-07,25.051299506446355
8246,9146.4,3790.2,5,15.113714619221856,15.113714619221856,15.113714619221856,3.4633397434831654e-07,25.051327880643118
641,8950.6,2727.2,5,15.109266461554537,15.109266461554537,15.109266461554537,3.4623204387243663e-07,25.051647473594315
744,9015.166666666666,2757.3333333333335,6,15.10876333170004,15.10876333170004,15.10876333170004,3.4622051454516586e-07,25.05168362858539
7467,8594.4,3648.8,5,15.106729982884687,15.106729982884687,15.106729982884687,3.4617391992602693e-07,25.051829757619664
2745,8033.8,3115.8,5,15.106501811973114,15.106501811973114,15.106501811973114,3.461686913412199e-07,25.051846156621348
5873,8802.2,3443.2,5,15.104996636191103,15.104996636191103,15.104996636191103,3.461341999191036e-07,25.05195434217495
6504,8956.166666666666,3512.666666666667,6,15.104753685479274,15.104753685479274,15.104753685479274,3.4612863265204067e-07,25.05197180543638
8568,8584.166666666666,3868.833333333333,6,15.103645281054987,15.103645281054987,15.103645281054987,3.461032333296954e-07,25.052051480947476
10,8936.6,2024.2,5,15.096806537710611,15.096806537710611,15.096806537710611,3.4594652207626243e-07,25.05254320017178
6311,9799.166666666666,3490.333333333333,6,15.093547755829196,15.093547755829196,15.093547755829196,3.458718463986438e-07,25.052777591424785
8770,8693.0,3934.666666666667,6,15.092642696612632,15.092642696612632,15.092642696612632,3.458511067748392e-07,25.05284269772303
7284,9760.2,3619.0,5,15.090319713363044,15.090319713363044,15.090319713363044,3.457978751212422e-07,25.05300982161152
4777,8947.5,3331.5,4,15.08976577090759,15.08976577090759,15.08976577090759,3.4578518141244916e-07,25.053049678051266
8618,8730.2,3886.4,5,15.08476025666674,15.08476025666674,15.08476025666674,3.4567047899253673e-07,25.053409893690088
990,7901.2,2833.4,5,15.084715830487049,15.084715830487049,15.084715830487049,3.456694609572115e-07,25.053413091300257
5769,9714.2,3430.8,5,15.084374663811328,15.084374663811328,15.084374663811328,3.4566164305051584e-07,25.05343764736115
5071,8657.25,3359.75,4,15.084090828921134,15.084090828921134,15.084090828921134,3.456551389138389e-07,25.053458077290976
637,8954.0,2726.0,5,15.083235491932708,15.083235491932708,15.083235491932708,3.456355386854323e-07,25.053519645248702
3012,8265.5,3148.5,6,15.079779565056949,15.079779565056949,15.079779565056949,3.4555634538847695e-07,25.053768441659763
6294,7918.2,3489.6,5,15.079703216164669,15.079703216164669,15.079703216164669,3.455545958374257e-07,25.053773938753807
6878,9041.4,3560.8,5,15.078534791480173,15.078534791480173,15.078534791480173,3.4552782113809446e-07,25.053858068402413
979,8956.6,2829.8,5,15.076744794167766,15.076744794167766,15.076744794167766,3.454868029702318e-07,25.053986965558565
3617,8927.5,3211.5,4,15.075097067376447,15.075097067376447,15.075097067376447,3.4544904496151886e-07,25.054105631386207
9113,8776.2,4079.6,5,15.073233573413464,15.073233573413464,15.073233573413464,3.454063426023283e-07,25.054239851943198
8556,8113.5,3865.666666666667,6,15.0722119773511,15.0722119773511,15.0722119773511,3.4538293251199836e-07,25.0543134407598
2167,8299.2,3040.4,5,15.07187222134316,15.07187222134316,15.07187222134316,3.453751469310539e-07,25.054337915571917
5892,8966.8,3444.4,5,15.068702765974805,15.068702765974805,15.068702765974805,3.4530251818941777e-07,25.054566258425822
2446,8832.6,3080.2,5,15.067887569550692,15.067887569550692,15.067887569550692,3.4528383779055155e-07,25.054624996873798
7268,9003.5,3616.5,4,15.067239987620617,15.067239987620617,15.067239987620617,3.452689983133476e-07,25.054671660233417
2828,8790.2,3125.4,5,15.065933515519205,15.065933515519205,15.065933515519205,3.4523906022819403e-07,25.054765807905035
4905,8912.2,3343.2,5,15.065449704824601,15.065449704824601,15.065449704824601,3.452279736035676e-07,25.05480067459427
6758,9248.5,3544.5,4,15.062786901861873,15.062786901861873,15.062786901861873,3.45166954909208e-07,25.0549925943291
8646,8602.6,3895.2,5,15.054969128721574,15.054969128721574,15.054969128721574,3.4498780898046394e-07,25.055556251164695
70,8693.0,2386.6666666666665,6,15.053511116157008,15.053511116157008,15.053511116157008,3.449543983134732e-07,25.05566140539478
3126,8681.5,3160.5,4,15.053028880779891,15.053028880779891,15.053028880779891,3.449433477875809e-07,25.055696187233423
385,8291.666666666666,2615.1666666666665,6,15.05010451944657,15.05010451944657,15.05010451944657,3.448763354277133e-07,25.055907134375914
1936,8543.833333333334,3006.333333333333,6,15.047677748918058,15.047677748918058,15.047677748918058,3.448207254666186e-07,25.056082219211447
2045,8658.8,3021.8,5,15.043030729204574,15.043030729204574,15.043030729204574,3.447142380247955e-07,25.05641756775207
9590,8537.8,3164.2,5,15.041709995068388,15.041709995068388,15.041709995068388,3.4468397312209175e-07,25.056512896402733
3044,9336.2,3150.4,5,15.041573567772016,15.041573567772016,15.041573567772016,3.446808468616751e-07,25.05652274400163
8294,8615.6,3801.2,5,15.0379435172838,15.0379435172838,15.0379435172838,3.4459766348522907e-07,25.05678480121805
8256,8377.2,3792.6,5,15.037464733751186,15.037464733751186,15.037464733751186,3.445866920590853e-07,25.056819369833796
8346,8427.5,3813.5,4,15.03422661858454,15.03422661858454,15.03422661858454,3.4451248996361664e-07,25.057053193654614
7098,8550.5,3591.5,4,15.031775417075337,15.031775417075337,15.031775417075337,3.444563201614205e-07,25.057230228048905
7491,8965.4,3651.2,5,15.026545351320436,15.026545351320436,15.026545351320436,3.4433647209596247e-07,25.057608058323886
5120,8352.833333333334,3366.0,6,15.01614500684311,15.01614500684311,15.01614500684311,3.4409814599756956e-07,25.05835979066593
5567,8852.5,3411.5,4,15.013062667131948,15.013062667131948,15.013062667131948,3.44027513529685e-07,25.058582680851234
5055,8366.0,3358.8,5,15.00672113929588,15.00672113929588,15.00672113929588,3.438821960750261e-07,25.059041393446364
446,8794.4,2639.2,5,14.999719164983386,14.999719164983386,14.999719164983386,3.4372174434935655e-07,25.05954810447751
9075,8744.4,4061.0,5,14.99927628497263,14.99927628497263,14.99927628497263,3.4371159566002714e-07,25.059580162275104
4638,9191.4,3316.2,5,14.998759123920557,14.998759123920557,14.998759123920557,3.436997448048896e-07,25.05961759809184
1997,9147.4,3013.8,5,14.99874769344692,14.99874769344692,14.99874769344692,3.436994828731631e-07,25.059618425525876
5373,8561.5,3392.5,4,14.995952021182006,14.995952021182006,14.995952021182006,3.4363541945057794e-07,25.05982081879084
332,8462.0,2592.8333333333335,6,14.987470658583138,14.987470658583138,14.987470658583138,3.4344106722872115e-07,25.060435059718785
8900,9163.2,3978.4,5,14.985853501537898,14.985853501537898,14.985853501537898,3.4340400973221986e-07,25.06055221762527
6611,9126.2,3525.6,5,14.984150194187944,14.984150194187944,14.984150194187944,3.4336497808322366e-07,25.060675630520276
8783,8779.8,3936.4,5,14.98381111000175,14.98381111000175,14.98381111000175,3.4335720789721695e-07,25.060700200491763
3625,8666.0,3213.0,5,14.977516933833414,14.977516933833414,14.977516933833414,3.432129755160619e-07,25.06115637620171
5459,8057.6,3402.2,5,14.977117284678501,14.977117284678501,14.977117284678501,3.432038174709583e-07,25.061185347582466
7489,7471.8,3651.6,5,14.97548002212484,14.97548002212484,14.97548002212484,3.4316629925246954e-07,25.061304044149225
1899,9681.0,3001.0,6,14.975304110846366,14.975304110846366,14.975304110846366,3.4316226820823313e-07,25.06131679795514
3415,9006.4,3192.2,5,14.97477769732403,14.97477769732403,14.97477769732403,3.431502053307781e-07,25.061354964543373
3806,8677.0,3232.0,5,14.972837208235859,14.972837208235859,14.972837208235859,3.431057386119722e-07,25.06149566751872
2681,8534.6,3109.6,5,14.970971585274675,14.970971585274675,14.970971585274675,3.4306298746633657e-07,25.061630959218583
4170,8966.5,3267.5,4,14.968776652648302,14.968776652648302,14.968776652648302,3.4301269011991505e-07,25.06179015346462
1720,9254.2,2972.4,5,14.968157600317372,14.968157600317372,14.968157600317372,3.429985044045233e-07,25.061835056361012
1616,9036.5,2956.5,4,14.964602794229187,14.964602794229187,14.964602794229187,3.4291704526945445e-07,25.062092939806313
240,8979.833333333334,2534.3333333333335,6,14.964073166500809,14.964073166500809,14.964073166500809,3.4290490873778666e-07,25.062131366898814
9105,9102.5,4075.5,4,14.96272211073056,14.96272211073056,14.96272211073056,3.428739490084107e-07,25.062229398789757
4130,7935.0,3265.0,5,14.95757677725123,14.95757677725123,14.95757677725123,3.4275604260100923e-07,25.062602822525932
1331,9106.6,2906.2,5,14.956111851300111,14.956111851300111,14.956111851300111,3.427224735123001e-07,25.062709163349588
456,9098.6,2642.8,5,14.955982020553106,14.955982020553106,14.955982020553106,3.427194984132106e-07,25.06271858842983
5199,8264.6,3373.2,5,14.953756813512204,14.953756813512204,14.953756813512204,3.426685073221625e-07,25.062880140348774
10269,8675.2,3378.4,5,14.95192922020722,14.95192922020722,14.95192922020722,3.4262662763416026e-07,25.06301284315446
8027,9467.6,3744.8,5,14.95097966468156,14.95097966468156,14.95097966468156,3.426048683680003e-07,25.06308179743693
5418,9100.5,3397.0,4,14.950869397728376,14.950869397728376,14.950869397728376,3.4260234157739333e-07,25.06308980502355
2899,9175.2,3133.6,5,14.950384706723277,14.950384706723277,14.950384706723277,3.4259123478026534e-07,25.063125003986816
5304,9676.4,3384.6,5,14.94903546459126,14.94903546459126,14.94903546459126,3.425603166107939e-07,25.063222993916007
7927,8154.8,3728.2,5,14.94767732413491,14.94767732413491,14.94767732413491,3.425291945343341e-07,25.063321639026327
812,9122.2,2780.4,5,14.945752321763788,14.945752321763788,14.945752321763788,3.424850826969323e-07,25.06346147207969
3500,9126.2,3200.8,5,14.945389996886426,14.945389996886426,14.945389996886426,3.424767799455609e-07,25.063487793538606
2120,8802.0,3035.0,5,14.944579387147897,14.944579387147897,14.944579387147897,3.424582046515671e-07,25.06354668341768
1839,9187.2,2991.6,5,14.942372798506277,14.942372798506277,14.942372798506277,3.4240764020508533e-07,25.063707005766155
2294,8572.2,3058.4,5,14.935243960452148,14.935243960452148,14.935243960452148,3.422442813698833e-07,25.06422512190524
2216,8487.8,3047.6,5,14.934300632148137,14.934300632148137,14.934300632148137,3.422226648018274e-07,25.06429370049972
6614,8727.6,3526.8,5,14.930407666219253,14.930407666219253,14.930407666219253,3.421334566623249e-07,25.06457675928835
2229,8991.6,3050.2,5,14.930091837587874,14.930091837587874,14.930091837587874,3.4212621938228657e-07,25.064599726525017
7798,8781.0,3701.2,5,14.928454918298797,14.928454918298797,14.928454918298797,3.4208870902977855e-07,25.06471877200655
4666,8597.2,3318.8,5,14.927907371389693,14.927907371389693,14.927907371389693,3.420761618762858e-07,25.064758595445007
7787,8804.4,3699.2,5,14.926094453568751,14.926094453568751,14.926094453568751,3.4203461848011137e-07,25.064890460548277
7246,9488.8,3612.4,5,14.925979022137035,14.925979022137035,14.925979022137035,3.420319733443841e-07,25.06489885715662
939,8701.5,2820.5,6,14.91894345733867,14.91894345733867,14.91894345733867,3.4187075188561027e-07,25.065410754453005
2084,8288.833333333334,3029.666666666667,6,14.912993469892346,14.912993469892346,14.912993469892346,3.417344066619822e-07,25.065843855185935
4694,8544.0,3321.25,4,14.90986191082753,14.90986191082753,14.90986191082753,3.4166264632217504e-07,25.06607187138513
3954,8402.6,3246.8,5,14.908716355577525,14.908716355577525,14.908716355577525,3.4163639568078307e-07,25.066155293927878
6249,7920.6,3486.6,5,14.90397623266054,14.90397623266054,14.90397623266054,3.415277747593154e-07,25.066500551109474
205,9000.0,2502.8333333333335,6,14.900277217572206,14.900277217572206,14.900277217572206,3.4144301104443835e-07,25.066770053221354
1226,8184.2,2884.0,5,14.894828866330084,14.894828866330084,14.894828866330084,3.413181609207679e-07,25.067167129992896
7343,8728.25,3630.0,4,14.892892450929878,14.892892450929878,14.892892450929878,3.4127378755138527e-07,25.067308291264553
7590,8785.5,3666.5,4,14.891942030977866,14.891942030977866,14.891942030977866,3.4125200847671215e-07,25.06737758192001
1967,9269.4,3008.8,5,14.885580061318425,14.885580061318425,14.885580061318425,3.4110622259333734e-07,25.067841517157902
8912,8425.5,3984.5,6,14.884262471729237,14.884262471729237,14.884262471729237,3.4107602974859467e-07,25.06793762480237
1256,9391.2,2889.8,5,14.88302590187682,14.88302590187682,14.88302590187682,3.410476934882949e-07,25.06802783044303
8845,8173.833333333333,3956.3333333333335,6,14.873328206868141,14.873328206868141,14.873328206868141,3.408254687514256e-07,25.06873552056581
4228,8016.8,3274.6,5,14.863259294959859,14.863259294959859,14.863259294959859,3.4059473750061033e-07,25.069470788700965
510,8903.6,2671.2,5,14.861660021228257,14.861660021228257,14.861660021228257,3.40558089804032e-07,25.069587619254815
6577,9257.2,3521.2,5,14.860856489599676,14.860856489599676,14.860856489599676,3.405396767064281e-07,25.069646323798267
290,9017.2,2569.4,5,14.857241015440898,14.857241015440898,14.857241015440898,3.404568273496611e-07,25.06991050297126
4055,8942.8,3257.2,5,14.856997164969812,14.856997164969812,14.856997164969812,3.4045123946442404e-07,25.069928323201644
5564,7965.5,3412.0,6,14.849870918824058,14.849870918824058,14.849870918824058,3.4028794002335183e-07,25.070449227900923
5053,9598.8,3357.6,5,14.848330172720667,14.848330172720667,14.848330172720667,3.4025263349978085e-07,25.070561884140478
5386,8881.75,3394.25,4,14.845651589058889,14.845651589058889,14.845651589058889,3.401912531873573e-07,25.070757764591292
8438,9044.8,3833.6,5,14.832556033697099,14.832556033697099,14.832556033697099,3.3989116576020826e-07,25.071715930238035
2053,8287.6,3023.6,5,14.831906828574613,14.831906828574613,14.831906828574613,3.398762890872061e-07,25.071763452791146
2178,9499.4,3041.8,5,14.830983120931274,14.830983120931274,14.830983120931274,3.3985512213074876e-07,25.07183107282635
1196,8495.8,2878.4,5,14.827094176369698,14.827094176369698,14.827094176369698,3.397660061417306e-07,25.072115809283847
4952,8661.2,3348.2,5,14.826166076952106,14.826166076952106,14.826166076952106,3.3974473854683524e-07,25.072183772882525
1954,8586.4,3008.2,5,14.825434944187183,14.825434944187183,14.825434944187183,3.397279844845394e-07,25.072237315847232
7776,8385.4,3698.0,5,14.824977427215373,14.824977427215373,14.824977427215373,3.3971750038614465e-07,25.072270822480085
3762,9413.8,3225.6,5,14.823617698511704,14.823617698511704,14.823617698511704,3.3968634191466086e-07,25.07237040943704
8370,9151.0,3819.2,5,14.823497406716653,14.823497406716653,14.823497406716653,3.396835854026774e-07,25.07237922008567
2781,8645.5,3120.5,4,14.823458661071179,14.823458661071179,14.823458661071179,3.39682697537998e-07,25.072382057985788
9182,8765.0,4126.0,5,14.819420605628464,14.819420605628464,14.819420605628464,3.395901646415295e-07,25.07267786346262
359,8921.2,2604.6,5,14.816152925280074,14.816152925280074,14.816152925280074,3.3951528505365383e-07,25.072917294555154
7631,8808.2,3671.4,5,14.815194623261128,14.815194623261128,14.815194623261128,3.394933253597461e-07,25.072987521749223
6765,8695.5,3545.5,4,14.807486518720289,14.807486518720289,14.807486518720289,3.393166925102065e-07,25.073552559621305
1977,9048.2,3011.6,5,14.80522056390268,14.80522056390268,14.80522056390268,3.3926476767521736e-07,25.073718719991703
8718,8814.2,3914.2,5,14.800938209300753,14.800938209300753,14.800938209300753,3.391666366117283e-07,25.07403281054975
6126,8450.8,3470.6,5,14.79984670973731,14.79984670973731,14.79984670973731,3.391416246678528e-07,25.07411288143958
5877,8215.5,3443.5,4,14.797836556774584,14.797836556774584,14.797836556774584,3.390955615865939e-07,25.074260358918302
1743,9416.0,2977.2,5,14.796194728533035,14.796194728533035,14.796194728533035,3.390579387443993e-07,25.074380828640624
3490,8514.25,3199.75,4,14.795476630963286,14.795476630963286,14.795476630963286,3.390414833863641e-07,25.07443352350336
1752,9658.6,2978.2,5,14.793870267688849,14.793870267688849,14.793870267688849,3.390046732314089e-07,25.074551409631276
8385,8772.8,3821.8,5,14.793548463708913,14.793548463708913,14.793548463708913,3.389972990249917e-07,25.074575027388203
3950,8591.2,3246.6,5,14.792307694271777,14.792307694271777,14.792307694271777,3.3896886653031784e-07,25.074666094436814
7128,9582.8,3595.4,5,14.792271641386977,14.792271641386977,14.792271641386977,3.389680403708201e-07,25.074668740675037
9302,8732.0,4264.4,5,14.7907276620824,14.7907276620824,14.7907276620824,3.3893265975775847e-07,25.074782072945013
1695,9183.833333333334,2970.5,6,14.789294280694385,14.789294280694385,14.789294280694385,3.388998135193998e-07,25.0748872976181
6820,8732.0,3554.0,5,14.786561604540701,14.786561604540701,14.786561604540701,3.3883719366605755e-07,25.075087931909522
2463,8635.4,3081.2,5,14.78507637520321,14.78507637520321,14.78507637520321,3.388031593209458e-07,25.075196993657578
5675,8577.8,3421.6,5,14.783508542563467,14.783508542563467,14.783508542563467,3.3876723210365235e-07,25.075312132928957
6607,8545.2,3525.4,5,14.78182755884741,14.78182755884741,14.78182755884741,3.3872871200545913e-07,25.07543559541055
3333,8040.166666666667,3184.166666666667,6,14.779503121226567,14.779503121226567,14.779503121226567,3.386754470246365e-07,25.07560634050407
3182,9017.0,3166.2,5,14.77650342722557,14.77650342722557,14.77650342722557,3.3860670840071986e-07,25.075826727272897
4399,9354.6,3291.6,5,14.77631161661212,14.77631161661212,14.77631161661212,3.3860231301985207e-07,25.075840821072568
10707,8409.2,3646.4,5,14.775193211032725,14.775193211032725,14.775193211032725,3.385766845189174e-07,25.075923002568015
1850,8765.0,2993.8,5,14.774740927265825,14.774740927265825,14.774740927265825,3.385663203405225e-07,25.07595623857174
10201,8596.5,3356.5,4,14.767380769989444,14.767380769989444,14.767380769989444,3.383976607763068e-07,25.076497241650326
4291,8435.2,3281.2,5,14.766577161238253,14.766577161238253,14.766577161238253,3.3837924591142196e-07,25.076556326661404
3915,9020.0,3241.8,5,14.765644719866543,14.765644719866543,14.765644719866543,3.383578788197276e-07,25.076624888069382
1688,9689.2,2968.6,5,14.762340671852423,14.762340671852423,14.762340671852423,3.382821658590824e-07,25.076867866011735
86,9558.5,2399.5,4,14.761448785473359,14.761448785473359,14.761448785473359,3.3826172809364154e-07,25.076933464185306
1989,8569.5,3012.5,4,14.75999070456626,14.75999070456626,14.75999070456626,3.3822831586056716e-07,25.07704071445893
1513,8928.8,2937.6,5,14.759708810639673,14.759708810639673,14.759708810639673,3.382218562014827e-07,25.077061450607808
8968,8564.0,4005.8,5,14.755339310714609,14.755339310714609,14.755339310714609,3.3812172818444066e-07,25.07738292216906
60,8943.833333333334,2360.6666666666665,6,14.754879776155345,14.754879776155345,14.754879776155345,3.381111978526017e-07,25.077416736442476
1284,8746.6,2895.4,5,14.74924105363042,14.74924105363042,14.74924105363042,3.379819853306304e-07,25.07783174052301
2169,8407.6,3040.8,5,14.748768872256754,14.748768872256754,14.748768872256754,3.379711651943584e-07,25.077866499777205
3400,8257.8,3190.4,5,14.748282662767934,14.748282662767934,14.748282662767934,3.3796002360085406e-07,25.077902292862795
6915,8704.8,3565.6,5,14.745726303826956,14.745726303826956,14.745726303826956,3.379014440938172e-07,25.07809050271007
1677,8396.0,2968.0,5,14.743812338206315,14.743812338206315,14.743812338206315,3.378575851658922e-07,25.078231438232805
6105,8357.5,3467.5,4,14.743667562438105,14.743667562438105,14.743667562438105,3.378542675984737e-07,25.07824209959103
4697,9171.4,3322.2,5,14.741861432033687,14.741861432033687,14.741861432033687,3.3781287973738775e-07,25.078375112715765
4036,8401.8,3254.4,5,14.741593378546554,14.741593378546554,14.741593378546554,3.3780673723490733e-07,25.07839485500022
2738,8471.6,3114.8,5,14.739166176256006,14.739166176256006,14.739166176256006,3.3775111737989406e-07,25.078573636106874
3761,9372.5,3225.5,4,14.739132235497642,14.739132235497642,14.739132235497642,3.377503396202213e-07,25.07857613629936
7663,8961.2,3676.4,5,14.738216726905936,14.738216726905936,14.738216726905936,3.377293605467702e-07,25.0786435779696
3248,8772.75,3174.0,4,14.737523832612524,14.737523832612524,14.737523832612524,3.377134827271549e-07,25.078694623365326
5503,8662.6,3405.8,5,14.733554968341352,14.733554968341352,14.733554968341352,3.376225353610497e-07,25.078987055120955
926,8555.4,2816.2,5,14.733189644780133,14.733189644780133,14.733189644780133,3.3761416389420207e-07,25.079013976657222
2725,9455.4,3112.8,5,14.729211710823922,14.729211710823922,14.729211710823922,3.375230086943416e-07,25.079307163006188
8117,8740.8,3762.8,5,14.72861840447047,14.72861840447047,14.72861840447047,3.375094129534814e-07,25.079350898351667
7486,8652.25,3651.0,4,14.726557930718016,14.726557930718016,14.726557930718016,3.3746219676065875e-07,25.079502799051916
4220,9412.0,3272.0,5,14.725766403182043,14.725766403182043,14.725766403182043,3.374440587393816e-07,25.07956115710158
1407,9550.8,2921.4,5,14.725711369098313,14.725711369098313,14.725711369098313,3.374427976216867e-07,25.079565214792513
1201,9508.5,2878.5,4,14.720870999331414,14.720870999331414,14.720870999331414,3.3733187952240265e-07,25.079922157046926
6265,8607.2,3486.8,5,14.720441274230538,14.720441274230538,14.720441274230538,3.373220322806217e-07,25.079953851836603
4066,8740.75,3258.0,4,14.717332341174938,14.717332341174938,14.717332341174938,3.3725079042061204e-07,25.080183181760347
2693,9173.2,3109.4,5,14.71406029188774,14.71406029188774,14.71406029188774,3.3717581071757746e-07,25.080424596254982
5395,9026.2,3394.6,5,14.712511948229107,14.712511948229107,14.712511948229107,3.371403300944175e-07,25.080538853040004
9184,8712.5,4126.5,4,14.70942274227162,14.70942274227162,14.70942274227162,3.370695402850429e-07,25.080766850471147
5505,9220.4,3406.2,5,14.705829699288863,14.705829699288863,14.705829699288863,3.369872049434294e-07,25.081032093605042
2939,9317.6,3138.2,5,14.705602351145853,14.705602351145853,14.705602351145853,3.369819952125384e-07,25.08104887892237
589,8652.166666666666,2706.6666666666665,6,14.705025772064294,14.705025772064294,14.705025772064294,3.3696878278065956e-07,25.081091449436755
594,8715.2,2708.6,5,14.704723070689408,14.704723070689408,14.704723070689408,3.3696184631448655e-07,25.081113799429865
6956,8885.0,3571.5,4,14.703717540108904,14.703717540108904,14.703717540108904,3.36938804368079e-07,25.08118804620623
7113,8940.6,3593.8,5,14.70283659735896,14.70283659735896,14.70283659735896,3.3691861737821926e-07,25.081253097788526
6043,8222.8,3461.2,5,14.701646210423295,14.701646210423295,14.701646210423295,3.3689133940924686e-07,25.08134100589443
5297,8670.5,3383.5,4,14.701319401205495,14.701319401205495,14.701319401205495,3.36883850506743e-07,25.08136514145984
570,8318.166666666666,2700.0,6,14.69826764038828,14.69826764038828,14.69826764038828,3.3681391876069544e-07,25.081590546477585
4848,8814.5,3338.5,4,14.697454209998511,14.697454209998511,14.697454209998511,3.367952788308806e-07,25.081650634869284
2789,8487.5,3121.5,4,14.696272671791906,14.696272671791906,14.696272671791906,3.367682036324103e-07,25.081737921439924
1710,9330.2,2971.4,5,14.695108144330653,14.695108144330653,14.695108144330653,3.3674151823877587e-07,25.08182395820252
3002,8541.2,3146.6,5,14.694578183678097,14.694578183678097,14.694578183678097,3.367293740780799e-07,25.081863114623665
7535,8998.2,3657.6,5,14.692620508125668,14.692620508125668,14.692620508125668,3.366845135278023e-07,25.082007770754377
8310,8560.2,3804.0,5,14.689978585129985,14.689978585129985,14.689978585129985,3.3662397330231375e-07,25.082203017706167
3279,9014.4,3177.8,5,14.685835864733384,14.685835864733384,14.685835864733384,3.365290419862398e-07,25.082509249321173
9152,8499.8,4108.4,5,14.680838662916436,14.680838662916436,14.680838662916436,3.364145300472832e-07,25.082878759527883
123,8252.0,2430.25,4,14.677259238642652,14.677259238642652,14.677259238642652,3.3633250678127273e-07,25.083143511730736
4556,9551.2,3307.6,5,14.674284752442952,14.674284752442952,14.674284752442952,3.3626434579946644e-07,25.083363568799598
5922,8746.0,3447.5,4,14.67294452920143,14.67294452920143,14.67294452920143,3.362336342997826e-07,25.08346273515584
9042,8536.8,4047.2,5,14.672797533347842,14.672797533347842,14.672797533347842,3.36230265858637e-07,25.083473612285463
4998,8690.4,3351.4,5,14.668305069491552,14.668305069491552,14.668305069491552,3.3612732009704467e-07,25.08380608995418
8283,8131.5,3798.5,4,14.663818189777293,14.663818189777293,14.663818189777293,3.3602450229725074e-07,25.084138256006195
1095,8888.0,2857.6666666666665,6,14.661715079514927,14.661715079514927,14.661715079514927,3.359763090797652e-07,25.08429398534536
6051,8855.25,3461.75,4,14.658884553464546,14.658884553464546,14.658884553464546,3.3591144697529766e-07,25.084503613024154
5900,8737.4,3445.4,5,14.658753119553808,14.658753119553808,14.658753119553808,3.3590843513937137e-07,25.084513347952804
4860,8548.2,3340.0,5,14.657238742984681,14.657238742984681,14.657238742984681,3.358737328792679e-07,25.084625519731123
3405,8717.5,3190.5,4,14.653310688869709,14.653310688869709,14.653310688869709,3.357837206865431e-07,25.084916529669528
8302,8347.5,3802.5,4,14.651027733992908,14.651027733992908,14.651027733992908,3.357314062915938e-07,25.085085698256975
7555,9235.2,3660.6,5,14.650785301127858,14.650785301127858,14.650785301127858,3.3572585089109956e-07,25.085103664253726
7260,8369.0,3615.5,4,14.646068531264454,14.646068531264454,14.646068531264454,3.356177651098052e-07,25.085453269565186
5884,8971.5,3443.5,4,14.643523527734104,14.643523527734104,14.643523527734104,3.3555944581440997e-07,25.085641951092438
10603,8890.8,3526.2,5,14.643067051681072,14.643067051681072,14.643067051681072,3.3554898556888965e-07,25.0856757967923
6845,8503.6,3556.8,5,14.641509453912626,14.641509453912626,14.641509453912626,3.3551329288584166e-07,25.08579129378717
4557,7951.0,3309.0,5,14.639374355998784,14.639374355998784,14.639374355998784,3.3546436666454173e-07,25.0859496327994
796,9177.6,2776.8,5,14.639334872449457,14.639334872449457,14.639334872449457,3.3546346189063907e-07,25.085952561119683
8597,9128.6,3876.8,5,14.63829315788077,14.63829315788077,14.63829315788077,3.3543959078047197e-07,25.086029823336524
5822,8521.8,3437.4,5,14.637827528195189,14.637827528195189,14.637827528195189,3.3542892077752133e-07,25.08606436008496
7396,8929.0,3636.75,4,14.634604501191689,14.634604501191689,14.634604501191689,3.3535506443050957e-07,25.086303449007758
8238,8827.2,3788.4,5,14.634231516212402,14.634231516212402,14.634231516212402,3.353465174006428e-07,25.08633112098594
1083,9469.5,2854.5,4,14.633870712674906,14.633870712674906,14.633870712674906,3.3533824951109686e-07,25.086357889886802
2036,9380.8,3019.6,5,14.632788176004144,14.632788176004144,14.632788176004144,3.353134429538071e-07,25.08643820990293
218,9252.2,2511.2,5,14.628533639095034,14.628533639095034,14.628533639095034,3.3521594933864587e-07,25.086753937594143
7338,8805.4,3628.8,5,14.626903820612384,14.626903820612384,14.626903820612384,3.351786017026223e-07,25.086874910178338
7045,8777.2,3584.8,5,14.6264179460602,14.6264179460602,14.6264179460602,3.3516746778426196e-07,25.08691097661869
8201,9258.6,3780.2,5,14.621823000313128,14.621823000313128,14.621823000313128,3.350621736284179e-07,25.08725211843345
2230,9022.8,3050.0,5,14.61758840745631,14.61758840745631,14.61758840745631,3.349651370354427e-07,25.087566601563438
5705,8100.0,3426.0,5,14.616672355231907,14.616672355231907,14.616672355231907,3.349441455045331e-07,25.087634644403572
2110,9153.8,3033.4,5,14.611791471046939,14.611791471046939,14.611791471046939,3.348322990087706e-07,25.08799726029414
8524,9414.2,3856.4,5,14.60777436715761,14.60777436715761,14.60777436715761,3.347402462215894e-07,25.08829579417261
7893,8269.8,3719.6,5,14.606033072668225,14.606033072668225,14.606033072668225,3.347003440892405e-07,25.088425225194317
1019,9283.4,2840.8,5,14.601729331694251,14.601729331694251,14.601729331694251,3.3460172295250246e-07,25.08874518995988
2819,8882.6,3124.8,5,14.599897385359881,14.599897385359881,14.599897385359881,3.345597435139091e-07,25.088881415964156
3375,9234.0,3187.75,4,14.599569279458763,14.599569279458763,14.599569279458763,3.3455222489763216e-07,25.088905816167074
5887,9119.8,3443.6,5,14.599362789894393,14.599362789894393,14.599362789894393,3.3454749314549236e-07,25.088921172427053
8792,8874.666666666666,3939.833333333333,6,14.599260186544356,14.599260186544356,14.599260186544356,3.345451419679761e-07,25.08892880293565
8909,8628.0,3983.8,5,14.599257466284243,14.599257466284243,14.599257466284243,3.34545079632639e-07,25.088929005239407
5434,8448.8,3398.4,5,14.597014905187685,14.597014905187685,14.597014905187685,3.344936908697268e-07,25.08909579569455
1683,8039.2,2968.6,5,14.5967832690511,14.5967832690511,14.5967832690511,3.3448838287855404e-07,25.08911302508953
2160,8828.4,3039.8,5,14.595504214254007,14.595504214254007,14.595504214254007,3.344590730667409e-07,25.08920816776054
8326,8625.0,3807.75,4,14.59536497488325,14.59536497488325,14.59536497488325,3.3445588236704366e-07,25.089218525603943
2157,8240.4,3039.8,5,14.591760064599837,14.591760064599837,14.591760064599837,3.3437327508371996e-07,25.089486724792742
6404,8524.0,3503.2,5,14.589483143740352,14.589483143740352,14.589483143740352,3.343210989595566e-07,25.089656157972804
1962,8938.6,3008.8,5,14.586094380742558,14.586094380742558,14.586094380742558,3.342434447371024e-07,25.089908375958178
9656,9407.2,3189.0,5,14.584836538605966,14.584836538605966,14.584836538605966,3.3421462101790136e-07,25.090002009222893
322,9781.5,2586.5,4,14.584756518859884,14.584756518859884,14.584756518859884,3.342127873484571e-07,25.090007966133932
3837,8145.8,3233.2,5,14.58112128212681,14.58112128212681,14.58112128212681,3.3412948512811074e-07,25.090278618584808
518,8406.8,2673.6,5,14.57838076342769,14.57838076342769,14.57838076342769,3.3406668556117735e-07,25.090482701656978
8559,8435.6,3865.8,5,14.57743451208249,14.57743451208249,14.57743451208249,3.34045002011013e-07,25.090553176746422
9065,8569.2,4056.4,5,14.575317348495583,14.575317348495583,14.575317348495583,3.3399648675861654e-07,25.090710875832443
7123,9410.666666666666,3595.166666666667,6,14.573580511508263,14.573580511508263,14.573580511508263,3.339566867708724e-07,25.09084026300929
7083,8666.5,3589.5,4,14.571574857656621,14.571574857656621,14.571574857656621,3.3391072678769775e-07,25.09098969511743
7032,8226.4,3583.6,5,14.568837250932777,14.568837250932777,14.568837250932777,3.338479939492951e-07,25.091193694891494
5171,9694.8,3369.6,5,14.566176658714841,14.566176658714841,14.566176658714841,3.337870259146211e-07,25.091391992466647
4654,8071.8,3317.4,5,14.565136281873743,14.565136281873743,14.565136281873743,3.337631854587652e-07,25.09146954302578
1723,8130.5,2974.5,4,14.563904914678574,14.563904914678574,14.563904914678574,3.3373496841845914e-07,25.091561337323913
529,8973.6,2680.2,5,14.563599400304586,14.563599400304586,14.563599400304586,3.337279674918154e-07,25.091584113598415
7182,8823.4,3604.2,5,14.56133045406208,14.56133045406208,14.56133045406208,3.3367597410769057e-07,25.091753279814398
7840,8074.6,3709.8,5,14.560052090779173,14.560052090779173,14.560052090779173,3.336466801420716e-07,25.091848602575798
3756,8940.25,3226.0,4,14.55990430270684,14.55990430270684,14.55990430270684,3.336432935470656e-07,25.091859623118452
8102,8985.4,3759.8,5,14.558976535142165,14.558976535142165,14.558976535142165,3.336220335566502e-07,25.09192880921393
1700,8885.6,2971.0,5,14.557185270992221,14.557185270992221,14.557185270992221,3.335809863589369e-07,25.092062401021483
787,8200.5,2774.5,4,14.556745611644523,14.556745611644523,14.556745611644523,3.3357091147178413e-07,25.092095193163054
6707,8510.2,3540.2,5,14.555617861224341,14.555617861224341,14.555617861224341,3.335450688318419e-07,25.092179311339365
8572,8746.5,3868.5,4,14.553467696307926,14.553467696307926,14.553467696307926,3.3349579734698404e-07,25.09233970881359
6254,8798.75,3486.0,4,14.551159281361493,14.551159281361493,14.551159281361493,3.334428995291421e-07,25.092511937764684
925,9333.8,2814.6,5,14.549162887312626,14.549162887312626,14.549162887312626,3.333971517363109e-07,25.092660909125804
674,9482.4,2737.8,5,14.548237861267127,14.548237861267127,14.548237861267127,3.333759545683886e-07,25.092729941702075
4017,8145.166666666667,3255.0,6,14.543166080414926,14.543166080414926,14.543166080414926,3.332597336350297e-07,25.093108515122644
2118,8711.8,3034.4,5,14.542504800413084,14.542504800413084,14.542504800413084,3.3324458026360743e-07,25.093157884837545
7199,8425.5,3607.5,4,14.541470764959964,14.541470764959964,14.541470764959964,3.332208851220014e-07,25.093235088157044
1786,8969.6,2982.2,5,14.537996812251599,14.537996812251599,14.537996812251599,3.3314127875927065e-07,25.093494501176696
6594,8743.8,3523.6,5,14.537776633870877,14.537776633870877,14.537776633870877,3.331362333250024e-07,25.09351094480733
4793,9314.666666666666,3332.666666666667,6,14.537666335305339,14.537666335305339,14.537666335305339,3.331337058099917e-07,25.093519182353088
5938,9303.2,3448.4,5,14.537038966073581,14.537038966073581,14.537038966073581,3.3311932951105437e-07,25.093566038029298
8192,8851.5,3777.5,4,14.536676054292826,14.536676054292826,14.536676054292826,3.331110133106673e-07,25.0935931433689
2928,8752.75,3137.0,4,14.533853459651468,14.533853459651468,14.533853459651468,3.3304633295611884e-07,25.093803981854084
3999,9177.5,3251.5,4,14.529848357872972,14.529848357872972,14.529848357872972,3.3295455519985153e-07,25.094103219993773
1021,8463.6,2841.8,5,14.529624653396802,14.529624653396802,14.529624653396802,3.3294942896435857e-07,25.09411993633607
1590,8316.6,2952.8,5,14.525274111410715,14.525274111410715,14.525274111410715,3.3284973537250694e-07,25.094445082261938
6518,8928.5,3513.5,4,14.524851546613348,14.524851546613348,14.524851546613348,3.328400522105988e-07,25.094476668624406
753,8166.2,2762.4,5,14.523278709951114,14.523278709951114,14.523278709951114,3.328040103250693e-07,25.094594244915545
1528,7985.5,2941.5,4,14.519355928970226,14.519355928970226,14.519355928970226,3.3271411896732976e-07,25.094887545121477
1361,9382.2,2911.4,5,14.517287340509903,14.517287340509903,14.517287340509903,3.326667168242561e-07,25.095042242161835
3527,8701.5,3202.0,4,14.517101340326022,14.517101340326022,14.517101340326022,3.326624545906136e-07,25.095056153054603
6112,8930.0,3467.75,4,14.513709021868507,14.513709021868507,14.513709021868507,3.3258471889404623e-07,25.095309894713083
4084,7995.333333333333,3260.5,6,14.512174607179649,14.512174607179649,14.512174607179649,3.325495574561814e-07,25.09542468671071
597,9289.5,2708.5,4,14.511638230979736,14.511638230979736,14.511638230979736,3.325372662818578e-07,25.09546481672829
3608,8265.8,3211.0,5,14.509343304053477,14.509343304053477,14.509343304053477,3.3248467754485733e-07,25.09563653285397
5338,9041.5,3388.5,4,14.508465087937012,14.508465087937012,14.508465087937012,3.3246455303638176e-07,25.095702251878688
9288,8683.8,4239.4,5,14.50402927802063,14.50402927802063,14.50402927802063,3.3236290551183204e-07,25.09603425500813
383,8457.4,2614.2,5,14.503162378977127,14.503162378977127,14.503162378977127,3.3234304033648245e-07,25.096099150892492
891,8751.2,2804.2,5,14.496660563627653,14.496660563627653,14.496660563627653,3.321940498594757e-07,25.096585999136618
826,9555.0,2785.0,5,14.496600301540417,14.496600301540417,14.496600301540417,3.321926689409721e-07,25.096590512511657
2130,8482.6,3035.8,5,14.49541289055539,14.49541289055539,14.49541289055539,3.321654591665394e-07,25.096679448391242
8406,8714.8,3825.6,5,14.492751971207763,14.492751971207763,14.492751971207763,3.3210448363561916e-07,25.096878775012676
6262,8326.6,3486.8,5,14.488779786489545,14.488779786489545,14.488779786489545,3.32013460180766e-07,25.097176395222927
874,8728.8,2799.0,5,14.487209460354244,14.487209460354244,14.487209460354244,3.3197747582449333e-07,25.097294076101775
5932,8801.5,3448.5,4,14.487022034765658,14.487022034765658,14.487022034765658,3.319731809273999e-07,25.097308122703655
1090,9374.8,2855.6,5,14.486775744761626,14.486775744761626,14.486775744761626,3.3196753713974825e-07,25.097326581172666
3338,8921.2,3183.6,5,14.483835951824304,14.483835951824304,14.483835951824304,3.319001711614037e-07,25.097546931344827
2422,9071.5,3077.5,4,14.480416406907182,14.480416406907182,14.480416406907182,3.3182181156474283e-07,25.09780329727422
5095,8283.0,3364.0,5,14.479447417143298,14.479447417143298,14.479447417143298,3.317996069588942e-07,25.097875954195228
1073,9107.4,2854.2,5,14.478450296915153,14.478450296915153,14.478450296915153,3.317767577374938e-07,25.097950725474778
6013,8654.4,3458.2,5,14.475358968262483,14.475358968262483,14.475358968262483,3.317059192861091e-07,25.098182568367783
2510,8925.8,3088.2,5,14.472383136210205,14.472383136210205,14.472383136210205,3.316377274638057e-07,25.098405796044617
4788,9157.2,3332.4,5,14.471701537205881,14.471701537205881,14.471701537205881,3.316221084781343e-07,25.09845693165486
8804,8683.8,3942.6,5,14.471505155110744,14.471505155110744,14.471505155110744,3.316176083407946e-07,25.098471665278048
3559,8622.0,3205.75,4,14.469364828068208,14.469364828068208,14.469364828068208,3.3156856229290216e-07,25.098632256895762
5712,9286.2,3426.4,5,14.46783235037266,14.46783235037266,14.46783235037266,3.3153344524164967e-07,25.098747255353167
8630,8867.0,3890.6,5,14.46746144205903,14.46746144205903,14.46746144205903,3.315249457990166e-07,25.09877509046607
2355,8892.6,3067.8,5,14.466445569590213,14.466445569590213,14.466445569590213,3.3150166686604606e-07,25.09885133108707
1496,9026.8,2935.4,5,14.464495940269273,14.464495940269273,14.464495940269273,3.314569906968687e-07,25.09899766459938
3327,8690.0,3182.25,4,14.463338994475691,14.463338994475691,14.463338994475691,3.3143047903875603e-07,25.0990845109146
3976,9346.0,3248.8,5,14.460606279663025,14.460606279663025,14.460606279663025,3.3136785829953504e-07,25.099289670161728
1966,9194.0,3009.833333333333,6,14.459122445727306,14.459122445727306,14.459122445727306,3.3133385593035065e-07,25.099401085607052
6507,9018.4,3513.2,5,14.456909445127302,14.456909445127302,14.456909445127302,3.312831445524833e-07,25.09956727264726
9098,9034.2,4070.4,5,14.455440614619258,14.455440614619258,14.455440614619258,3.3124948599002454e-07,25.099677589688895
6949,9161.8,3569.8,5,14.452051374316646,14.452051374316646,14.452051374316646,3.3117182083002924e-07,25.09993218257585
464,8857.0,2647.6,5,14.451079762823207,14.451079762823207,14.451079762823207,3.3114955614669205e-07,25.100005179080675
5241,8126.6,3378.2,5,14.450673622267004,14.450673622267004,14.450673622267004,3.311402493497518e-07,25.100035693596542
8736,9026.4,3920.2,5,14.450388133334942,14.450388133334942,14.450388133334942,3.3113370731035486e-07,25.10005714371988
3168,7561.2,3164.6,5,14.449069115474487,14.449069115474487,14.449069115474487,3.311034817364733e-07,25.100156253224565
8787,8438.4,3938.2,5,14.447693525299783,14.447693525299783,14.447693525299783,3.310719597960184e-07,25.100259623147025
1234,8114.0,2885.75,4,14.447404223770338,14.447404223770338,14.447404223770338,3.310653303901442e-07,25.10028136421517
5570,9114.8,3412.6,5,14.446213283538214,14.446213283538214,14.446213283538214,3.310380397422661e-07,25.100370868198397
489,9180.6,2659.2,5,14.446025378920005,14.446025378920005,14.446025378920005,3.310337338681073e-07,25.100384990665642
413,8882.0,2625.2,5,14.436331472788282,14.436331472788282,14.436331472788282,3.3081159595415667e-07,25.101113811052564
928,8737.4,2815.8,5,14.427878184000026,14.427878184000026,14.427878184000026,3.306178870496212e-07,25.10174975723354
4096,9324.5,3259.5,4,14.42766433528979,14.42766433528979,14.42766433528979,3.306129866610939e-07,25.101765850036987
5946,9180.8,3450.2,5,14.42663213746264,14.42663213746264,14.42663213746264,3.305893336290765e-07,25.10184352959871
5903,9205.6,3446.2,5,14.423571489981697,14.423571489981697,14.423571489981697,3.3051919824324576e-07,25.10207389579199
7228,9531.5,3610.5,4,14.422362513807306,14.422362513807306,14.422362513807306,3.3049149429792733e-07,25.102164905443736
3164,8986.0,3164.0,5,14.421984253173108,14.421984253173108,14.421984253173108,3.3048282637530994e-07,25.102193381822055
9028,8530.6,4034.6,5,14.42027998431268,14.42027998431268,14.42027998431268,3.3044377269309737e-07,25.102321692580965
3966,9004.4,3247.8,5,14.417138750508713,14.417138750508713,14.417138750508713,3.3037179065459166e-07,25.10255822909718
1121,9647.5,2862.5,4,14.415525285959385,14.415525285959385,14.415525285959385,3.3033481777241694e-07,25.10267974384004
7269,8439.8,3618.0,5,14.414357390958198,14.414357390958198,14.414357390958198,3.30308055210891e-07,25.102767709920307
8762,8498.4,3931.4,5,14.414199900659504,14.414199900659504,14.414199900659504,3.3030444628731116e-07,25.10277957266581
2247,8480.8,3053.6,5,14.413995540884763,14.413995540884763,14.413995540884763,3.302997633397522e-07,25.102794965984945
187,9090.2,2487.4,5,14.409683556057459,14.409683556057459,14.409683556057459,3.302009532933676e-07,25.10311981542977
3230,9509.5,3170.5,4,14.408052060308416,14.408052060308416,14.408052060308416,3.3016356722242906e-07,25.10324275180674
8125,8120.6,3765.2,5,14.401617508030471,14.401617508030471,14.401617508030471,3.30016118092965e-07,25.103727743588347
396,9389.166666666666,2618.0,6,14.401091547145484,14.401091547145484,14.401091547145484,3.300040655877908e-07,25.103767396440038
4438,8081.0,3297.2,5,14.399878542180685,14.399878542180685,14.399878542180685,3.2997626932188614e-07,25.103858851929456
2556,8813.5,3094.5,4,14.398444330951776,14.398444330951776,14.398444330951776,3.2994340406754745e-07,25.103966995383825
5444,9086.0,3400.0,5,14.396297493705006,14.396297493705006,14.396297493705006,3.2989420883694496e-07,25.104128892923523
1372,8591.2,2913.4,5,14.395891513219329,14.395891513219329,14.395891513219329,3.2988490570805474e-07,25.1041595114855
4987,8793.5,3350.5,4,14.395437580123826,14.395437580123826,14.395437580123826,3.2987450373494524e-07,25.104193747598377
1600,9090.2,2954.2,5,14.392465197380037,14.392465197380037,14.392465197380037,3.2980639095427705e-07,25.104417954522773
2929,8850.25,3136.25,4,14.385356705294214,14.385356705294214,14.385356705294214,3.2964349835125177e-07,25.104954336143447
6143,9290.4,3472.2,5,14.380979096314402,14.380979096314402,14.380979096314402,3.2954318451350116e-07,25.105284786891787
4628,8588.25,3316.0,4,14.380940522745618,14.380940522745618,14.380940522745618,3.2954230059199557e-07,25.105287699125792
1829,8656.8,2991.8,5,14.378375217493122,14.378375217493122,14.378375217493122,3.294835160783338e-07,25.105481392523888
7856,9103.2,3711.4,5,14.375602345920196,14.375602345920196,14.375602345920196,3.2941997513843886e-07,25.105690797087867
6069,8603.5,3463.5,4,14.373276958913486,14.373276958913486,14.373276958913486,3.293666884022379e-07,25.105866439194955
7991,9094.6,3739.2,5,14.373240882108387,14.373240882108387,14.373240882108387,3.293658616946014e-07,25.10586916438718
6732,8125.4,3543.2,5,14.370709593911718,14.370709593911718,14.370709593911718,3.293078566889849e-07,25.106060391494196
4193,8879.5,3269.5,4,14.365569509628102,14.365569509628102,14.365569509628102,3.2919007056801594e-07,25.106448804735987
843,9189.2,2788.4,5,14.363302284442664,14.363302284442664,14.363302284442664,3.291381166222787e-07,25.106620173002092
4549,8778.5,3307.5,4,14.360572294807469,14.360572294807469,14.360572294807469,3.2907555833107713e-07,25.10682655522858
8757,8805.6,3929.2,5,14.358097245861348,14.358097245861348,14.358097245861348,3.2901884205980873e-07,25.107013698316955
1530,9226.4,2942.2,5,14.355472351479836,14.355472351479836,14.355472351479836,3.2895869204862374e-07,25.10721220675123
477,8600.8,2653.0,5,14.355292675680666,14.355292675680666,14.355292675680666,3.289545747395975e-07,25.10722579611537
6712,9244.8,3539.6,5,14.355207678497557,14.355207678497557,14.355207678497557,3.2895262701112863e-07,25.107232224740287
8208,8406.2,3782.4,5,14.353342200337057,14.353342200337057,14.353342200337057,3.289098791836313e-07,25.107373326759685
3488,8313.8,3199.4,5,14.353199755181702,14.353199755181702,14.353199755181702,3.2890661502270043e-07,25.10738410185496
2980,8593.5,3144.5,4,14.352073608444357,14.352073608444357,14.352073608444357,3.2888080913149036e-07,25.10746929165753
2717,8176.8,3113.0,5,14.349949761321723,14.349949761321723,14.349949761321723,3.2883214072445595e-07,25.10762997285334
1969,8672.6,3010.8,5,14.349671698738483,14.349671698738483,14.349671698738483,3.288257688614165e-07,25.107651011640506
9286,8583.2,4238.4,5,14.345937033141137,14.345937033141137,14.345937033141137,3.2874018820756813e-07,25.107933623639607
7380,8299.6,3635.2,5,14.344916975905594,14.344916975905594,14.344916975905594,3.2871681337978096e-07,25.108010826853683
8015,8717.0,3743.8,5,14.344837944402055,14.344837944402055,14.344837944402055,3.2871500235612407e-07,25.10801680859629
4837,9524.6,3337.8,5,14.342985554519453,14.342985554519453,14.342985554519453,3.286725544492893e-07,25.10815702186578
3668,8817.5,3217.0,4,14.341567740295005,14.341567740295005,14.341567740295005,3.286400649357837e-07,25.108264352959317
5657,8818.8,3419.6,5,14.340317975575857,14.340317975575857,14.340317975575857,3.2861142631231567e-07,25.108358971201458
9006,8968.8,4024.6,5,14.339871408028882,14.339871408028882,14.339871408028882,3.286011931223121e-07,25.10839278231387
576,8230.6,2702.8,5,14.339422281519798,14.339422281519798,14.339422281519798,3.285909012931493e-07,25.108426788235825
6989,8556.8,3575.6,5,14.336826208512157,14.336826208512157,14.336826208512157,3.2853141172985613e-07,25.10862337255984
498,8719.0,2663.5,4,14.33479038619381,14.33479038619381,14.33479038619381,3.284847604298717e-07,25.108777557517907
9058,8382.6,4053.8,5,14.323764946420638,14.323764946420638,14.323764946420638,3.2823211014026495e-07,25.10961296039057
8846,8475.8,3956.4,5,14.322476995795004,14.322476995795004,14.322476995795004,3.2820259647865507e-07,25.109710590971783
222,9078.6,2514.8,5,14.32188695101604,14.32188695101604,14.32188695101604,3.281890754774657e-07,25.109755321096024
3953,8334.2,3246.8,5,14.314558629420667,14.314558629420667,14.314558629420667,3.2802114543462893e-07,25.11031102024713
8965,7990.4,4005.8,5,14.312365962225435,14.312365962225435,14.312365962225435,3.279709000010423e-07,25.11047734325929
5011,8675.75,3353.25,4,14.311019525937311,14.311019525937311,14.311019525937311,3.279400461280785e-07,25.11057948873241
4821,9517.8,3335.8,5,14.310476621449252,14.310476621449252,14.310476621449252,3.2792760535664814e-07,25.110620678127642
6474,8672.4,3510.2,5,14.309715986261196,14.309715986261196,14.309715986261196,3.279101752400722e-07,25.110678389071367
7695,8423.8,3683.8,5,14.309523440319431,14.309523440319431,14.309523440319431,3.279057630090002e-07,25.110692998411395
2471,8505.0,3083.2,5,14.30703804613356,14.30703804613356,14.30703804613356,3.278488096743699e-07,25.110881594267592
9106,8862.2,4076.8,5,14.306292229930062,14.306292229930062,14.306292229930062,3.278317191379665e-07,25.110938194435878
228,9024.6,2518.8,5,14.302806016234587,14.302806016234587,14.302806016234587,3.2775183181211706e-07,25.1112028031567
5076,8404.8,3360.4,5,14.300652359758502,14.300652359758502,14.300652359758502,3.2770248031742925e-07,25.11136630106541
1827,9399.8,2990.4,5,14.300633356438937,14.300633356438937,14.300633356438937,3.2770204485233305e-07,25.111367743839157
209,9676.6,2506.2,5,14.300456144654452,14.300456144654452,14.300456144654452,3.2769798400672575e-07,25.111381198239226
7390,8876.8,3636.2,5,14.30038860729875,14.30038860729875,14.30038860729875,3.2769643637390305e-07,25.111386325902618
3750,8282.2,3225.6,5,14.30029229223539,14.30029229223539,14.30029229223539,3.2769422929380903e-07,25.111393638508336
650,9196.6,2728.6,5,14.2995854735608,14.2995854735608,14.2995854735608,3.276780323940473e-07,25.111447304375837
5655,8495.6,3420.6,5,14.297151975399025,14.297151975399025,14.297151975399025,3.2762226826781026e-07,25.111632090285035
1051,8705.2,2848.4,5,14.293095532545607,14.293095532545607,14.293095532545607,3.2752931401992774e-07,25.111940183238538
4187,9522.8,3268.6,5,14.292628484621911,14.292628484621911,14.292628484621911,3.2751861151775005e-07,25.11197566184596
350,9295.6,2601.2,5,14.285934082402301,14.285934082402301,14.285934082402301,3.27365207871789e-07,25.1124843196887
9674,9450.0,3197.0,5,14.284622804929885,14.284622804929885,14.284622804929885,3.273351596705402e-07,25.112583981829196
7720,8491.2,3688.8,5,14.283737658726942,14.283737658726942,14.283737658726942,3.2731487635766394e-07,25.112651261523503
1092,8543.4,2856.8,5,14.27111886903802,14.27111886903802,14.27111886903802,3.2702571411697483e-07,25.113610865554712
7270,8567.5,3617.5,4,14.270901446669264,14.270901446669264,14.270901446669264,3.2702073183730496e-07,25.113627407014278
5851,9576.8,3440.0,5,14.27033326649827,14.27033326649827,14.27033326649827,3.2700771186824215e-07,25.113670635262018
3443,8534.6,3195.2,5,14.268031902272895,14.268031902272895,14.268031902272895,3.2695497561916784e-07,25.113845745115057
1249,9033.5,2888.0,4,14.268019833189964,14.268019833189964,14.268019833189964,3.2695469905357404e-07,25.113846663521034
3011,8103.8,3147.4,5,14.26643538714333,14.26643538714333,14.26643538714333,3.2691839113653997e-07,25.1139672398857
5666,8451.2,3420.6,5,14.265306952458012,14.265306952458012,14.265306952458012,3.2689253281651706e-07,25.11405312194496
2087,8695.5,3029.333333333333,6,14.264385044280026,14.264385044280026,14.264385044280026,3.2687140709518976e-07,25.114123290882414
3512,7912.4,3202.2,5,14.259946510372869,14.259946510372869,14.259946510372869,3.2676969714981405e-07,25.114461183252562
9057,8024.5,4053.5,4,14.257054000664107,14.257054000664107,14.257054000664107,3.267034146766752e-07,25.114681438010628
2126,9415.5,3034.5,4,14.255120356053013,14.255120356053013,14.255120356053013,3.2665910480051244e-07,25.114828703381438
3294,9163.2,3178.4,5,14.253385997419919,14.253385997419919,14.253385997419919,3.2661936160478074e-07,25.114960808230357
8578,8420.2,3870.6,5,14.250224749912235,14.250224749912235,14.250224749912235,3.265469209480118e-07,25.115201639535258
1184,8823.4,2876.8,5,14.249002585842057,14.249002585842057,14.249002585842057,3.2651891479926576e-07,25.115294761202335
699,9145.0,2745.0,5,14.245658415828764,14.245658415828764,14.245658415828764,3.2644228243450437e-07,25.11554960799449
1755,9254.6,2978.8,5,14.242967251562096,14.242967251562096,14.242967251562096,3.2638061383485287e-07,25.115754735087673
8067,8243.8,3753.4,5,14.24176536989713,14.24176536989713,14.24176536989713,3.263530724617219e-07,25.115846357954958
840,8614.6,2789.2,5,14.23795778374038,14.23795778374038,14.23795778374038,3.2626582081779686e-07,25.116136672165208
6415,9081.8,3504.2,5,14.23743805915737,14.23743805915737,14.23743805915737,3.2625391121880444e-07,25.116176305243492
2051,8941.4,3023.2,5,14.23710885164192,14.23710885164192,14.23710885164192,3.2624636735880157e-07,25.116201410648653
6604,8105.6,3526.2,5,14.236444970527915,14.236444970527915,14.236444970527915,3.2623115438234266e-07,25.116252040068904
6685,9503.2,3537.0,5,14.235577609966999,14.235577609966999,14.235577609966999,3.262112786312237e-07,25.116318190955177
5139,9609.5,3366.5,4,14.231898982040326,14.231898982040326,14.231898982040326,3.261269820924778e-07,25.11659879324412
3647,9741.5,3214.5,4,14.226716403198315,14.226716403198315,14.226716403198315,3.260082221996951e-07,25.116994238593012
7783,8569.2,3698.2,5,14.226447609230512,14.226447609230512,14.226447609230512,3.2600206272894316e-07,25.11701475225837
2013,8535.0,3016.8,5,14.224750939401744,14.224750939401744,14.224750939401744,3.25963183180152e-07,25.117144246687904
5536,8351.5,3408.5,4,14.222612327558206,14.222612327558206,14.222612327558206,3.259141764364082e-07,25.117307493333225
7327,8616.25,3628.0,4,14.22076115835253,14.22076115835253,14.22076115835253,3.2587175650164394e-07,25.11744881844233
6930,8008.0,3568.0,5,14.219095415752985,14.219095415752985,14.219095415752985,3.2583358565686646e-07,25.11757600312383
5606,8954.0,3414.25,4,14.216438778919098,14.216438778919098,14.216438778919098,3.257727082606564e-07,25.117778876527378
1212,9042.2,2881.4,5,14.215724182916627,14.215724182916627,14.215724182916627,3.2575633314177766e-07,25.11783345294162
3260,8599.5,3175.5,4,14.215634763432874,14.215634763432874,14.215634763432874,3.2575428407535204e-07,25.117840282440774
530,9113.8,2679.4,5,14.214123635219565,14.214123635219565,14.214123635219565,3.2571965625201073e-07,25.117955702810498
3614,8407.8,3211.4,5,14.21307185827147,14.21307185827147,14.21307185827147,3.2569555456028644e-07,25.118036045052676
8959,9348.5,4001.5,4,14.209102973552367,14.209102973552367,14.209102973552367,3.2560460672561256e-07,25.118339270395957
5490,9047.5,3403.5,4,14.207789641166528,14.207789641166528,14.207789641166528,3.2557451143558704e-07,25.118439628485106
3718,9030.5,3221.5,4,14.207640267253836,14.207640267253836,14.207640267253836,3.2557108850071304e-07,25.11845104345687
282,8603.4,2565.2,5,14.207412127725336,14.207412127725336,14.207412127725336,3.2556586063505574e-07,25.118468477832316
2239,8624.5,3051.5,4,14.205500966112318,14.205500966112318,14.205500966112318,3.255220659615599e-07,25.11861453940317
2452,8854.8,3080.4,5,14.204754659171911,14.204754659171911,14.204754659171911,3.255049641798162e-07,25.1186715816541
8481,8516.2,3843.6,5,14.201380032984655,14.201380032984655,14.201380032984655,3.254276339053722e-07,25.118929550848854
328,8876.8,2589.4,5,14.201308091125668,14.201308091125668,14.201308091125668,3.254259853424231e-07,25.11893505102409
7212,8843.25,3609.0,4,14.201095385787418,14.201095385787418,14.201095385787418,3.254211111545072e-07,25.11895131316098
1724,8458.8,2974.6,5,14.200001838308669,14.200001838308669,14.200001838308669,3.253960522822183e-07,25.119034922894826
5595,8699.0,3415.0,5,14.19958640271814,14.19958640271814,14.19958640271814,3.253865324875961e-07,25.11906668768364
9008,8575.8,4025.6,5,14.195518628031094,14.195518628031094,14.195518628031094,3.252933185683438e-07,25.119377764559452
4118,8886.75,3262.75,4,14.19525012464814,14.19525012464814,14.19525012464814,3.252871657564053e-07,25.119398301082896
9278,8611.0,4230.0,5,14.194936676676884,14.194936676676884,14.194936676676884,3.2527998302969835e-07,25.119422275691665
1326,8448.8,2905.4,5,14.19354283346841,14.19354283346841,14.19354283346841,3.252480428171053e-07,25.119528892605466
414,9213.4,2624.8,5,14.190989131906264,14.190989131906264,14.190989131906264,3.2518952420446765e-07,25.11972425578799
4544,9044.8,3306.4,5,14.189969501366207,14.189969501366207,14.189969501366207,3.2516615915449805e-07,25.11980226934684
3423,8298.4,3193.2,5,14.184821713614415,14.184821713614415,14.184821713614415,3.2504819650692284e-07,25.120196220411046
7257,9173.5,3614.5,4,14.184449169241589,14.184449169241589,14.184449169241589,3.250396595736465e-07,25.120224736118423
5466,9105.4,3402.6,5,14.180898213222513,14.180898213222513,14.180898213222513,3.2495828866372745e-07,25.12049657495611
1883,8172.8,2999.2,5,14.180828364781366,14.180828364781366,14.180828364781366,3.249566880718919e-07,25.12050192279565
7770,9030.2,3696.6,5,14.179056284169228,14.179056284169228,14.179056284169228,3.24916080469014e-07,25.120637608261557
1034,8083.6,2845.8,5,14.17871795418455,14.17871795418455,14.17871795418455,3.2490832756569496e-07,25.12066351559198
9271,8992.8,4216.6,5,14.17863660798475,14.17863660798475,14.17863660798475,3.249064635002825e-07,25.120669744700127
10714,8847.0,3662.25,4,14.17580850189794,14.17580850189794,14.17580850189794,3.248416568497932e-07,25.12088632994224
8375,7559.5,3820.5,4,14.173644271831638,14.173644271831638,14.173644271831638,3.2479206305904413e-07,25.121052102661853
4070,9395.6,3257.8,5,14.17285145330466,14.17285145330466,14.17285145330466,3.2477389545443446e-07,25.121112836220398
3017,9013.5,3147.5,4,14.170308433823017,14.170308433823017,14.170308433823017,3.24715621623936e-07,25.121307666178595
7466,8467.2,3648.8,5,14.163352283239256,14.163352283239256,14.163352283239256,3.2455621995872423e-07,25.12184078081999
716,8318.4,2751.2,5,14.161713254813309,14.161713254813309,14.161713254813309,3.2451866127489767e-07,25.12196643295677
3411,8712.2,3192.6,5,14.160312463969788,14.160312463969788,14.160312463969788,3.2448656185577473e-07,25.122073832713447
5441,9123.2,3399.8,5,14.159680741526842,14.159680741526842,14.159680741526842,3.2447208580208026e-07,25.12212227085556
3195,8337.4,3167.8,5,14.157917277753636,14.157917277753636,14.157917277753636,3.244316756558931e-07,25.122257498177134
1480,8235.0,2933.25,4,14.156797513064351,14.156797513064351,14.156797513064351,3.244060160106672e-07,25.12234337360082
5204,8741.5,3373.5,4,14.155568387396443,14.155568387396443,14.155568387396443,3.2437785033543344e-07,25.1224376438037
5947,9218.4,3449.8,5,14.153720901905466,14.153720901905466,14.153720901905466,3.2433551481377244e-07,25.122579355725016
2203,8763.4,3046.2,5,14.15201131404666,14.15201131404666,14.15201131404666,3.242963392455845e-07,25.12271050664679
3088,9048.4,3154.8,5,14.150618369584372,14.150618369584372,14.150618369584372,3.242644196279508e-07,25.122817378004825
2260,9349.6,3053.8,5,14.150162100653311,14.150162100653311,14.150162100653311,3.2425396412867435e-07,25.122852386770617
7790,8947.6,3698.8,5,14.14850645244173,14.14850645244173,14.14850645244173,3.2421602459893684e-07,25.122979431419683
3711,9125.8,3221.2,5,14.148261147549391,14.148261147549391,14.148261147549391,3.2421040338532847e-07,25.122998255930426
7273,9054.2,3617.6,5,14.145993031862627,14.145993031862627,14.145993031862627,3.2415842903356456e-07,25.123172324863813
3633,8241.2,3214.8,5,14.145278255162943,14.145278255162943,14.145278255162943,3.2414204977397086e-07,25.123227186940067
1225,7866.0,2884.0,5,14.144440192654898,14.144440192654898,14.144440192654898,3.2412284539394413e-07,25.12329151524427
6738,8737.2,3543.2,5,14.144309289906829,14.144309289906829,14.144309289906829,3.24119845729723e-07,25.123301563468775
9238,9081.2,4183.2,5,14.14397987028655,14.14397987028655,14.14397987028655,3.24112297009293e-07,25.123326850456355
1773,9010.0,2981.4,5,14.14281585847138,14.14281585847138,14.14281585847138,3.2408562343179775e-07,25.12341620732684
3379,8847.75,3188.75,4,14.141818519067755,14.141818519067755,14.141818519067755,3.240627691879448e-07,25.1234927752248
6856,9379.0,3557.8,5,14.141688576210633,14.141688576210633,14.141688576210633,3.240597915198282e-07,25.123502751615924
1916,8723.0,3003.2,5,14.141006300655675,14.141006300655675,14.141006300655675,3.240441570308556e-07,25.123555134974367
2515,8291.6,3088.6,5,14.14074317913854,14.14074317913854,14.14074317913854,3.2403812754551316e-07,25.123575337441515
8587,8727.0,3873.5,4,14.138734960794697,14.138734960794697,14.138734960794697,3.239921087964561e-07,25.12372954080806
7691,8731.0,3683.8,5,14.138221325324537,14.138221325324537,14.138221325324537,3.2398033873077543e-07,25.123768984418643
8864,8147.8,3964.6,5,14.137397181006762,14.137397181006762,14.137397181006762,3.2396145328902916e-07,25.123832275930642
6162,8492.8,3474.6,5,14.132378560644497,14.132378560644497,14.132378560644497,3.238464505395662e-07,25.12421776875749
7175,9394.0,3602.8,5,14.132286585807247,14.132286585807247,14.132286585807247,3.2384434291667356e-07,25.124224834852924
7559,8646.5,3662.0,4,14.131374274997626,14.131374274997626,14.131374274997626,3.2382343712107677e-07,25.124294926896646
49,9426.2,2223.6,5,14.122191655874422,14.122191655874422,14.122191655874422,3.236130154573105e-07,25.125000671609506
2111,7991.2,3033.4,5,14.121356687385846,14.121356687385846,14.121356687385846,3.235938819773957e-07,25.125064867191952
3132,8141.8,3161.6,5,14.118858010287138,14.118858010287138,14.118858010287138,3.2353662426200204e-07,25.12525699775655
3799,8561.2,3229.2,5,14.117153735660189,14.117153735660189,14.117153735660189,3.2349757044764847e-07,25.125388063905998
7667,8250.2,3678.8,5,14.115709066095317,14.115709066095317,14.115709066095317,3.234644655383242e-07,25.125499177685914
7087,8014.2,3590.4,5,14.113603776574184,14.113603776574184,14.113603776574184,3.234162223826621e-07,25.125661122050026
2440,8391.8,3079.8,5,14.113170746970667,14.113170746970667,14.113170746970667,3.234062994175026e-07,25.12569443481255
3442,8406.2,3194.4,5,14.111782301572756,14.111782301572756,14.111782301572756,3.233744828968828e-07,25.12580125415326
5181,9160.4,3370.4,5,14.107240391681174,14.107240391681174,14.107240391681174,3.2327040406891004e-07,25.12615075711828
3550,8704.4,3205.0,5,14.105987880944014,14.105987880944014,14.105987880944014,3.2324170251985716e-07,25.126247158440517
6557,9026.4,3518.8,5,14.104512096397379,14.104512096397379,14.104512096397379,3.2320788460413e-07,25.126360755343477
227,8982.2,2519.2,5,14.104485790966507,14.104485790966507,14.104485790966507,3.2320728180960524e-07,25.126362780283095
7220,8327.5,3610.5,4,14.103079259140344,14.103079259140344,14.103079259140344,3.2317505083464806e-07,25.12647105779839
9691,9201.0,3205.4,5,14.10285988431415,14.10285988431415,14.10285988431415,3.231700238140021e-07,25.12648794666637
8092,8136.6,3757.6,5,14.099002682108798,14.099002682108798,14.099002682108798,3.230816352078056e-07,25.126784941526168
417,9184.0,2626.0,5,14.09813134506334,14.09813134506334,14.09813134506334,3.230616683347004e-07,25.126852043535628
5964,8676.0,3453.0,4,14.096515585412973,14.096515585412973,14.096515585412973,3.2302464285979884e-07,25.126976484799734
5027,9405.8,3354.4,5,14.09409595247537,14.09409595247537,14.09409595247537,3.2296919645811293e-07,25.12716286479972
5193,8123.8,3372.4,5,14.091865816530001,14.091865816530001,14.091865816530001,3.2291809242017413e-07,25.12733467652375
2276,8396.5,3056.5,4,14.09090650778499,14.09090650778499,14.09090650778499,3.228961096569251e-07,25.12740859091545
5219,8910.2,3374.8,5,14.090511799572937,14.090511799572937,14.090511799572937,3.2288706483457457e-07,25.127439004501557
1845,9342.6,2992.8,5,14.088773851461287,14.088773851461287,14.088773851461287,3.2284723938518087e-07,25.127572929343557
7135,8851.5,3596.5,4,14.088137615774016,14.088137615774016,14.088137615774016,3.22832659909536e-07,25.127621961269668
4689,8653.5,3320.5,4,14.086634672911998,14.086634672911998,14.086634672911998,3.2279821965525463e-07,25.127737795354417
4910,8293.4,3344.8,5,14.084418821483851,14.084418821483851,14.084418821483851,3.2274744295005607e-07,25.12790859692741
5163,8387.0,3370.0,5,14.08353095488696,14.08353095488696,14.08353095488696,3.227270972987758e-07,25.127977042726073
3994,8420.4,3252.0,5,14.082370655503123,14.082370655503123,14.082370655503123,3.2270050879243155e-07,25.128066496922674
6687,8244.8,3537.4,5,14.080840460793539,14.080840460793539,14.080840460793539,3.2266544405628635e-07,25.128184479761444
7761,8745.8,3695.6,5,14.080362632083762,14.080362632083762,14.080362632083762,3.2265449451011034e-07,25.128221324489147
2490,8818.6,3086.2,5,14.078888726365719,14.078888726365719,14.078888726365719,3.226207196481386e-07,25.128334983249573
982,8552.2,2831.8,5,14.074204592795066,14.074204592795066,14.074204592795066,3.225133817344109e-07,25.128696274521896
555,9175.2,2691.4,5,14.0719485691492,14.0719485691492,14.0719485691492,3.2246168447432745e-07,25.128870326481483
3555,8351.6,3205.8,5,14.071350513950406,14.071350513950406,14.071350513950406,3.2244797991266964e-07,25.128916471048967
8448,8888.4,3836.2,5,14.070440128285448,14.070440128285448,14.070440128285448,3.224271182321709e-07,25.128986718084036
1025,8601.0,2842.75,4,14.070067051636432,14.070067051636432,14.070067051636432,3.2241856910167285e-07,25.129015506678527
8245,8790.6,3789.8,5,14.068854784876322,14.068854784876322,14.068854784876322,3.223907897518852e-07,25.129109056951688
2658,8871.2,3107.8,5,14.065409135784932,14.065409135784932,14.065409135784932,3.2231183197253735e-07,25.129375000713118
8257,8393.8,3793.4,5,14.063393520543826,14.063393520543826,14.063393520543826,3.222656437220114e-07,25.12953060111123
8184,8138.2,3776.4,5,14.061040134198645,14.061040134198645,14.061040134198645,3.22211715375034e-07,25.129712304806752
4660,9463.5,3317.5,4,14.06089071944853,14.06089071944853,14.06089071944853,3.222082915043617e-07,25.12972384206602
984,9023.6,2831.0,5,14.057414921982772,14.057414921982772,14.057414921982772,3.2212864286862433e-07,25.12999226500845
9411,8488.0,3029.25,4,14.055003567895657,14.055003567895657,14.055003567895657,3.2207338617855224e-07,25.130178523934713
6018,9788.5,3457.5,4,14.05499424396013,14.05499424396013,14.05499424396013,3.220731725185931e-07,25.13017924420047
2179,8477.4,3043.2,5,14.054049329302511,14.054049329302511,14.054049329302511,3.220515195989081e-07,25.130252240498038
2410,8764.5,3076.0,4,14.053465021396875,14.053465021396875,14.053465021396875,3.2203813005938716e-07,25.130297381753866
162,8516.8,2468.6,5,14.052776129728842,14.052776129728842,14.052776129728842,3.2202234396078095e-07,25.13035060513733
3693,8432.0,3220.2,5,14.05186688596294,14.05186688596294,14.05186688596294,3.220015084471412e-07,25.13042085679471
2703,9143.8,3111.2,5,14.049654595843982,14.049654595843982,14.049654595843982,3.219508133500976e-07,25.130591805793618
6535,9131.0,3516.0,5,14.044072964392068,14.044072964392068,14.044072964392068,3.2182290908216667e-07,25.13102323159254
4394,8741.5,3292.0,4,14.042682985737798,14.042682985737798,14.042682985737798,3.2179105742665234e-07,25.13113069506413
6746,8785.6,3543.2,5,14.041775799280657,14.041775799280657,14.041775799280657,3.2177026905667897e-07,25.1312008381414
2788,8336.2,3121.8,5,14.041290378412715,14.041290378412715,14.041290378412715,3.2175914553458913e-07,25.131238372433955
6872,9176.8,3559.6,5,14.03930468955356,14.03930468955356,14.03930468955356,3.217136430534496e-07,25.131391925753192
9234,8341.2,4179.4,5,14.038267825226294,14.038267825226294,14.038267825226294,3.2168988308759275e-07,25.131472115102852
582,9032.0,2705.0,5,14.03704245279025,14.03704245279025,14.03704245279025,3.216618034184628e-07,25.13156689098998
2401,8612.2,3074.4,5,14.036718277526347,14.036718277526347,14.036718277526347,3.216543748735709e-07,25.131591965565782
8699,8534.8,3909.2,5,14.036111101971837,14.036111101971837,14.036111101971837,3.216404613170285e-07,25.131638931439678
8943,8571.6,3995.2,5,14.034795637284049,14.034795637284049,14.034795637284049,3.216103171648518e-07,25.13174069143282
2923,8132.6,3136.8,5,14.034675549216782,14.034675549216782,14.034675549216782,3.216075653213338e-07,25.13174998152322
3256,9028.2,3174.6,5,14.033053546682773,14.033053546682773,14.033053546682773,3.2157039678943015e-07,25.13187546847454
343,9090.4,2596.8,5,14.031956417070814,14.031956417070814,14.031956417070814,3.2154525583179944e-07,25.13196035662125
1432,8541.2,2927.0,5,14.031690866006059,14.031690866006059,14.031690866006059,3.2153917067285826e-07,25.13198090408625
7897,8990.6,3719.4,5,14.030467320788357,14.030467320788357,14.030467320788357,3.21511132874824e-07,25.13207558300104
7067,9422.25,3587.0,4,14.028727096570911,14.028727096570911,14.028727096570911,3.2147125526798347e-07,25.13221025717676
4701,8339.0,3323.0,5,14.028245784532793,14.028245784532793,14.028245784532793,3.214602259006001e-07,25.132247508373304
8122,8872.0,3764.0,5,14.02818140366119,14.02818140366119,14.02818140366119,3.2145875059927966e-07,25.132252491234638
7675,8276.8,3679.8,5,14.026106603883708,14.026106603883708,14.026106603883708,3.214112061225566e-07,25.13241308595296
3464,9354.4,3195.8,5,14.025226636782229,14.025226636782229,14.025226636782229,3.2139104148988824e-07,25.132481204793034
4058,9635.4,3257.2,5,14.01663342896663,14.01663342896663,14.01663342896663,3.211941263111808e-07,25.13314663548205
1811,9144.5,2986.5,4,14.014173351817185,14.014173351817185,14.014173351817185,3.21137753121807e-07,25.13333721114799
4246,8231.6,3276.4,5,14.012434665836782,14.012434665836782,14.012434665836782,3.210979107639944e-07,25.1334719227277
7943,9638.6,3730.8,5,14.008791442683348,14.008791442683348,14.008791442683348,3.2101442553313254e-07,25.133754250081026
8677,7958.4,3903.2,5,14.006941562315621,14.006941562315621,14.006941562315621,3.2097203513236305e-07,25.133897632522043
5303,9532.4,3383.8,5,14.005966597061738,14.005966597061738,14.005966597061738,3.209496935968944e-07,25.13397320875775
615,9241.2,2715.4,5,14.004974244452539,14.004974244452539,14.004974244452539,3.2092695362649285e-07,25.134050138209155
2614,8671.6,3103.4,5,14.002935793517288,14.002935793517288,14.002935793517288,3.208802420911948e-07,25.13420818070379
377,8463.5,2610.5,4,14.00245721590912,14.00245721590912,14.00245721590912,3.208692753838534e-07,25.134245288487698
2438,8125.6,3079.8,5,14.002342482649464,14.002342482649464,14.002342482649464,3.208666462468869e-07,25.1342541848237
8761,8988.0,3929.75,4,14.00228062363497,14.00228062363497,14.00228062363497,3.208652287344567e-07,25.134258981358286
7997,8919.5,3740.5,4,14.00225828534068,14.00225828534068,14.00225828534068,3.2086471684770775e-07,25.134260713469992
5173,8619.0,3371.6,5,14.001799848936244,14.001799848936244,14.001799848936244,3.208542116803194e-07,25.13429626124664
809,8926.2,2781.2,5,14.000761245602419,14.000761245602419,14.000761245602419,3.2083041186475865e-07,25.134376800254387
7099,8597.6,3593.0,5,14.000145204571048,14.000145204571048,14.000145204571048,3.208162951539346e-07,25.134424574282896
3984,9552.5,3249.5,4,13.998354409987545,13.998354409987545,13.998354409987545,3.2077525871643587e-07,25.134563462476475
6330,9115.6,3493.8,5,13.998274187587391,13.998274187587391,13.998274187587391,3.2077342040313056e-07,25.13456968468027
6831,8815.5,3554.5,4,13.99622828506692,13.99622828506692,13.99622828506692,3.2072653811317766e-07,25.13472838087028
3061,9372.8,3153.0,5,13.994529604176325,13.994529604176325,13.994529604176325,3.206876124804784e-07,25.134860161463916
6966,8605.0,3573.0,5,13.994420841147317,13.994420841147317,13.994420841147317,3.2068512015261276e-07,25.13486859964802
1853,9323.2,2994.0,5,13.993881107524896,13.993881107524896,13.993881107524896,3.206727520422407e-07,25.13491047488117
1799,8884.0,2986.0,5,13.991571808805546,13.991571808805546,13.991571808805546,3.2061983397255497e-07,25.135089660062874
1385,8788.6,2917.8,5,13.991400040193827,13.991400040193827,13.991400040193827,3.2061589785840544e-07,25.135102989269047
3746,9205.4,3224.2,5,13.991300148055629,13.991300148055629,13.991300148055629,3.206136088088832e-07,25.135110740952072
5989,9130.6,3455.4,5,13.990395086918483,13.990395086918483,13.990395086918483,3.20592869141068e-07,25.13518097669985
1378,8980.5,2914.5,4,13.990152732315902,13.990152732315902,13.990152732315902,3.2058731553397485e-07,25.135199784992533
7581,8834.4,3666.0,5,13.989875528615713,13.989875528615713,13.989875528615713,3.205809633524226e-07,25.135221298201213
4635,9036.8,3316.2,5,13.986763615086446,13.986763615086446,13.986763615086446,3.20509653194227e-07,25.135462836663454
2386,8717.5,3072.5,4,13.984155716619675,13.984155716619675,13.984155716619675,3.2044989264803115e-07,25.135665296207836
6433,8739.5,3505.5,4,13.98408885450587,13.98408885450587,13.98408885450587,3.2044836048851966e-07,25.135670487425145
1993,9142.0,3012.8,5,13.983391760880348,13.983391760880348,13.983391760880348,3.204323864403189e-07,25.135724611698826
6021,8327.8,3458.2,5,13.98146833953161,13.98146833953161,13.98146833953161,3.2038831083238016e-07,25.135873965437135
314,8037.8,2580.4,5,13.978609567135596,13.978609567135596,13.978609567135596,3.2032280145691466e-07,25.136095987186337
5124,8736.6,3366.0,5,13.970141809307847,13.970141809307847,13.970141809307847,3.2012876099127207e-07,25.136753887884954
457,8279.2,2643.6,5,13.967934272288957,13.967934272288957,13.967934272288957,3.200781748125241e-07,25.13692546755012
6536,9254.6,3516.2,5,13.96693383035004,13.96693383035004,13.96693383035004,3.200552494734173e-07,25.137003235308345
6077,8010.5,3464.5,4,13.965316554614358,13.965316554614358,13.965316554614358,3.2001818925709935e-07,25.137128963439594
279,8033.2,2561.0,5,13.963325249667363,13.963325249667363,13.963325249667363,3.199725580821164e-07,25.137283788861787
3178,9507.2,3164.8,5,13.961519178676078,13.961519178676078,13.961519178676078,3.1993117158249497e-07,25.137424231303385
1120,9142.5,2862.5,4,13.960545433046388,13.960545433046388,13.960545433046388,3.199088579949732e-07,25.137499958574953
2330,8816.6,3065.2,5,13.960395687183961,13.960395687183961,13.960395687183961,3.1990542653679214e-07,25.137511604636856
9736,8452.0,3227.8,5,13.958812933779946,13.958812933779946,13.958812933779946,3.198691574070225e-07,25.13763470645533
660,9180.4,2732.8,5,13.956905743060837,13.956905743060837,13.956905743060837,3.198254537274023e-07,25.137783060580855
4562,8954.25,3309.25,4,13.956836566038248,13.956836566038248,13.956836566038248,3.1982386852126536e-07,25.13778844201607
8270,8869.8,3794.8,5,13.955566213094357,13.955566213094357,13.955566213094357,3.19794758114263e-07,25.137887270353847
7730,8299.6,3691.2,5,13.950615004320287,13.950615004320287,13.950615004320287,3.196813001156337e-07,25.138272540315207
8501,8358.6,3848.8,5,13.948828735382005,13.948828735382005,13.948828735382005,3.1964036738425446e-07,25.138411569385358
2545,9272.5,3092.5,4,13.947187778199098,13.947187778199098,13.947187778199098,3.1960276450255333e-07,25.138539304227002
6328,8661.5,3493.5,4,13.946615780805473,13.946615780805473,13.946615780805473,3.1958965706102475e-07,25.13858383298968
6353,8633.0,3497.2,5,13.946272180056361,13.946272180056361,13.946272180056361,3.1958178337702137e-07,25.13861058244451
3659,9464.8,3216.4,5,13.944012016308328,13.944012016308328,13.944012016308328,3.1952999124561914e-07,25.138786553517306
1294,9711.2,2897.6,5,13.943792487573878,13.943792487573878,13.943792487573878,3.195249606981329e-07,25.138803647031782
5192,9364.2,3371.6,5,13.943287215860646,13.943287215860646,13.943287215860646,3.1951338228971525e-07,25.13884299082813
8714,9029.4,3911.8,5,13.942711354533715,13.942711354533715,13.942711354533715,3.1950018630533585e-07,25.138887832936984
6699,8351.5,3538.5,4,13.941709510270439,13.941709510270439,13.941709510270439,3.1947722883166904e-07,25.13896585059379
8953,8609.4,4001.2,5,13.94115890839883,13.94115890839883,13.94115890839883,3.1946461167306294e-07,25.139008730571383
633,9015.6,2724.8,5,13.940404280425913,13.940404280425913,13.940404280425913,3.1944731921309537e-07,25.13906750252086
5583,9032.4,3413.2,5,13.939151014741242,13.939151014741242,13.939151014741242,3.194186003642602e-07,25.139165116411363
768,8464.4,2767.2,5,13.936917940319658,13.936917940319658,13.936917940319658,3.1936742899051606e-07,25.139339067032346
531,9158.2,2680.0,5,13.93625757329713,13.93625757329713,13.93625757329713,3.1935229654020837e-07,25.139390513225447
5565,8187.4,3412.2,5,13.930182011889258,13.930182011889258,13.930182011889258,3.192130737626319e-07,25.139863947018025
7426,8693.2,3641.4,5,13.925468675333953,13.925468675333953,13.925468675333953,3.191050666563204e-07,25.14023137266172
160,9332.2,2465.4,5,13.924791078631378,13.924791078631378,13.924791078631378,3.19089539384242e-07,25.140284204576314
1148,8886.6,2868.8,5,13.92476319658575,13.92476319658575,13.92476319658575,3.1908890046125593e-07,25.140286378582122
6088,9332.5,3464.5,4,13.919633298629467,13.919633298629467,13.919633298629467,3.1897134776213713e-07,25.14068643868052
5755,9168.0,3430.6,5,13.918494838443344,13.918494838443344,13.918494838443344,3.1894525970563804e-07,25.140775242599833
1948,8889.6,3007.2,5,13.918087025926717,13.918087025926717,13.918087025926717,3.189359145953702e-07,25.140807055184887
8380,8932.2,3820.2,5,13.914215571476102,13.914215571476102,13.914215571476102,3.188471993959523e-07,25.14110910552905
7024,8292.0,3582.0,5,13.912100145431438,13.912100145431438,13.912100145431438,3.1879872395970474e-07,25.14127418628735
8228,7875.4,3786.8,5,13.911485367125536,13.911485367125536,13.911485367125536,3.187846361845025e-07,25.141322166233316
7063,9182.8,3587.0,5,13.91114823620427,13.91114823620427,13.91114823620427,3.187769107579757e-07,25.141348478282147
1433,8732.8,2926.8,5,13.9102714285637,13.9102714285637,13.9102714285637,3.187568185250238e-07,25.14141691345273
2227,8496.8,3050.2,5,13.901686186244198,13.901686186244198,13.901686186244198,3.18560085877348e-07,25.142087222881365
7054,9026.5,3585.5,4,13.899987463777215,13.899987463777215,13.899987463777215,3.18521159291917e-07,25.14221990298615
3794,9537.4,3228.6,5,13.898674473773847,13.898674473773847,13.898674473773847,3.184910718476584e-07,25.142322466252494
2244,9172.4,3052.0,5,13.89835517384805,13.89835517384805,13.89835517384805,3.184837550221726e-07,25.14234740960033
6124,8101.8,3470.4,5,13.897394945513179,13.897394945513179,13.897394945513179,3.184617511863271e-07,25.14242242500117
8017,8903.5,3743.5,4,13.895636215317978,13.895636215317978,13.895636215317978,3.1842144951108335e-07,25.142559834774055
5421,7880.6,3397.6,5,13.894037745539725,13.894037745539725,13.894037745539725,3.1838482023726646e-07,25.14268473847137
651,8695.5,2729.5,4,13.894004758071109,13.894004758071109,13.894004758071109,3.1838406432243034e-07,25.142687316248413
7101,8877.8,3591.8,5,13.892399329010743,13.892399329010743,13.892399329010743,3.183472755751886e-07,25.142812778503366
1502,8473.75,2937.0,4,13.891904342438679,13.891904342438679,13.891904342438679,3.1833593285296106e-07,25.142851464003538
2542,8420.5,3092.5,4,13.88890052660529,13.88890052660529,13.88890052660529,3.182670997763814e-07,25.14308625573335
6818,8361.0,3553.5,4,13.887718651799375,13.887718651799375,13.887718651799375,3.182400168646666e-07,25.143178650294317
3993,7999.6,3252.2,5,13.887549681074198,13.887549681074198,13.887549681074198,3.1823614486468025e-07,25.14319186043736
6644,9256.5,3529.5,4,13.887532581915764,13.887532581915764,13.887532581915764,3.1823575303384005e-07,25.14319319725971
4576,8875.25,3310.5,4,13.884457858743673,13.884457858743673,13.884457858743673,3.1816529510056285e-07,25.14343360770406
23,9560.2,2114.8,5,13.882618744476567,13.882618744476567,13.882618744476567,3.181231514072714e-07,25.143577432203553
5621,8672.5,3416.0,4,13.882490292868198,13.882490292868198,13.882490292868198,3.181202079114361e-07,25.143587478233744
373,8876.6,2609.8,5,13.881996155106034,13.881996155106034,13.881996155106034,3.1810888463986733e-07,25.14362612496035
478,8925.8,2652.4,5,13.880545955017121,13.880545955017121,13.880545955017121,3.1807565299741227e-07,25.143739553675623
8815,8824.4,3945.8,5,13.880460803776696,13.880460803776696,13.880460803776696,3.1807370173868734e-07,25.143746214225466
7480,9299.2,3649.6,5,13.877630454018597,13.877630454018597,13.877630454018597,3.1800884367399477e-07,25.143967628096227
7597,8104.2,3668.6,5,13.874719202380824,13.874719202380824,13.874719202380824,3.179421317255797e-07,25.144195417912584
8935,9046.2,3991.6,5,13.874109035758291,13.874109035758291,13.874109035758291,3.179281496280795e-07,25.1442431662346
5714,9475.2,3426.2,5,13.873330684706652,13.873330684706652,13.873330684706652,3.1791031354873403e-07,25.144304078803508
3252,8882.8,3174.0,5,13.87147490687093,13.87147490687093,13.87147490687093,3.178677880062353e-07,25.144449322941593
5424,8799.5,3398.0,4,13.870840438760467,13.870840438760467,13.870840438760467,3.1785324903498774e-07,25.14449898462194
2132,9076.0,3035.5,4,13.868482344708653,13.868482344708653,13.868482344708653,3.177992128099148e-07,25.144683579473977
1472,8694.2,2932.4,5,13.866762810632373,13.866762810632373,13.866762810632373,3.1775980932204505e-07,25.144818206760945
556,8711.4,2692.8,5,13.865273549752677,13.865273549752677,13.865273549752677,3.17725682593289e-07,25.14493481878582
781,9137.2,2770.6,5,13.864893656296651,13.864893656296651,13.864893656296651,3.177169772542133e-07,25.14496456718771
1841,8212.4,2992.8,5,13.8612945815775,13.8612945815775,13.8612945815775,3.1763450369408166e-07,25.145246441184568
3831,8956.8,3232.6,5,13.860887390823223,13.860887390823223,13.860887390823223,3.1762517283162995e-07,25.145278336346692
6959,9446.5,3570.5,4,13.860448198430689,13.860448198430689,13.860448198430689,3.1761510864485375e-07,25.145312739240442
3455,8584.4,3196.2,5,13.85945185435456,13.85945185435456,13.85945185435456,3.1759227720914136e-07,25.14539078907715
1434,8895.4,2926.8,5,13.858837886723961,13.858837886723961,13.858837886723961,3.175782080107356e-07,25.14543888777959
2183,8920.6,3043.2,5,13.858624815439732,13.858624815439732,13.858624815439732,3.1757332543709e-07,25.145455580448033
399,8694.2,2618.4,5,13.857525765489946,13.857525765489946,13.857525765489946,3.1754814047451083e-07,25.145541687522567
6332,9440.6,3493.8,5,13.855921928985296,13.855921928985296,13.855921928985296,3.175113882210209e-07,25.145667355276412
8315,8130.5,3805.5,4,13.849264510558577,13.849264510558577,13.849264510558577,3.1735883206651387e-07,25.146189149300145
3672,9028.6,3217.2,5,13.845201449050059,13.845201449050059,13.845201449050059,3.1726572615074665e-07,25.146507726522035
8689,9183.2,3906.0,5,13.84351972371789,13.84351972371789,13.84351972371789,3.17227189058263e-07,25.14663961488701
7190,8168.8,3605.4,5,13.840674022647335,13.840674022647335,13.840674022647335,3.1716197921499136e-07,25.14686282389352
8847,7637.5,3957.5,4,13.840451428989192,13.840451428989192,13.840451428989192,3.1715687843412897e-07,25.146880285466317
1765,9574.2,2979.6,5,13.838668236233126,13.838668236233126,13.838668236233126,3.171160161941173e-07,25.14702017986769
6108,8616.6,3467.8,5,13.83820649157856,13.83820649157856,13.83820649157856,3.17105435217476e-07,25.14705640743267
7827,8422.4,3706.8,5,13.837192971325663,13.837192971325663,13.837192971325663,3.1708221018603194e-07,25.147135930449842
8983,9012.4,4010.2,5,13.836153481389204,13.836153481389204,13.836153481389204,3.170583900537839e-07,25.14721749715598
480,8672.2,2654.4,5,13.835247012423228,13.835247012423228,13.835247012423228,3.1703761812527265e-07,25.1472886309734
4102,8601.8,3260.8,5,13.832814337819599,13.832814337819599,13.832814337819599,3.169818728710451e-07,25.147479554570463
2481,8643.6,3085.2,5,13.831731459641212,13.831731459641212,13.831731459641212,3.169570584880357e-07,25.147564552896682
1097,8334.0,2858.6,5,13.831434674753488,13.831434674753488,13.831434674753488,3.169502575994202e-07,25.1475878495863
5272,8997.0,3380.8,5,13.830949983568132,13.830949983568132,13.830949983568132,3.1693915079816155e-07,25.14762589741006
9168,8362.5,4119.5,4,13.830012969487415,13.830012969487415,13.830012969487415,3.1691767892187096e-07,25.14769945595637
6721,8961.5,3540.5,4,13.826499583521631,13.826499583521631,13.826499583521631,3.168371689376873e-07,25.14797531216619
2162,8902.6,3040.6,5,13.824303216188,13.824303216188,13.824303216188,3.1678683871464486e-07,25.14814779725137
2176,8867.5,3041.5,4,13.820615689964981,13.820615689964981,13.820615689964981,3.1670233826955196e-07,25.14843744763983
2022,8458.8,3018.4,5,13.820410528731141,13.820410528731141,13.820410528731141,3.1669763695638784e-07,25.148453565057295
5648,8931.5,3418.5,4,13.819369933512817,13.819369933512817,13.819369933512817,3.1667379149637155e-07,25.148535317653348
6601,9439.0,3526.0,5,13.818947705543097,13.818947705543097,13.818947705543097,3.1666411605294033e-07,25.148568491032385
229,9611.6,2518.8,5,13.818189454005168,13.818189454005168,13.818189454005168,3.1664674055821234e-07,25.148628067474217
1506,9092.8,2936.4,5,13.817089137341892,13.817089137341892,13.817089137341892,3.1662152656862504e-07,25.148714526066243
7224,9012.8,3611.8,5,13.816938212242455,13.816938212242455,13.816938212242455,3.1661806808797794e-07,25.148726385708894
6283,8935.5,3487.0,4,13.81659323664286,13.81659323664286,13.81659323664286,3.1661016289898426e-07,25.148753494259893
3118,8560.4,3159.8,5,13.81555608193117,13.81555608193117,13.81555608193117,3.1658639627890683e-07,25.148834999061272
504,9211.5,2665.5,4,13.813674128515276,13.813674128515276,13.813674128515276,3.165432709174397e-07,25.148982907993002
3386,8435.75,3189.25,4,13.813584237147634,13.813584237147634,13.813584237147634,3.1654121103769477e-07,25.148989973356567
1970,8772.0,3010.0,4,13.809040403519226,13.809040403519226,13.809040403519226,3.1643708812688487e-07,25.149347173643463
771,8588.2,2767.6,5,13.807605588746686,13.807605588746686,13.807605588746686,3.164042090422159e-07,25.14945999185807
4327,7833.8,3284.4,5,13.80728998198401,13.80728998198401,13.80728998198401,3.1639697684634594e-07,25.14948480931123
858,8394.4,2792.8,5,13.806703303121035,13.806703303121035,13.806703303121035,3.16383532975835e-07,25.14953094378194
632,9132.0,2724.0,5,13.804469374857067,13.804469374857067,13.804469374857067,3.163323420361116e-07,25.149706630401887
853,8837.6,2790.8,5,13.803624346494,13.803624346494,13.803624346494,3.163129780320404e-07,25.149773094816084
6011,8457.4,3458.2,5,13.80252613632338,13.80252613632338,13.80252613632338,3.162878123131788e-07,25.14985947893864
5433,8428.2,3398.4,5,13.800799383712295,13.800799383712295,13.800799383712295,3.1624824341105384e-07,25.149995317486614
4043,8494.2,3256.0,5,13.796760256742651,13.796760256742651,13.796760256742651,3.1615568596031864e-07,25.15031313011027
6658,9110.4,3533.0,5,13.7955889953937,13.7955889953937,13.7955889953937,3.161288462582201e-07,25.150405306448057
8509,9514.4,3850.8,5,13.79527404467606,13.79527404467606,13.79527404467606,3.161216290957612e-07,25.15043009388558
9261,8435.4,4208.8,5,13.793315085395776,13.793315085395776,13.793315085395776,3.1607673912858763e-07,25.150584281764328
1920,8214.8,3003.4,5,13.79147544649333,13.79147544649333,13.79147544649333,3.160345834131661e-07,25.15072909798548
8265,8874.8,3793.4,5,13.790805111334901,13.790805111334901,13.790805111334901,3.1601922254091114e-07,25.150781871515168
8856,8602.2,3961.4,5,13.783960398009011,13.783960398009011,13.783960398009011,3.158623744840863e-07,25.15132088267878
346,9384.75,2599.0,4,13.782861685899215,13.782861685899215,13.782861685899215,3.158371972631822e-07,25.15140742958021
7700,8714.5,3684.5,4,13.782397421278837,13.782397421278837,13.782397421278837,3.1582655854099004e-07,25.151444002347766
4212,8379.6,3272.2,5,13.78017843757858,13.78017843757858,13.78017843757858,3.157757100591121e-07,25.151618821345725
6300,8685.5,3490.0,4,13.779187052544472,13.779187052544472,13.779187052544472,3.1575299226089886e-07,25.151696935090776
4915,8648.5,3345.0,4,13.778481895574458,13.778481895574458,13.778481895574458,3.157368334394498e-07,25.151752499620127
8531,8283.0,3858.8,5,13.777314368344037,13.777314368344037,13.777314368344037,3.1571007930546886e-07,25.151844503971788
1357,9630.6,2909.8,5,13.777271467396512,13.777271467396512,13.777271467396512,3.1570909622116207e-07,25.151847884832762
6533,9081.5,3515.5,4,13.777026422762376,13.777026422762376,13.777026422762376,3.157034809714256e-07,25.151867196072853
4100,8103.8,3260.4,5,13.775733166152325,13.775733166152325,13.775733166152325,3.15673845722058e-07,25.151969119476938
4877,8385.8,3342.2,5,13.774591793160486,13.774591793160486,13.774591793160486,3.1564769091799846e-07,25.1520590806649
4685,9382.8,3319.6,5,13.773023328268348,13.773023328268348,13.773023328268348,3.156117492125074e-07,25.15218271671206
3120,8833.2,3159.4,5,13.771932633279135,13.771932633279135,13.771932633279135,3.155867557056209e-07,25.15226870029761
7624,8750.5,3671.0,4,13.766931437143398,13.766931437143398,13.766931437143398,3.154721522360025e-07,25.15266305060614
496,8594.8,2663.4,5,13.76575100351503,13.76575100351503,13.76575100351503,3.1544510234917674e-07,25.152756150109337
3880,8710.5,3238.5,4,13.76221112925117,13.76221112925117,13.76221112925117,3.153639853800276e-07,25.153035383977155
8937,8138.5,3992.5,4,13.760867810297528,13.760867810297528,13.760867810297528,3.1533320294144427e-07,25.153141367034273
5976,8778.5,3453.5,4,13.76038104683684,13.76038104683684,13.76038104683684,3.153220486535571e-07,25.153179773482705
7602,9041.2,3667.8,5,13.759328122456832,13.759328122456832,13.759328122456832,3.152979206681873e-07,25.153262855619495
8504,8638.8,3848.6,5,13.759161624686683,13.759161624686683,13.759161624686683,3.1529410533648964e-07,25.153275993888254
1648,8962.0,2962.0,5,13.7527242085296,13.7527242085296,13.7527242085296,3.15146590580628e-07,25.15378408962235
1545,8653.8,2945.8,5,13.752556418493345,13.752556418493345,13.752556418493345,3.151427456363786e-07,25.153797336221764
158,8188.4,2466.2,5,13.75075241967095,13.75075241967095,13.75075241967095,3.1510140662094654e-07,25.15393976758151
2687,8851.75,3109.75,4,13.749686854206985,13.749686854206985,13.749686854206985,3.1507698896245815e-07,25.154023906092302
4892,8808.25,3342.25,4,13.744698308888474,13.744698308888474,13.744698308888474,3.149626753889982e-07,25.15441789521326
3081,8641.5,3154.5,4,13.743152937186451,13.743152937186451,13.743152937186451,3.14927262868854e-07,25.15453997576393
5665,8338.6,3420.8,5,13.742881844891468,13.742881844891468,13.742881844891468,3.1492105073144753e-07,25.154561392801483
1140,9103.5,2865.5,4,13.74184558850067,13.74184558850067,13.74184558850067,3.148973046965838e-07,25.154643263803052
1750,9274.6,2978.6,5,13.73824396962354,13.73824396962354,13.73824396962354,3.148147728365328e-07,25.154927863169057
1059,8029.2,2850.6,5,13.736938847971865,13.736938847971865,13.736938847971865,3.1478486569722123e-07,25.15503101209726
8725,8654.6,3918.2,5,13.73440990009145,13.73440990009145,13.73440990009145,3.147269143204478e-07,25.155230912750604
5259,8378.5,3379.5,4,13.733435215529493,13.733435215529493,13.733435215529493,3.1470457921709414e-07,25.155307966506598
4762,9097.0,3330.6,5,13.73219897719786,13.73219897719786,13.73219897719786,3.146762505536634e-07,25.155405705281233
16,9262.0,2053.0,5,13.729577405801233,13.729577405801233,13.729577405801233,3.146161766893814e-07,25.155612999590794
6998,9395.2,3576.6,5,13.729495087835568,13.729495087835568,13.729495087835568,3.146142903557482e-07,25.15561950932237
352,8682.6,2603.2,5,13.729211234186243,13.729211234186243,13.729211234186243,3.146077857892018e-07,25.155641956860887
8546,8899.4,3861.2,5,13.729144661558433,13.729144661558433,13.729144661558433,3.146062602633233e-07,25.1556472215834
2827,8698.0,3126.0,5,13.728639638664973,13.728639638664973,13.728639638664973,3.145946875566634e-07,25.15568716083223
6588,9117.8,3522.6,5,13.727964368195622,13.727964368195622,13.727964368195622,3.1457921359071247e-07,25.155740566242205
3873,9192.6,3238.2,5,13.725056229920213,13.725056229920213,13.725056229920213,3.145125729856559e-07,25.155970593463767
6539,9074.2,3517.2,5,13.724772768568393,13.724772768568393,13.724772768568393,3.1450607740869e-07,25.1559930172284
3478,8444.0,3198.5,4,13.724695187913166,13.724695187913166,13.724695187913166,3.145042996315297e-07,25.155999154478586
2222,8527.6,3048.8,5,13.71654952393514,13.71654952393514,13.71654952393514,3.143176400147319e-07,25.15664373475513
7154,8751.25,3599.25,4,13.714907957815377,13.714907957815377,13.714907957815377,3.142800231791136e-07,25.15677368102372
9225,8676.6,4173.2,5,13.711437272342547,13.711437272342547,13.711437272342547,3.1420049168577775e-07,25.15704847147514
4595,7926.4,3312.2,5,13.709403405878788,13.709403405878788,13.709403405878788,3.1415388520461584e-07,25.15720953455014
4051,9373.4,3255.8,5,13.708984056652778,13.708984056652778,13.708984056652778,3.1414427572820696e-07,25.15724274603187
8665,8459.2,3901.6,5,13.708264028167516,13.708264028167516,13.708264028167516,3.141277761228335e-07,25.15729977298021
8976,8117.5,4007.5,4,13.705652043445156,13.705652043445156,13.705652043445156,3.140679219392245e-07,25.15750666982636
1738,9505.5,2975.5,4,13.705195626996995,13.705195626996995,13.705195626996995,3.1405746305956246e-07,25.157542826888573
9072,8905.2,4059.4,5,13.70455872778434,13.70455872778434,13.70455872778434,3.140428683790927e-07,25.15759328370954
9023,8670.4,4032.2,5,13.704095891020772,13.704095891020772,13.704095891020772,3.140322623765421e-07,25.157629952319375
6402,8413.4,3503.0,5,13.703740057932972,13.703740057932972,13.703740057932972,3.1402410838590464e-07,25.157658144320155
4755,8415.2,3329.6,5,13.702149777735805,13.702149777735805,13.702149777735805,3.139876667780744e-07,25.15778414824107
777,8998.0,2770.2,5,13.70144874083232,13.70144874083232,13.70144874083232,3.1397160236882317e-07,25.157839698693444
426,9136.25,2628.75,4,13.69901246272355,13.69901246272355,13.69901246272355,3.1391577453951146e-07,25.158032772476755
8614,8543.5,3884.5,4,13.697910493293687,13.697910493293687,13.697910493293687,3.138905226764275e-07,25.15812011426394
1554,8746.5,2946.5,4,13.697217163745243,13.697217163745243,13.697217163745243,3.138746348828509e-07,25.158175070970266
1917,8839.8,3003.2,5,13.695747576171549,13.695747576171549,13.695747576171549,3.1384095897207226e-07,25.158291566899166
5768,9699.2,3431.2,5,13.695258720045588,13.695258720045588,13.695258720045588,3.1382975673031674e-07,25.1583303218678
2325,9071.8,3063.4,5,13.693557399794933,13.693557399794933,13.693557399794933,3.1379077061612223e-07,25.158465207945852
1375,8959.5,2913.5,4,13.69334413571357,13.69334413571357,13.69334413571357,3.1378588362448944e-07,25.158482117382214
493,9450.4,2660.8,5,13.689982913200769,13.689982913200769,13.689982913200769,3.1370886049808694e-07,25.158748659207916
1608,9209.8,2954.6,5,13.688258877779376,13.688258877779376,13.688258877779376,3.136693538609397e-07,25.15888539900969
1067,9540.8,2852.0,5,13.687076794438191,13.687076794438191,13.687076794438191,3.1364226617059504e-07,25.15897916448506
2989,8210.8,3145.4,5,13.68603194547647,13.68603194547647,13.68603194547647,3.136183232351471e-07,25.159062050967385
4774,8610.5,3332.0,4,13.685112553418776,13.685112553418776,13.685112553418776,3.135972551712497e-07,25.159134990353884
8705,7915.2,3910.4,5,13.680562522561702,13.680562522561702,13.680562522561702,3.134929902496312e-07,25.159496036318664
609,8913.6,2714.6,5,13.676693983845215,13.676693983845215,13.676693983845215,3.1340434186487883e-07,25.159803100191898
1901,8830.5,3000.5,4,13.67623483490275,13.67623483490275,13.67623483490275,3.1339382036953053e-07,25.15983955074047
2859,9281.4,3129.2,5,13.674658376024851,13.674658376024851,13.674658376024851,3.1335769548016116e-07,25.15996471071004
73,9524.0,2388.2,5,13.674122468045923,13.674122468045923,13.674122468045923,3.133454150352207e-07,25.160007261396192
411,8502.6,2623.8,5,13.671388933203994,13.671388933203994,13.671388933203994,3.132827755048553e-07,25.160224327934916
5108,8942.5,3363.5,4,13.66985475325481,13.66985475325481,13.66985475325481,3.132476194460999e-07,25.16034617423688
5514,8778.75,3406.75,4,13.66971675005027,13.66971675005027,13.66971675005027,3.132444570734135e-07,25.160357135277405
1133,9269.5,2864.5,4,13.664311308569015,13.664311308569015,13.664311308569015,3.131205902360095e-07,25.160786554869922
3396,9427.8,3189.6,5,13.663002931409935,13.663002931409935,13.663002931409935,3.1309060849605557e-07,25.16089052062665
7333,7860.8,3628.4,5,13.662073421258922,13.662073421258922,13.662073421258922,3.130693085739049e-07,25.16096438704964
6890,9124.8,3562.4,5,13.660928620430159,13.660928620430159,13.660928620430159,3.130430752202356e-07,25.16105536912444
2305,9133.75,3061.25,4,13.658958689850301,13.658958689850301,13.658958689850301,3.1299793384340656e-07,25.16121194553567
8734,8782.8,3919.4,5,13.658549978682352,13.658549978682352,13.658549978682352,3.1298856814035325e-07,25.161244434040952
10553,8576.5,3497.5,4,13.658065881192236,13.658065881192236,13.658065881192236,3.129774749437469e-07,25.16128291627275
3973,8983.5,3248.5,4,13.655571290102827,13.655571290102827,13.655571290102827,3.1292031086012245e-07,25.161481239758736
2198,8971.75,3044.25,4,13.65518453902719,13.65518453902719,13.65518453902719,3.129114483772396e-07,25.161511990254816
7732,8646.5,3690.5,4,13.654450350353088,13.654450350353088,13.654450350353088,3.128946242881371e-07,25.1615703678368
3572,8269.4,3208.2,5,13.648885970001086,13.648885970001086,13.648885970001086,3.127671153328176e-07,25.162012910771328
5703,9235.2,3426.0,5,13.646314994895395,13.646314994895395,13.646314994895395,3.1270820089326796e-07,25.16221744495048
1117,8622.6,2863.6,5,13.645469846976976,13.645469846976976,13.645469846976976,3.126888341495605e-07,25.162284689192585
7460,9452.4,3647.2,5,13.644275601428316,13.644275601428316,13.644275601428316,3.126614677596533e-07,25.162379716508454
7849,8891.5,3710.5,4,13.644147034823053,13.644147034823053,13.644147034823053,3.126585216286398e-07,25.162389947178063
1623,9273.0,2957.25,4,13.642315689402452,13.642315689402452,13.642315689402452,3.1261655596011285e-07,25.162535686700966
4957,9182.8,3348.0,5,13.641483453458946,13.641483453458946,13.641483453458946,3.1259748509704765e-07,25.162601922982084
3453,8371.2,3196.2,5,13.64141092718718,13.64141092718718,13.64141092718718,3.125958231421558e-07,25.16260769541942
6875,8605.5,3560.5,4,13.637491361778942,13.637491361778942,13.637491361778942,3.125060054699452e-07,25.162919703142812
2025,8823.5,3018.5,4,13.636923490056091,13.636923490056091,13.636923490056091,3.12492992569037e-07,25.162964914663768
9304,8636.4,4269.2,5,13.635774992094218,13.635774992094218,13.635774992094218,3.124666744947788e-07,25.163056358920358
8625,8409.8,3887.6,5,13.634327798064412,13.634327798064412,13.634327798064412,3.124335117368054e-07,25.16317159654649
3434,8346.6,3194.6,5,13.634141842895467,13.634141842895467,13.634141842895467,3.124292505346897e-07,25.1631864047306
3225,8686.5,3170.5,4,13.634129079934908,13.634129079934908,13.634129079934908,3.1242895806874295e-07,25.16318742109195
8956,8845.2,4000.8,5,13.633853406136751,13.633853406136751,13.633853406136751,3.124226409452201e-07,25.163209374239642
8811,8493.6,3944.6,5,13.633101783666604,13.633101783666604,13.633101783666604,3.1240541735698556e-07,25.163269231581445
8508,9285.8,3851.0,5,13.63014793465631,13.63014793465631,13.63014793465631,3.1233772928074925e-07,25.163504500733843
4324,9152.2,3283.4,5,13.629902449085712,13.629902449085712,13.629902449085712,3.1233210392686024e-07,25.163524055545224
2794,9745.2,3121.6,5,13.628985435071726,13.628985435071726,13.628985435071726,3.1231109035633845e-07,25.16359710587067
2219,9056.8,3047.2,5,13.62380652565895,13.62380652565895,13.62380652565895,3.1219241454930453e-07,25.164009755666434
8574,8661.0,3870.2,5,13.623491247489337,13.623491247489337,13.623491247489337,3.121851898832143e-07,25.164034881748748
1788,9145.25,2983.0,4,13.622296273438291,13.622296273438291,13.622296273438291,3.1215780679952053e-07,25.164130120441396
6272,8948.0,3486.25,4,13.621029995981985,13.621029995981985,13.621029995981985,3.121287897831801e-07,25.16423105108892
7221,8636.5,3610.5,4,13.620094296427759,13.620094296427759,13.620094296427759,3.1210734802954273e-07,25.16430563853049
7543,8485.8,3659.8,5,13.618615067647575,13.618615067647575,13.618615067647575,3.120734511884736e-07,25.164423562784673
3795,9814.2,3228.6,5,13.615307409549267,13.615307409549267,13.615307409549267,3.1199765550198397e-07,25.164687295941064
7044,8735.8,3584.6,5,13.61495547374841,13.61495547374841,13.61495547374841,3.11989590818503e-07,25.164715360998123
1975,8327.4,3010.8,5,13.6125034901406,13.6125034901406,13.6125034901406,3.1193340309435145e-07,25.164910914126107
93,9062.5,2405.5,4,13.612057713270907,13.612057713270907,13.612057713270907,3.119231880228854e-07,25.164946469967248
6274,9106.5,3486.5,4,13.609522291745762,13.609522291745762,13.609522291745762,3.118650883011707e-07,25.165148721192317
3826,8472.5,3232.5,4,13.606193733105265,13.606193733105265,13.606193733105265,3.1178881367432626e-07,25.165414298378703
1289,8958.6,2896.4,5,13.60597130582962,13.60597130582962,13.60597130582962,3.1178371670615404e-07,25.16543204759827
9281,8235.0,4235.0,5,13.605206621086943,13.605206621086943,13.605206621086943,3.117661937931755e-07,25.16549307001434
947,8383.4,2823.2,5,13.601820165911171,13.601820165911171,13.601820165911171,3.116885924549522e-07,25.16576335291132
2170,8947.6,3040.8,5,13.599495821796445,13.599495821796445,13.599495821796445,3.1163532961684206e-07,25.16594890456367
2426,9684.8,3077.2,5,13.597087013031633,13.597087013031633,13.597087013031633,3.1158013125337015e-07,25.166141232468174
7987,9069.8,3736.4,5,13.594092571841124,13.594092571841124,13.594092571841124,3.1151151299871934e-07,25.166380366869575
8897,8818.5,3977.5,4,13.591169001632322,13.591169001632322,13.591169001632322,3.114445187676378e-07,25.166613892379456
5467,9140.2,3401.6,5,13.591065512488363,13.591065512488363,13.591065512488363,3.1144214729196606e-07,25.166622159684362
4853,9135.8,3338.4,5,13.588086763734665,13.588086763734665,13.588086763734665,3.113738886328313e-07,25.166860146163618
5934,8883.0,3448.5,4,13.58770950863152,13.58770950863152,13.58770950863152,3.113652437521711e-07,25.166890290599486
7884,8805.4,3717.2,5,13.587404148634292,13.587404148634292,13.587404148634292,3.1135824636310354e-07,25.16691469089519
7904,9062.5,3721.5,4,13.584301095467463,13.584301095467463,13.584301095467463,3.112871392419915e-07,25.167162676595968
1670,9772.8,2965.6,5,13.583617557297703,13.583617557297703,13.583617557297703,3.1127147581993304e-07,25.167217310309198
3215,8465.5,3169.5,4,13.581664269032995,13.581664269032995,13.581664269032995,3.112267158052836e-07,25.167373447529094
1344,9517.5,2907.5,4,13.579763356316363,13.579763356316363,13.579763356316363,3.11183155987421e-07,25.167525419641187
2246,9608.8,3051.6,5,13.578080518504176,13.578080518504176,13.578080518504176,3.111445934022219e-07,25.16765997509045
8879,8716.5,3968.5,4,13.578065503683582,13.578065503683582,13.578065503683582,3.1114424933442515e-07,25.16766117571254
1252,9465.2,2887.8,5,13.576480920639439,13.576480920639439,13.576480920639439,3.111079382780641e-07,25.167787890344812
5326,8478.5,3386.5,4,13.575578459946584,13.575578459946584,13.575578459946584,3.110872581999811e-07,25.167860064188737
2091,8305.2,3030.0,5,13.575325743978702,13.575325743978702,13.575325743978702,3.110814671600056e-07,25.167880275882155
1465,9335.4,2931.0,5,13.573187783299755,13.573187783299755,13.573187783299755,3.110324753378365e-07,25.16805128055362
488,8960.2,2658.6,5,13.573077519325974,13.573077519325974,13.573077519325974,3.110299486155032e-07,25.16806010074211
8418,8043.5,3829.5,4,13.571432418427639,13.571432418427639,13.571432418427639,3.1099225077968463e-07,25.168191703457513
3300,8447.2,3180.6,5,13.570817143783263,13.570817143783263,13.570817143783263,3.1097815163078105e-07,25.16824092752465
3977,9383.2,3248.4,5,13.569240989589012,13.569240989589012,13.569240989589012,3.109420337233021e-07,25.16836703541038
2405,9026.5,3074.5,4,13.568520654178037,13.568520654178037,13.568520654178037,3.109255270846608e-07,25.168424674227147
2757,9236.5,3116.5,4,13.561670980349966,13.561670980349966,13.561670980349966,3.1076856535687696e-07,25.168972915030174
2034,8874.8,3019.6,5,13.55901901079713,13.55901901079713,13.55901901079713,3.1070779491240155e-07,25.16918525028916
3724,8656.0,3222.5,4,13.558365608871995,13.558365608871995,13.558365608871995,3.10692822068777e-07,25.169237572600952
7689,8908.0,3681.5,4,13.558144533647145,13.558144533647145,13.558144533647145,3.1068775608313543e-07,25.16925527616047
1577,8901.5,2949.5,4,13.55697926162049,13.55697926162049,13.55697926162049,3.106610536276269e-07,25.169348595153814
7679,7962.4,3681.2,5,13.556377566440913,13.556377566440913,13.556377566440913,3.106472656550378e-07,25.16939678411433
1663,8891.5,2965.5,4,13.552519014712047,13.552519014712047,13.552519014712047,3.1055884612422394e-07,25.16970586119725
6306,8130.6,3490.8,5,13.547331691766574,13.547331691766574,13.547331691766574,3.104399775193047e-07,25.170121513996037
1946,9632.5,3005.5,4,13.546889113372204,13.546889113372204,13.546889113372204,3.104298357415787e-07,25.170156984540824
4459,9291.6,3297.8,5,13.545217476071745,13.545217476071745,13.545217476071745,3.1039152981848016e-07,25.1702909687428
8293,8293.6,3801.2,5,13.542283224351433,13.542283224351433,13.542283224351433,3.103242908182981e-07,25.170526193348742
267,9110.2,2552.2,5,13.539667230061188,13.539667230061188,13.539667230061188,3.1026434475459106e-07,25.170735947792092
9024,8540.4,4033.0,5,13.539449237783126,13.539449237783126,13.539449237783126,3.102593494153287e-07,25.17075342857725
6394,8344.6,3501.8,5,13.539008922423033,13.539008922423033,13.539008922423033,3.102492594955128e-07,25.170788738292835
730,8605.0,2754.75,4,13.531458110368053,13.531458110368053,13.531458110368053,3.1007623103663e-07,25.171394430852633
467,9056.5,2647.5,4,13.53052139987616,13.53052139987616,13.53052139987616,3.100547661171417e-07,25.171469593166197
9819,8517.0,3250.2,5,13.529081650327143,13.529081650327143,13.529081650327143,3.100217739510237e-07,25.1715851298361
8277,8852.6,3796.8,5,13.528455578582427,13.528455578582427,13.528455578582427,3.1000742738427703e-07,25.171635374524254
7728,9082.2,3689.4,5,13.52712330400703,13.52712330400703,13.52712330400703,3.099768980299624e-07,25.17174230247051
4373,8634.0,3289.25,4,13.526970011240238,13.526970011240238,13.526970011240238,3.0997338529371594e-07,25.171754606376236
1712,8586.8,2972.4,5,13.525150656454361,13.525150656454361,13.525150656454361,3.099316943931255e-07,25.171900645896585
8421,8786.8,3830.2,5,13.524695650555593,13.524695650555593,13.524695650555593,3.0992126783650174e-07,25.17193717226883
9756,9035.25,3234.0,4,13.524212432107888,13.524212432107888,13.524212432107888,3.099101947833385e-07,25.171975964796935
3047,8732.5,3151.5,4,13.523980275191107,13.523980275191107,13.523980275191107,3.099048748583772e-07,25.17199460272757
1759,8646.6,2979.8,5,13.523506103400983,13.523506103400983,13.523506103400983,3.0989400911129024e-07,25.172032670995552
2275,8245.6,3056.8,5,13.523377275062705,13.523377275062705,13.523377275062705,3.098910569826092e-07,25.172043014042412
2171,8970.4,3040.4,5,13.520709120383039,13.520709120383039,13.520709120383039,3.098299156525215e-07,25.17225725031593
3545,9157.2,3204.2,5,13.520131107602026,13.520131107602026,13.520131107602026,3.098166703671158e-07,25.172303666728876
7249,8777.0,3614.0,5,13.519146688310592,13.519146688310592,13.519146688310592,3.097941121903725e-07,25.172382723549397
1763,8922.5,2979.5,4,13.517601967403508,13.517601967403508,13.517601967403508,3.097587145833323e-07,25.17250678871997
2270,8701.5,3056.0,4,13.517048766324152,13.517048766324152,13.517048766324152,3.097460378633297e-07,25.172551222838713
2563,8361.5,3095.5,4,13.515958713535284,13.515958713535284,13.515958713535284,3.097210590726002e-07,25.172638783187264
8679,8376.0,3903.0,5,13.51579974690312,13.51579974690312,13.51579974690312,3.09717416318526e-07,25.172651553042996
7731,8307.4,3690.8,5,13.515547022041776,13.515547022041776,13.515547022041776,3.0971162507475495e-07,25.172671854845508
6134,8124.6,3471.8,5,13.514265651569788,13.514265651569788,13.514265651569788,3.0968226219876073e-07,25.172774795278798
5285,9143.4,3382.2,5,13.513012296516074,13.513012296516074,13.513012296516074,3.0965354130201505e-07,25.17287549450295
3489,8478.8,3199.4,5,13.51296507573663,13.51296507573663,13.51296507573663,3.0965245922784413e-07,25.17287928857923
8456,8687.8,3838.8,5,13.512417761615755,13.512417761615755,13.512417761615755,3.0963991740874303e-07,25.172923264922513
8994,8477.6,4019.2,5,13.512407121061123,13.512407121061123,13.512407121061123,3.09639673578178e-07,25.172924119901996
3203,8394.2,3168.6,5,13.511871701427804,13.511871701427804,13.511871701427804,3.0962740432378073e-07,25.17296714228824
3005,8680.8,3147.0,5,13.511837661267698,13.511837661267698,13.511837661267698,3.0962662428629595e-07,25.17296987756294
9061,8890.8,4054.6,5,13.511274305070598,13.511274305070598,13.511274305070598,3.0961371485961753e-07,25.173015146680736
1722,9605.0,2974.0,5,13.509746644948644,13.509746644948644,13.509746644948644,3.0957870820408515e-07,25.173137913019417
1276,8811.0,2893.5,4,13.5086386928391,13.5086386928391,13.5086386928391,3.0955331924662803e-07,25.173226959326524
7152,8398.5,3599.5,4,13.5085980342927,13.5085980342927,13.5085980342927,3.095523875474184e-07,25.173230227200015
153,8459.8,2460.8,5,13.506905307983201,13.506905307983201,13.506905307983201,3.095135983652072e-07,25.173366286426315
7739,8608.0,3693.2,5,13.505356933142764,13.505356933142764,13.505356933142764,3.0947811702750966e-07,25.173490757794884
5835,8231.8,3439.6,5,13.505230459133124,13.505230459133124,13.505230459133124,3.094752188487684e-07,25.17350092546797
388,9125.8,2615.8,5,13.502510602149647,13.502510602149647,13.502510602149647,3.094128927494289e-07,25.173719607008348
9313,9075.5,4280.5,4,13.500857289594954,13.500857289594954,13.500857289594954,3.0937500674176414e-07,25.173852557928235
8933,8051.4,3990.8,5,13.497501486220596,13.497501486220596,13.497501486220596,3.0929810779606783e-07,25.174122464500602
5525,8498.5,3408.0,4,13.496797390821833,13.496797390821833,13.496797390821833,3.09281973300749e-07,25.174179103264933
6061,8850.0,3462.5,4,13.495720664186692,13.495720664186692,13.495720664186692,3.092572998816571e-07,25.174265722904394
5518,9033.5,3406.5,4,13.494831310893922,13.494831310893922,13.494831310893922,3.0923692016242564e-07,25.174337274095343
7425,8683.2,3641.4,5,13.494602891986155,13.494602891986155,13.494602891986155,3.0923168589473323e-07,25.174355651855784
999,8989.8,2835.8,5,13.49414507226344,13.49414507226344,13.49414507226344,3.092211948587373e-07,25.17439248731394
9085,9060.5,4065.5,4,13.493614974026956,13.493614974026956,13.493614974026956,3.092090475452765e-07,25.174435139749455
5097,8505.5,3362.5,4,13.493565924494611,13.493565924494611,13.493565924494611,3.092079235648452e-07,25.1744390864272
7563,9088.8,3661.4,5,13.490727182758054,13.490727182758054,13.490727182758054,3.091428731961873e-07,25.174667524850875
2607,9261.25,3102.0,4,13.489778340560115,13.489778340560115,13.489778340560115,3.091211302760832e-07,25.17474389053101
7637,8894.5,3672.5,4,13.488074414030443,13.488074414030443,13.488074414030443,3.090820844384525e-07,25.17488104115918
6175,8920.5,3475.5,4,13.48801598659091,13.48801598659091,13.48801598659091,3.0908074556129e-07,25.17488574434526
7244,8962.6,3612.8,5,13.487969249535993,13.487969249535993,13.487969249535993,3.0907967457176915e-07,25.17488950651462
6664,9647.2,3533.6,5,13.486460547716447,13.486460547716447,13.486460547716447,3.0904510234975525e-07,25.175010958734497
7468,8661.5,3649.5,4,13.486316880604889,13.486316880604889,13.486316880604889,3.0904181018743894e-07,25.175022524809584
7277,8602.4,3618.4,5,13.482665639865054,13.482665639865054,13.482665639865054,3.089581412318851e-07,25.17531651323015
239,8737.0,2534.0,5,13.481701543141613,13.481701543141613,13.481701543141613,3.089360487510954e-07,25.175394153080614
1639,9183.2,2959.6,5,13.479987336319798,13.479987336319798,13.479987336319798,3.0889676733839103e-07,25.175532213898663
1262,9149.2,2890.6,5,13.475336052722888,13.475336052722888,13.475336052722888,3.087901821887753e-07,25.17590691294991
5448,8431.5,3400.5,4,13.473954208931424,13.473954208931424,13.473954208931424,3.087585169453667e-07,25.176018256723374
506,9805.0,2667.8,5,13.473936007734192,13.473936007734192,13.473936007734192,3.0875809986107374e-07,25.17601972338356
9013,8888.75,4027.0,4,13.473632890242442,13.473632890242442,13.473632890242442,3.0875115385949456e-07,25.1760441490107
4612,8692.5,3313.5,4,13.47328584632595,13.47328584632595,13.47328584632595,3.087432012745808e-07,25.17607211496469
1611,8650.0,2955.5,4,13.471585322457592,13.471585322457592,13.471585322457592,3.087042334096554e-07,25.17620915925203
3162,8906.5,3163.5,4,13.469296091767433,13.469296091767433,13.469296091767433,3.0865177520311266e-07,25.17639367442131
7594,9004.0,3667.0,5,13.467560485776058,13.467560485776058,13.467560485776058,3.086120034239016e-07,25.17653358757407
157,9476.8,2464.4,5,13.467482672669094,13.467482672669094,13.467482672669094,3.0861022032006046e-07,25.17653986077786
6320,8837.75,3493.0,4,13.46618661364272,13.46618661364272,13.46618661364272,3.085805208527287e-07,25.17664435290588
3380,8991.5,3188.5,4,13.465259213437719,13.465259213437719,13.465259213437719,3.0855926928043816e-07,25.176719128837757
564,8642.75,2696.0,4,13.463902414264629,13.463902414264629,13.463902414264629,3.0852817793976863e-07,25.176828536327406
2850,8648.5,3128.5,4,13.461978704311072,13.461978704311072,13.461978704311072,3.084840957183893e-07,25.176983676397914
5232,8767.5,3376.5,4,13.46091787670943,13.46091787670943,13.46091787670943,3.0845978662902034e-07,25.177069237691903
2535,8298.8,3091.6,5,13.460220888302157,13.460220888302157,13.460220888302157,3.084438149919181e-07,25.17712545712265
5895,9236.6,3445.4,5,13.458927909128317,13.458927909128317,13.458927909128317,3.0841418610006004e-07,25.17722975717409
8585,8074.2,3874.2,5,13.450516734512455,13.450516734512455,13.450516734512455,3.082214422507125e-07,25.17790850154978
3352,8674.2,3185.4,5,13.450019858253654,13.450019858253654,13.450019858253654,3.082100562259128e-07,25.17794861052989
3161,8896.5,3163.5,4,13.447670524379348,13.447670524379348,13.447670524379348,3.081562207421645e-07,25.178138274163796
5815,8960.75,3437.0,4,13.446434667576511,13.446434667576511,13.446434667576511,3.0812790082154705e-07,25.178238059188516
6381,8100.8,3500.4,5,13.445944062502349,13.445944062502349,13.445944062502349,3.0811665850227273e-07,25.17827767395794
5235,9043.75,3377.0,4,13.445570781769135,13.445570781769135,13.445570781769135,3.0810810469514197e-07,25.178307816135423
6578,9065.5,3522.0,4,13.445356087932154,13.445356087932154,13.445356087932154,3.0810318494035615e-07,25.178325152902794
2744,8998.5,3114.5,4,13.445058532365778,13.445058532365778,13.445058532365778,3.08096366391476e-07,25.178349181305176
3539,8890.0,3204.2,5,13.442872064401016,13.442872064401016,13.442872064401016,3.0804626301456966e-07,25.17852576071329
5280,8807.5,3381.5,4,13.442330584981732,13.442330584981732,13.442330584981732,3.080338548988924e-07,25.17856949509145
2018,9306.4,3016.4,5,13.432502215083833,13.432502215083833,13.432502215083833,3.078086357192358e-07,25.179363622265146
401,8896.8,2619.4,5,13.431424230295956,13.431424230295956,13.431424230295956,3.077839334693073e-07,25.17945075823281
4921,9441.5,3344.5,4,13.430373752040595,13.430373752040595,13.430373752040595,3.0775986153740225e-07,25.17953567751301
495,9731.6,2662.2,5,13.429033478363692,13.429033478363692,13.429033478363692,3.07729148881981e-07,25.179644033117732
236,8669.8,2526.4,5,13.426670935562306,13.426670935562306,13.426670935562306,3.0767501071286856e-07,25.179835061304658
1141,8676.4,2866.4,5,13.42570383461528,13.42570383461528,13.42570383461528,3.076528493896586e-07,25.17991326790808
5927,8092.8,3448.4,5,13.420054180135207,13.420054180135207,13.420054180135207,3.075233863596177e-07,25.18037025142857
420,8834.8,2626.6,5,13.419616210776306,13.419616210776306,13.419616210776306,3.0751335019891643e-07,25.180405685484402
6241,8940.2,3483.2,5,13.419350583445777,13.419350583445777,13.419350583445777,3.075072632923289e-07,25.180427176714822
5244,8484.2,3377.6,5,13.417881633346077,13.417881633346077,13.417881633346077,3.07473601989402e-07,25.180546033405772
7055,9294.8,3585.6,5,13.417477298885284,13.417477298885284,13.417477298885284,3.0746433657952097e-07,25.1805787514748
10621,8417.0,3550.5,4,13.416795622874034,13.416795622874034,13.416795622874034,3.0744871582921954e-07,25.180633913791116
7857,9227.6,3711.2,5,13.414723595209885,13.414723595209885,13.414723595209885,3.074012348760611e-07,25.180801602801818
9961,8368.2,3283.6,5,13.414588927909257,13.414588927909257,13.414588927909257,3.073981489463201e-07,25.180812502310612
437,9190.25,2634.0,4,13.413668720504935,13.413668720504935,13.413668720504935,3.073770621985818e-07,25.18088698366592
7545,8608.8,3660.8,5,13.413562076773879,13.413562076773879,13.413562076773879,3.0737461843487805e-07,25.180895615713016
3329,8810.8,3182.6,5,13.413156614755138,13.413156614755138,13.413156614755138,3.0736532718676756e-07,25.180928435589237
693,9560.5,2742.5,4,13.410839486566555,13.410839486566555,13.410839486566555,3.073122297031347e-07,25.18111601315689
8906,8926.8,3983.0,5,13.408939409462326,13.408939409462326,13.408939409462326,3.0726868903350744e-07,25.181269853538296
1137,8864.0,2865.75,4,13.408421066712968,13.408421066712968,13.408421066712968,3.072568110995261e-07,25.18131182511787
7712,8926.8,3686.8,5,13.407687418769182,13.407687418769182,13.407687418769182,3.0723999940137343e-07,25.181371233300432
3286,8757.6,3179.4,5,13.405841224232162,13.405841224232162,13.405841224232162,3.07197693462196e-07,25.181520745905036
6267,8696.0,3487.2,5,13.40529323585055,13.40529323585055,13.40529323585055,3.071851361922672e-07,25.18156512827362
2376,8949.0,3071.0,5,13.404686982314374,13.404686982314374,13.404686982314374,3.0717124376397033e-07,25.181614231734958
7349,8614.25,3631.0,4,13.404200045066965,13.404200045066965,13.404200045066965,3.071600854937236e-07,25.18165367279034
7664,9327.8,3677.0,5,13.403771655396936,13.403771655396936,13.403771655396936,3.071502688536236e-07,25.18168837278031
7010,9087.5,3578.5,4,13.402660724345015,13.402660724345015,13.402660724345015,3.0712481163307046e-07,25.181778364469444
7773,9260.4,3696.6,5,13.400580137092046,13.400580137092046,13.400580137092046,3.070771345351198e-07,25.18194692385552
6393,8198.0,3502.2,5,13.397520308423555,13.397520308423555,13.397520308423555,3.0700701791255e-07,25.18219486432331
677,9494.0,2738.25,4,13.397225197298019,13.397225197298019,13.397225197298019,3.0700025537854983e-07,25.182218780417855
6612,8442.5,3526.5,4,13.396620604594354,13.396620604594354,13.396620604594354,3.06986401008582e-07,25.182267778847756
6928,9008.0,3566.75,4,13.396120707303488,13.396120707303488,13.396120707303488,3.069749457561922e-07,25.1823082940441
8752,8584.8,3926.4,5,13.396032663660758,13.396032663660758,13.396032663660758,3.069729282174553e-07,25.182315429877427
1302,9697.2,2900.2,5,13.395015616794772,13.395015616794772,13.395015616794772,3.069496223729247e-07,25.182397863725726
852,8678.2,2790.8,5,13.394331895715052,13.394331895715052,13.394331895715052,3.069339547594457e-07,25.18245328431632
6441,9206.4,3505.6,5,13.392145709852052,13.392145709852052,13.392145709852052,3.068838578469611e-07,25.18263050964486
4712,9302.5,3324.0,4,13.390485811942309,13.390485811942309,13.390485811942309,3.0684582093448937e-07,25.18276509024107
2206,9390.5,3045.5,4,13.3901571361497,13.3901571361497,13.3901571361497,3.0683828925902813e-07,25.1827917404756
8747,8050.8,3924.6,5,13.38883921209058,13.38883921209058,13.38883921209058,3.0680808874983605e-07,25.182898609146
3087,8933.75,3155.0,4,13.388034865377648,13.388034865377648,13.388034865377648,3.0678965697440143e-07,25.182963837696963
374,9131.4,2610.2,5,13.387417723466916,13.387417723466916,13.387417723466916,3.067755150366935e-07,25.18301388751882
224,8795.6,2515.8,5,13.385333970997268,13.385333970997268,13.385333970997268,3.0672776540713167e-07,25.18318289558556
3732,7928.5,3223.5,4,13.3851579039266,13.3851579039266,13.3851579039266,3.067237307928841e-07,25.183197177160515
4619,8963.6,3315.8,5,13.381670315254453,13.381670315254453,13.381670315254453,3.0664381195915275e-07,25.18348010954825
5676,8604.75,3422.0,4,13.38140157094837,13.38140157094837,13.38140157094837,3.066376536264096e-07,25.18350191462535
46,8964.8,2213.4,5,13.37826154168074,13.37826154168074,13.37826154168074,3.0656569919010944e-07,25.183756719288706
4501,8694.5,3303.5,4,13.377572223852468,13.377572223852468,13.377572223852468,3.06549903325951e-07,25.183812663523483
2881,8962.75,3132.0,4,13.37584641716058,13.37584641716058,13.37584641716058,3.0651035609976495e-07,25.183952740635537
32,8716.6,2159.8,5,13.371154494011785,13.371154494011785,13.371154494011785,3.0640283968620285e-07,25.18433365742705
3974,9019.5,3248.5,4,13.367812210103708,13.367812210103708,13.367812210103708,3.063262505419423e-07,25.18460508442007
8695,9007.2,3906.6,5,13.366233989808453,13.366233989808453,13.366233989808453,3.0629008528932085e-07,25.184733275334594
8662,8876.0,3899.8,5,13.36597365875307,13.36597365875307,13.36597365875307,3.06284119748001e-07,25.184754422174077
304,8753.4,2576.8,5,13.364858885439968,13.364858885439968,13.364858885439968,3.0625857448121843e-07,25.184844980501794
5681,8840.5,3421.5,4,13.359834443280022,13.359834443280022,13.359834443280022,3.0614343832402747e-07,25.18525323355517
2826,8295.4,3125.6,5,13.359599033360546,13.359599033360546,13.359599033360546,3.061380438558198e-07,25.185272365178804
5340,9290.6,3388.8,5,13.359220603885866,13.359220603885866,13.359220603885866,3.0612937206418694e-07,25.18530312062289
69,9079.6,2385.8,5,13.356468594848474,13.356468594848474,13.356468594848474,3.0606630919371627e-07,25.18552680610119
4489,9525.8,3300.6,5,13.350104129463382,13.350104129463382,13.350104129463382,3.0592046612025917e-07,25.18604429149287
2620,9459.4,3102.6,5,13.349466987586514,13.349466987586514,13.349466987586514,3.0590586587908753e-07,25.18609611015321
9463,9268.5,3081.0,4,13.349447888960036,13.349447888960036,13.349447888960036,3.0590542823001323e-07,25.186097663480027
663,9366.8,2734.0,5,13.346733030386092,13.346733030386092,13.346733030386092,3.058432166702878e-07,25.186318490591106
407,9440.0,2622.4,5,13.345653549324025,13.345653549324025,13.345653549324025,3.0581848013291896e-07,25.18640630826665
5368,8978.5,3391.5,4,13.339173180856164,13.339173180856164,13.339173180856164,3.0566998111575075e-07,25.18693364695805
2069,8902.5,3025.5,4,13.338482250337428,13.338482250337428,13.338482250337428,3.0565414829644845e-07,25.18698988640392
8344,8777.8,3813.2,5,13.337861477021406,13.337861477021406,13.337861477021406,3.056399231443185e-07,25.187040417771428
133,9029.4,2446.8,5,13.337404558137342,13.337404558137342,13.337404558137342,3.056294527512312e-07,25.18707761278005
8656,8700.6,3897.6,5,13.33698383233192,13.33698383233192,13.33698383233192,3.056198117302133e-07,25.187111862655446
6561,8730.0,3519.5,4,13.336913577797276,13.336913577797276,13.336913577797276,3.056182018326591e-07,25.187117581946524
9336,8593.8,4346.4,5,13.33473462810233,13.33473462810233,13.33473462810233,3.055682707384994e-07,25.18729498115029
5585,9243.2,3412.4,5,13.331273680822964,13.331273680822964,13.331273680822964,3.054889623979311e-07,25.187576813792173
6026,8563.25,3458.75,4,13.331193326495978,13.331193326495978,13.331193326495978,3.054871210614945e-07,25.18758335809297
1109,8508.5,2860.5,4,13.330745783470796,13.330745783470796,13.330745783470796,3.05476865518201e-07,25.18761980807987
1485,9097.8,2934.2,5,13.328791519009386,13.328791519009386,13.328791519009386,3.0543208313379715e-07,25.18777898681273
3582,8294.6,3208.4,5,13.328695768153011,13.328695768153011,13.328695768153011,3.054298889826258e-07,25.18778678651045
4707,9544.4,3322.6,5,13.32827866612293,13.32827866612293,13.32827866612293,3.05420331001188e-07,25.18782076356785
1675,9115.0,2966.25,4,13.326188708507388,13.326188708507388,13.326188708507388,3.053724391793926e-07,25.187991027157985
2359,9091.5,3067.5,4,13.325190105481603,13.325190105481603,13.325190105481603,3.0534955597937e-07,25.188072390262487
6961,8129.75,3571.75,4,13.324683000879933,13.324683000879933,13.324683000879933,3.053379355699252e-07,25.188113709920824
2504,9267.5,3086.5,4,13.324307531356958,13.324307531356958,13.324307531356958,3.053293316062131e-07,25.188144304764887
3154,9067.6,3163.2,5,13.32157292019378,13.32157292019378,13.32157292019378,3.0526666741171816e-07,25.18836715845228
1280,9346.6,2894.8,5,13.321302117309202,13.321302117309202,13.321302117309202,3.0526046190621244e-07,25.188389229681135
7514,7932.4,3655.8,5,13.320159654978017,13.320159654978017,13.320159654978017,3.052342821397109e-07,25.188482348649373
1322,8457.6,2905.2,5,13.318522767737559,13.318522767737559,13.318522767737559,3.0519677252160373e-07,25.188615780754915
1283,8609.4,2895.8,5,13.316445122825431,13.316445122825431,13.316445122825431,3.051491628480172e-07,25.188785165175847
4082,9243.2,3258.6,5,13.315897828459917,13.315897828459917,13.315897828459917,3.051366214816144e-07,25.188829788910866
7086,7979.5,3590.5,4,13.315198144792047,13.315198144792047,13.315198144792047,3.051205880820442e-07,25.18888684040368
1897,9227.8,3000.8,5,13.314671229828,13.314671229828,13.314671229828,3.051085137139461e-07,25.18892980649152
2498,8822.2,3086.4,5,13.309265034283484,13.309265034283484,13.309265034283484,3.049846295970225e-07,25.189370740713652
6982,8520.2,3575.2,5,13.307252402738861,13.307252402738861,13.307252402738861,3.0493850971853405e-07,25.189534938523842
9127,8768.6,4090.0,5,13.304738583606694,13.304738583606694,13.304738583606694,3.0488090502023383e-07,25.18974005992596
6724,8149.5,3541.5,4,13.300775498115978,13.300775498115978,13.300775498115978,3.047900900761078e-07,25.190063516591252
8603,8628.0,3879.0,5,13.300525468094733,13.300525468094733,13.300525468094733,3.0478436058516884e-07,25.190083926619067
5956,8573.5,3451.5,4,13.299127360369766,13.299127360369766,13.299127360369766,3.0475232265027633e-07,25.190198061655813
327,8799.8,2589.6,5,13.298295525632264,13.298295525632264,13.298295525632264,3.0473326098093173e-07,25.190265974482937
1292,8757.6,2897.2,5,13.29616899635657,13.29616899635657,13.29616899635657,3.046845311117914e-07,25.190439608347845
10308,8711.5,3393.0,4,13.295740441428421,13.295740441428421,13.295740441428421,3.0467471068476655e-07,25.19047460377398
6336,8606.25,3495.25,4,13.295629600872083,13.295629600872083,13.295629600872083,3.0467217074992176e-07,25.190483655101893
8684,8593.8,3905.2,5,13.295539016778779,13.295539016778779,13.295539016778779,3.046700949962214e-07,25.19049105232697
6868,8948.5,3559.5,4,13.295203017245406,13.295203017245406,13.295203017245406,3.04662395495688e-07,25.190518490963903
2406,9347.0,3074.2,5,13.295063740783728,13.295063740783728,13.295063740783728,3.046592039460444e-07,25.190529864862352
4708,8030.6,3324.0,5,13.293644292977968,13.293644292977968,13.293644292977968,3.046266769986768e-07,25.1906457897033
7570,9094.4,3663.2,5,13.292696853872876,13.292696853872876,13.292696853872876,3.0460496623074276e-07,25.19072317296811
5600,9122.0,3413.75,4,13.290792157211023,13.290792157211023,13.290792157211023,3.045613197029733e-07,25.190878758123056
691,8827.0,2742.75,4,13.289993672845153,13.289993672845153,13.289993672845153,3.0454302226446434e-07,25.190943988954885
7832,9161.2,3706.8,5,13.289715412171894,13.289715412171894,13.289715412171894,3.045366458621501e-07,25.19096672191155
3147,8669.5,3162.5,4,13.288735355205844,13.288735355205844,13.288735355205844,3.045141876490178e-07,25.191046793044404
2872,9187.2,3130.4,5,13.288119182916063,13.288119182916063,13.288119182916063,3.045000679303795e-07,25.191097137645006
263,8509.6,2551.2,5,13.287298633249527,13.287298633249527,13.287298633249527,3.044812648608283e-07,25.19116418460451
1944,9366.2,3005.6,5,13.284624846349985,13.284624846349985,13.284624846349985,3.0441999446722824e-07,25.19138268796221
5610,8533.0,3415.75,4,13.28414603131192,13.28414603131192,13.28414603131192,3.044090223191304e-07,25.191421821637206
503,9644.8,2664.8,5,13.279881048717572,13.279881048717572,13.279881048717572,3.043112893388776e-07,25.1917704620027
4898,9351.4,3343.2,5,13.279138097449312,13.279138097449312,13.279138097449312,3.0429426445307246e-07,25.191831205894346
5575,9484.8,3411.6,5,13.2790590322023,13.2790590322023,13.2790590322023,3.042924526561767e-07,25.191837670489868
5663,9155.25,3419.75,4,13.275695601658711,13.275695601658711,13.275695601658711,3.0421537893228064e-07,25.192112709621902
4827,9340.0,3336.5,4,13.269325616273381,13.269325616273381,13.269325616273381,3.0406940936684793e-07,25.19263379595539
6887,8608.5,3562.5,4,13.269080398725706,13.269080398725706,13.269080398725706,3.04063790154761e-07,25.192653860579423
5535,8139.8,3408.8,5,13.267740103367542,13.267740103367542,13.267740103367542,3.04033077002509e-07,25.192763535150007
1638,9014.5,2959.5,4,13.267578533546995,13.267578533546995,13.267578533546995,3.0402937459582114e-07,25.192776756939892
9014,8924.5,4026.5,4,13.26678790523456,13.26678790523456,13.26678790523456,3.0401125718044204e-07,25.192841458977195
7653,8480.2,3676.2,5,13.265469226115911,13.265469226115911,13.265469226115911,3.039810393689008e-07,25.192949383278975
6212,8992.0,3480.25,4,13.265119090765538,13.265119090765538,13.265119090765538,3.0397301594312425e-07,25.19297804111513
1664,8998.5,2965.5,4,13.26385908856718,13.26385908856718,13.26385908856718,3.0394414272565e-07,25.1930811758832
357,7929.0,2605.0,5,13.26355328902521,13.26355328902521,13.26355328902521,3.039371352643215e-07,25.193106207923975
8434,8714.6,3833.2,5,13.262572492672085,13.262572492672085,13.262572492672085,3.039146601079776e-07,25.193186497531237
4098,9370.6,3259.8,5,13.261448180862061,13.261448180862061,13.261448180862061,3.03888896264516e-07,25.19327854285523
3542,9038.2,3203.4,5,13.261364744496653,13.261364744496653,13.261364744496653,3.038869843025156e-07,25.193285373946864
5182,9385.0,3371.0,5,13.258268297268351,13.258268297268351,13.258268297268351,3.0381602855788525e-07,25.193538916284485
2568,8778.5,3095.0,4,13.257187754031335,13.257187754031335,13.257187754031335,3.0379126768055237e-07,25.19362740693022
2600,9015.5,3100.5,4,13.255227224115686,13.255227224115686,13.255227224115686,3.0374634172193647e-07,25.193787982141153
1337,9434.4,2907.4,5,13.254956675134894,13.254956675134894,13.254956675134894,3.0374014203468984e-07,25.19381014304541
5907,8544.5,3446.5,4,13.25463731715488,13.25463731715488,13.25463731715488,3.0373282387887943e-07,25.193836302519696
5473,8779.0,3402.5,4,13.254353712840157,13.254353712840157,13.254353712840157,3.037263250258883e-07,25.19385953384314
8554,8758.8,3864.6,5,13.254238084089998,13.254238084089998,13.254238084089998,3.037236753685671e-07,25.193869005664297
4664,8536.25,3318.75,4,13.253574225912246,13.253574225912246,13.253574225912246,3.037084629176973e-07,25.19392338773477
4532,8113.0,3307.0,5,13.250896798282426,13.250896798282426,13.250896798282426,3.0364710909599116e-07,25.19414274545148
4039,9097.5,3254.5,4,13.248591609247761,13.248591609247761,13.248591609247761,3.035942852006012e-07,25.194331641717064
719,8992.5,2750.5,4,13.248511637516302,13.248511637516302,13.248511637516302,3.035924526314222e-07,25.194338195505487
3878,8553.5,3238.5,4,13.24779642304631,13.24779642304631,13.24779642304631,3.035760633402291e-07,25.19439681002964
2148,8659.5,3037.5,4,13.24726425147876,13.24726425147876,13.24726425147876,3.035638685159474e-07,25.194440425550674
141,8492.4,2451.8,5,13.247146213603171,13.247146213603171,13.247146213603171,3.0356116365300627e-07,25.19445009989276
7617,9087.6,3669.6,5,13.247021510644196,13.247021510644196,13.247021510644196,3.0355830605826644e-07,25.194460320596335
8844,9120.6,3956.2,5,13.24672746328161,13.24672746328161,13.24672746328161,3.035515679006198e-07,25.194484421214774
3038,7581.8,3150.4,5,13.244110490420887,13.244110490420887,13.244110490420887,3.0349159941276286e-07,25.194698936300778
3134,8484.8,3162.0,5,13.242132250093228,13.242132250093228,13.242132250093228,3.0344626761630143e-07,25.19486112216991
8486,8956.8,3844.6,5,13.241539521903164,13.241539521903164,13.241539521903164,3.034326851241779e-07,25.194909721658767
2603,8740.0,3101.25,4,13.23475437796995,13.23475437796995,13.23475437796995,3.032772021126139e-07,25.195466210162177
10444,8757.0,3444.75,4,13.234410686590422,13.234410686590422,13.234410686590422,3.0326932635179537e-07,25.195494405851242
7986,8823.4,3736.8,5,13.233601624051257,13.233601624051257,13.233601624051257,3.0325078651220295e-07,25.195560782463183
9125,8997.4,4084.8,5,13.233505129489156,13.233505129489156,13.233505129489156,3.032485753188572e-07,25.195568699281644
783,8979.2,2772.6,5,13.232542920045173,13.232542920045173,13.232542920045173,3.032265260854764e-07,25.195647646136756
9310,8463.6,4273.8,5,13.23033758184144,13.23033758184144,13.23033758184144,3.031759902930439e-07,25.195828610226197
4219,9356.2,3271.8,5,13.230101657119672,13.230101657119672,13.230101657119672,3.031705840280326e-07,25.195847971356958
8650,8936.5,3896.0,4,13.22855449098962,13.22855449098962,13.22855449098962,3.031351303881897e-07,25.195974947895348
7745,7513.0,3693.25,4,13.228189321588859,13.228189321588859,13.228189321588859,3.0312676245396164e-07,25.196004919659227
1386,8819.0,2917.75,4,13.226842724299743,13.226842724299743,13.226842724299743,3.03095904891626e-07,25.196115450572876
976,8681.25,2830.0,4,13.226547312955443,13.226547312955443,13.226547312955443,3.030891354780492e-07,25.196139699925517
7248,8725.25,3614.0,4,13.225243776239523,13.225243776239523,13.225243776239523,3.030592646578764e-07,25.196246709466237
684,8793.8,2740.6,5,13.222599728572298,13.222599728572298,13.222599728572298,3.0299867574508905e-07,25.196463796223313
2549,8147.8,3094.6,5,13.220632246438857,13.220632246438857,13.220632246438857,3.029535904749287e-07,25.196625362448685
5533,9272.5,3407.5,4,13.220376113647049,13.220376113647049,13.220376113647049,3.0294772113770865e-07,25.19664639739875
1884,8523.2,2998.4,5,13.219428065967154,13.219428065967154,13.219428065967154,3.02925996424154e-07,25.196724259525368
6901,7922.5,3564.5,4,13.219230652420716,13.219230652420716,13.219230652420716,3.029214726508891e-07,25.196740473588033
2528,8316.0,3090.5,4,13.214654873795777,13.214654873795777,13.214654873795777,3.0281661771371183e-07,25.197116361465945
754,8873.8,2763.2,5,13.211682071316087,13.211682071316087,13.211682071316087,3.027484953147065e-07,25.197360638930665
7179,8560.5,3603.5,4,13.211210882297912,13.211210882297912,13.211210882297912,3.02737697918471e-07,25.197399361940846
9233,9175.5,4178.5,4,13.207412736859006,13.207412736859006,13.207412736859006,3.026506626105966e-07,25.197711549593148
1646,8836.0,2961.5,4,13.206687752924005,13.206687752924005,13.206687752924005,3.0263404945004187e-07,25.197771149677322
5225,8120.2,3376.0,5,13.205593786962242,13.205593786962242,13.205593786962242,3.02608980988126e-07,25.19786108953733
6672,8665.8,3535.4,5,13.204714262079179,13.204714262079179,13.204714262079179,3.0258882648898644e-07,25.197933404635442
8297,8672.6,3802.2,5,13.203987618743774,13.203987618743774,13.203987618743774,3.0257217530291967e-07,25.197993153348648
6135,8182.5,3471.5,4,13.202645897355023,13.202645897355023,13.202645897355023,3.0254142947287446e-07,25.198103485889813
6245,8732.5,3484.5,4,13.200075574177703,13.200075574177703,13.200075574177703,3.0248252997240167e-07,25.198314880229855
9416,8722.2,3038.2,5,13.199870019690714,13.199870019690714,13.199870019690714,3.0247781964775825e-07,25.198331787685042
2063,9136.0,3025.2,5,13.199186534712798,13.199186534712798,13.199186534712798,3.024621574446022e-07,25.19838800820827
8373,9085.2,3820.2,5,13.196838958545946,13.196838958545946,13.196838958545946,3.0240836223909284e-07,25.198581131862067
7455,8990.5,3645.5,4,13.196069899785655,13.196069899785655,13.196069899785655,3.023907390945735e-07,25.198644406050175
8341,8935.8,3812.0,5,13.196035389448461,13.196035389448461,13.196035389448461,3.0238994828288107e-07,25.198647245469168
2868,8520.5,3130.5,4,13.191667466610646,13.191667466610646,13.191667466610646,3.0228985640512765e-07,25.199006686534105
9253,8916.2,4200.6,5,13.190813803315901,13.190813803315901,13.190813803315901,3.0227029452976657e-07,25.199076949307088
10800,8919.5,3949.5,4,13.190376250739982,13.190376250739982,13.190376250739982,3.022602679197357e-07,25.199112964867588
9240,8381.2,4185.4,5,13.188325028489803,13.188325028489803,13.188325028489803,3.0221326372704886e-07,25.19928181975107
4455,8935.75,3298.0,4,13.186253535969584,13.186253535969584,13.186253535969584,3.0216579503682704e-07,25.199452369921286
6263,8445.6,3487.8,5,13.18460464605176,13.18460464605176,13.18460464605176,3.0212801037482367e-07,25.199588145516557
1657,8722.8,2965.8,5,13.178829015041657,13.178829015041657,13.178829015041657,3.0199566056589224e-07,25.200063865930975
8487,8152.4,3845.4,5,13.177431697531736,13.177431697531736,13.177431697531736,3.01963640738945e-07,25.200178989865133
9017,8655.5,4028.5,4,13.177153774487453,13.177153774487453,13.177153774487453,3.019572720734703e-07,25.20020188919031
8760,8691.8,3929.8,5,13.176080917640814,13.176080917640814,13.176080917640814,3.019326873314023e-07,25.200290291205107
116,8954.2,2426.6,5,13.172092748403816,13.172092748403816,13.172092748403816,3.0184129758791286e-07,25.200618974309993
6619,8063.8,3527.8,5,13.166929587303509,13.166929587303509,13.166929587303509,3.0172298265679755e-07,25.201044641666815
8043,7918.2,3750.2,5,13.164696654067601,13.164696654067601,13.164696654067601,3.016718145183531e-07,25.20122878346198
2548,9782.5,3092.5,4,13.164389932870927,13.164389932870927,13.164389932870927,3.0166478593711163e-07,25.201254080071255
8343,8605.2,3812.4,5,13.163504078460754,13.163504078460754,13.163504078460754,3.0164448639551654e-07,25.201327143583683
8077,8605.8,3756.2,5,13.163205376462688,13.163205376462688,13.163205376462688,3.0163764157591116e-07,25.201351781039744
3224,8504.5,3171.0,4,13.16117651911226,13.16117651911226,13.16117651911226,3.0159114987964306e-07,25.201519139490387
1988,8367.0,3012.4,5,13.158265252472162,13.158265252472162,13.158265252472162,3.0152443758744654e-07,25.20175933209273
5042,8411.25,3358.0,4,13.15610382711617,13.15610382711617,13.15610382711617,3.0147490806722877e-07,25.201937693790182
9016,9286.0,4028.0,5,13.155087559984674,13.155087559984674,13.155087559984674,3.014516200904793e-07,25.202021566694505
2586,8895.75,3098.0,4,13.153155736106967,13.153155736106967,13.153155736106967,3.0140735193680803e-07,25.20218101870393
9315,8686.8,4284.4,5,13.151778697261078,13.151778697261078,13.151778697261078,3.013757967997458e-07,25.202294693264534
5803,8094.4,3435.6,5,13.151053694582728,13.151053694582728,13.151053694582728,3.0135918320968327e-07,25.202354547020576
6014,8711.75,3458.0,4,13.14907356892303,13.14907356892303,13.14907356892303,3.0131380821043855e-07,25.202518036276828
8633,8505.2,3890.8,5,13.148175804130918,13.148175804130918,13.148175804130918,3.0129323573991653e-07,25.202592168420814
4367,8279.4,3290.4,5,13.146200919674545,13.146200919674545,13.146200919674545,3.01247980843957e-07,25.20275526059684
3485,9064.0,3199.5,4,13.142850239400587,13.142850239400587,13.142850239400587,3.011711992951924e-07,25.20303202637904
9033,9019.6,4041.0,5,13.142039727205164,13.142039727205164,13.142039727205164,3.0115262623641956e-07,25.2030989851859
9208,8886.6,4153.6,5,13.141130561548788,13.141130561548788,13.141130561548788,3.0113179251267615e-07,25.203174098960893
1631,8169.6,2960.2,5,13.138494955906609,13.138494955906609,13.138494955906609,3.0107139705068234e-07,25.203391877747343
7648,8738.2,3675.0,5,13.136845567445398,13.136845567445398,13.136845567445398,3.010336009644516e-07,25.203528188123133
5325,8364.5,3386.5,4,13.135963534390733,13.135963534390733,13.135963534390733,3.01013388990028e-07,25.203601088985614
422,8502.6,2627.8,5,13.132730239278388,13.132730239278388,13.132730239278388,3.0093929734712536e-07,25.203868365738096
5117,9228.8,3365.0,5,13.131246112504947,13.131246112504947,13.131246112504947,3.009052882675025e-07,25.203991071466312
6193,8860.0,3479.5,4,13.130975679105532,13.130975679105532,13.130975679105532,3.008990912288277e-07,25.204013432052182
2015,8753.2,3017.2,5,13.13053863506208,13.13053863506208,13.13053863506208,3.0088907627192614e-07,25.204049569689595
7919,8626.2,3725.4,5,13.129618223795102,13.129618223795102,13.129618223795102,3.0086798485263185e-07,25.20412567919965
7587,8608.5,3666.5,4,13.126873491915049,13.126873491915049,13.126873491915049,3.0080508873976425e-07,25.204352674856008
6781,9012.0,3547.5,4,13.125655988353486,13.125655988353486,13.125655988353486,3.0077718938756113e-07,25.204453380405024
3045,9473.0,3151.6,5,13.125434952543944,13.125434952543944,13.125434952543944,3.007721243051297e-07,25.20447166433703
2630,8744.2,3104.2,5,13.124184115716517,13.124184115716517,13.124184115716517,3.0074346111407314e-07,25.204575138511444
1345,9715.5,2907.5,4,13.123494450362509,13.123494450362509,13.123494450362509,3.007276572862888e-07,25.204632194577737
6214,9694.6,3480.8,5,13.122966854366439,13.122966854366439,13.122966854366439,3.0071556731219757e-07,25.204675844658247
8528,7583.0,3857.25,4,13.118515075966979,13.118515075966979,13.118515075966979,3.006135538664731e-07,25.205044227590506
6040,9301.4,3459.8,5,13.118137303977981,13.118137303977981,13.118137303977981,3.0060489714126403e-07,25.20507549382979
5233,8854.25,3377.0,4,13.118063942622058,13.118063942622058,13.118063942622058,3.006032160502417e-07,25.205081565675282
4609,9104.0,3312.75,4,13.116145577358516,13.116145577358516,13.116145577358516,3.00559256303567e-07,25.205240353659555
2284,8655.2,3057.6,5,13.109969450768965,13.109969450768965,13.109969450768965,3.004177290535343e-07,25.20575172519592
3471,8643.0,3197.5,4,13.10903238745729,13.10903238745729,13.10903238745729,3.003962560491059e-07,25.20582933330399
2071,9352.5,3025.5,4,13.107576669248726,13.107576669248726,13.107576669248726,3.0036289795776927e-07,25.20594990770483
8557,8160.5,3866.0,4,13.104308891005696,13.104308891005696,13.104308891005696,3.002880161266172e-07,25.20622062040559
2462,8578.5,3081.5,4,13.104075546035823,13.104075546035823,13.104075546035823,3.002826689771674e-07,25.206239953995766
6534,9105.75,3516.0,4,13.103573976429495,13.103573976429495,13.103573976429495,3.002711754033142e-07,25.206281512265264
8986,8287.2,4011.2,5,13.100440896248138,13.100440896248138,13.100440896248138,3.0019938020679905e-07,25.2065411441284
6179,8025.0,3477.0,5,13.098986807525709,13.098986807525709,13.098986807525709,3.0016605945548267e-07,25.206661662545088
6488,8853.5,3510.5,4,13.098366935758406,13.098366935758406,13.098366935758406,3.001518549625327e-07,25.206713043094954
1454,8549.5,2929.5,4,13.095295100502312,13.095295100502312,13.095295100502312,3.0008146320646284e-07,25.206967700329464
9360,8590.4,2859.8,5,13.094020225820284,13.094020225820284,13.094020225820284,3.0005224918287256e-07,25.207073405849645
6767,8890.0,3547.0,5,13.093892386220169,13.093892386220169,13.093892386220169,3.000493197113361e-07,25.207084006166234
8088,9021.4,3757.2,5,13.091964042514622,13.091964042514622,13.091964042514622,3.0000513130654765e-07,25.20724391482424
7541,9106.4,3658.8,5,13.084253560911772,13.084253560911772,13.084253560911772,2.9982844398612817e-07,25.20788354499551
7314,8155.8,3625.8,5,13.083927272849701,13.083927272849701,13.083927272849701,2.998209670260183e-07,25.207910620837307
2654,8288.8,3106.4,5,13.083280773397934,13.083280773397934,13.083280773397934,2.998061523540343e-07,25.207964270264487
7973,7953.5,3736.0,4,13.081427426341326,13.081427426341326,13.081427426341326,2.9976368251335426e-07,25.208118084019056
1152,9750.5,2868.5,4,13.077178822601583,13.077178822601583,13.077178822601583,2.9966632485802674e-07,25.208470768171765
896,9360.2,2804.4,5,13.0767207786736,13.0767207786736,13.0767207786736,2.9965582868431954e-07,25.208508798055156
8190,8579.0,3777.5,4,13.074704635905857,13.074704635905857,13.074704635905857,2.9960962834540897e-07,25.20867620760676
2972,9036.25,3143.0,4,13.069660322692108,13.069660322692108,13.069660322692108,2.9949403683880785e-07,25.209095173113166
3322,8343.5,3182.5,4,13.069501036558368,13.069501036558368,13.069501036558368,2.9949038676328724e-07,25.209108405574604
9230,9152.5,4173.5,4,13.067936984423767,13.067936984423767,13.067936984423767,2.9945454617707057e-07,25.209238345473786
4806,9375.6,3333.8,5,13.067848990603725,13.067848990603725,13.067848990603725,2.994525297800311e-07,25.209245656375113
9050,9006.2,4050.4,5,13.066039186097298,13.066039186097298,13.066039186097298,2.9941105772611876e-07,25.20939603356094
611,9410.5,2713.5,4,13.065561302835105,13.065561302835105,13.065561302835105,2.9940010692986256e-07,25.209435744497103
7178,8556.2,3604.4,5,13.059139416557024,13.059139416557024,13.059139416557024,2.992529480444703e-07,25.209969528569907
3920,9489.5,3241.5,4,13.054497765074204,13.054497765074204,13.054497765074204,2.9914658361679083e-07,25.210355503842734
126,9000.0,2439.8,5,13.052041537667792,13.052041537667792,13.052041537667792,2.990902986450947e-07,25.210559806297322
7109,8867.5,3592.5,4,13.050274905056966,13.050274905056966,13.050274905056966,2.9904981588432176e-07,25.210706773865752
1298,9160.5,2898.5,4,13.0499996876739,13.0499996876739,13.0499996876739,2.9904350921964743e-07,25.210729671209297
7028,8305.8,3582.4,5,13.047370950724428,13.047370950724428,13.047370950724428,2.98983271155203e-07,25.210948399366092
479,9492.75,2654.0,4,13.045368851508515,13.045368851508515,13.045368851508515,2.989373926272596e-07,25.211115016718274
7938,9002.0,3731.0,5,13.045318332943008,13.045318332943008,13.045318332943008,2.9893623498362193e-07,25.211119221271048
1869,9535.0,2996.75,4,13.04512643509184,13.04512643509184,13.04512643509184,2.989318376036834e-07,25.211135192669502
2207,8066.8,3047.2,5,13.043282716223963,13.043282716223963,13.043282716223963,2.9888958839498913e-07,25.21128865486936
6863,8183.4,3560.6,5,13.042890127970267,13.042890127970267,13.042890127970267,2.988805921519337e-07,25.211321334809277
7177,8195.0,3604.6,5,13.041736211940023,13.041736211940023,13.041736211940023,2.988541499214902e-07,25.21141739510133
3265,9142.25,3176.0,4,13.03792782012971,13.03792782012971,13.03792782012971,2.98766879815843e-07,25.21173449342703
7023,9138.75,3581.0,4,13.037050843918404,13.037050843918404,13.037050843918404,2.9874678372005697e-07,25.2118075262633
1183,8584.0,2877.0,5,13.034606312326712,13.034606312326712,13.034606312326712,2.986907667604345e-07,25.212011127932698
750,8653.5,2761.5,4,13.030928040371037,13.030928040371037,13.030928040371037,2.986064783788395e-07,25.212317558102573
2932,9243.25,3137.0,4,13.02807492884395,13.02807492884395,13.02807492884395,2.9854109872338544e-07,25.21255530522568
8028,8865.0,3745.5,4,13.027351305422215,13.027351305422215,13.027351305422215,2.9852451673928064e-07,25.212615612367905
2331,8851.5,3065.0,4,13.026277638294438,13.026277638294438,13.026277638294438,2.9849991342944854e-07,25.2127050985025
8069,8880.5,3753.5,4,13.025162721441351,13.025162721441351,13.025162721441351,2.9847436487341675e-07,25.212798030453804
4531,9485.4,3305.2,5,13.023559620762581,13.023559620762581,13.023559620762581,2.984376294815329e-07,25.212931668059987
6900,9453.6,3563.2,5,13.018430691326724,13.018430691326724,13.018430691326724,2.9832009897626495e-07,25.21335933617486
2748,9185.5,3115.5,4,13.014395226130304,13.014395226130304,13.014395226130304,2.982276254358394e-07,25.21369594586263
9325,7620.4,4310.2,5,13.013131650039549,13.013131650039549,13.013131650039549,2.9819867032186326e-07,25.213801365814113
3202,9268.25,3167.75,4,13.012594101723824,13.012594101723824,13.012594101723824,2.981863522882574e-07,25.213846216487926
8396,8974.5,3823.5,4,13.012394372230773,13.012394372230773,13.012394372230773,2.9818177544458485e-07,25.213862881512927
7868,8882.5,3713.5,4,13.010036215077164,13.010036215077164,13.010036215077164,2.9812773777352095e-07,25.21405966071821
8376,8108.5,3821.0,4,13.009719490120638,13.009719490120638,13.009719490120638,2.981204799540019e-07,25.214086092922734
3128,8766.5,3160.5,4,13.003551330812641,13.003551330812641,13.003551330812641,2.979791352759149e-07,25.21460098349909
6606,8465.0,3525.75,4,13.003163364716826,13.003163364716826,13.003163364716826,2.9797024495058717e-07,25.21463337735132
9451,8592.0,3069.75,4,13.002479326515463,13.002479326515463,13.002479326515463,2.9795457007019854e-07,25.21469049457389
8950,7803.2,3999.6,5,13.000816866271503,13.000816866271503,13.000816866271503,2.9791647444129504e-07,25.21482932261053
2030,9574.25,3019.0,4,13.000180524184199,13.000180524184199,13.000180524184199,2.9790189252747084e-07,25.214882466698242
466,8965.6,2647.6,5,13.000066578999872,13.000066578999872,13.000066578999872,2.978992814494176e-07,25.21489198310103
721,9219.6,2751.2,5,12.999290894498522,12.999290894498522,12.999290894498522,2.9788150647463727e-07,25.2149567684518
3717,9011.75,3222.0,4,12.997579527980818,12.997579527980818,12.997579527980818,2.978422901481037e-07,25.215099715857416
1557,8911.5,2946.5,4,12.992751657220403,12.992751657220403,12.992751657220403,2.977316584662028e-07,25.215503080793354
4185,9194.5,3268.5,4,12.992643311013751,12.992643311013751,12.992643311013751,2.9772917568990985e-07,25.215512134756114
7911,9097.8,3723.2,5,12.992116938932053,12.992116938932053,12.992116938932053,2.9771711376207586e-07,25.215556122171883
6695,9228.6,3538.6,5,12.989466015950242,12.989466015950242,12.989466015950242,2.9765636729999735e-07,25.21577767934739
3698,8881.5,3220.5,4,12.98874943486932,12.98874943486932,12.98874943486932,2.976399466926251e-07,25.215837577073998
8526,8678.5,3856.5,4,12.985709934069767,12.985709934069767,12.985709934069767,2.975702958874812e-07,25.21609168023208
6704,8802.2,3538.8,5,12.985308849857304,12.985308849857304,12.985308849857304,2.975611049577296e-07,25.216125215431777
7325,8306.5,3627.5,4,12.985291398914068,12.985291398914068,12.985291398914068,2.9756070506566606e-07,25.21612667455253
741,9023.6,2757.6,5,12.983910556897257,12.983910556897257,12.983910556897257,2.9752906277813595e-07,25.216242136719956
5795,9688.5,3433.5,4,12.982264481463027,12.982264481463027,12.982264481463027,2.9749134261062075e-07,25.216379793012766
436,8727.75,2634.0,4,12.981545493742457,12.981545493742457,12.981545493742457,2.974748668545908e-07,25.216439925250675
9151,8454.8,4107.8,5,12.980309373402887,12.980309373402887,12.980309373402887,2.974465408949732e-07,25.216543315444788
8148,9234.0,3768.5,4,12.97904486135296,12.97904486135296,12.97904486135296,2.974175643332942e-07,25.21664909053477
3104,8891.5,3157.5,4,12.978382161726202,12.978382161726202,12.978382161726202,2.9740237843086607e-07,25.216704528770396
6953,8647.5,3570.5,4,12.978328031419323,12.978328031419323,12.978328031419323,2.9740113802340924e-07,25.216709057174306
8617,8403.6,3885.8,5,12.977844814748039,12.977844814748039,12.977844814748039,2.973900650109531e-07,25.21674948268988
6459,8752.2,3509.2,5,12.977362307887049,12.977362307887049,12.977362307887049,2.973790082639503e-07,25.21678985032522
405,9682.2,2620.8,5,12.976436575939445,12.976436575939445,12.976436575939445,2.9735779492013163e-07,25.216867303394523
1159,8815.0,2870.25,4,12.975788448055638,12.975788448055638,12.975788448055638,2.973429429322822e-07,25.216921533496816
3069,8867.25,3154.25,4,12.973828796238976,12.973828796238976,12.973828796238976,2.972980370954907e-07,25.217085517798402
9091,8335.6,4067.4,5,12.972938841809402,12.972938841809402,12.972938841809402,2.9727764360108195e-07,25.21715999765336
1780,9241.4,2981.6,5,12.972708438791848,12.972708438791848,12.972708438791848,2.972723638670932e-07,25.21717928080287
2884,8189.8,3132.6,5,12.970553129292048,12.970553129292048,12.970553129292048,2.9722297449301653e-07,25.217359681987638
1056,8284.4,2850.0,5,12.970204075258257,12.970204075258257,12.970204075258257,2.9721497584583873e-07,25.217388900918984
5894,9141.5,3445.0,4,12.969344855004344,12.969344855004344,12.969344855004344,2.971952866315803e-07,25.217460828656847
1170,9010.5,2873.0,4,12.968796132388519,12.968796132388519,12.968796132388519,2.971827125365189e-07,25.21750676625976
7905,8188.4,3722.6,5,12.967329315769744,12.967329315769744,12.967329315769744,2.9714910012275964e-07,25.217629573801975
2634,9271.75,3104.0,4,12.964288906921666,12.964288906921666,12.964288906921666,2.970794285094913e-07,25.217884172797717
4176,8286.75,3269.0,4,12.963051897659657,12.963051897659657,12.963051897659657,2.9705108218002757e-07,25.217987775072437
7437,9512.0,3642.25,4,12.961153127321179,12.961153127321179,12.961153127321179,2.970075714552145e-07,25.218146820543858
524,9110.5,2677.5,4,12.960936624118116,12.960936624118116,12.960936624118116,2.9700261023842137e-07,25.218164956841377
3835,9187.6,3233.4,5,12.960517764615034,12.960517764615034,12.960517764615034,2.9699301198411716e-07,25.21820004522187
361,9063.4,2604.8,5,12.958952859568186,12.958952859568186,12.958952859568186,2.969571518532356e-07,25.218331149293633
8407,8810.5,3825.5,4,12.953698582564321,12.953698582564321,12.953698582564321,2.968367489818752e-07,25.21877145613478
5833,9508.5,3438.5,4,12.952716677600748,12.952716677600748,12.952716677600748,2.9681424842148786e-07,25.218853759283128
8941,9095.0,3993.0,5,12.951643919017117,12.951643919017117,12.951643919017117,2.9678966593113755e-07,25.218943684902367
4773,8603.5,3332.0,4,12.950845217985318,12.950845217985318,12.950845217985318,2.967713635276829e-07,25.219010642067964
2967,8603.75,3143.0,4,12.949565845321466,12.949565845321466,12.949565845321466,2.967420464318856e-07,25.219117903780397
7414,9066.5,3639.5,4,12.949185523737722,12.949185523737722,12.949185523737722,2.9673333128217245e-07,25.21914979172025
6760,8372.0,3545.75,4,12.947754188285856,12.947754188285856,12.947754188285856,2.9670053192687435e-07,25.21926980997261
5390,8261.2,3394.8,5,12.94414963099669,12.94414963099669,12.94414963099669,2.9661793273248866e-07,25.219572112839444
2943,8671.25,3139.0,4,12.943979682315309,12.943979682315309,12.943979682315309,2.966140383224286e-07,25.219586367978092
2221,9672.75,3048.0,4,12.943206221160677,12.943206221160677,12.943206221160677,2.9659631429610966e-07,25.219651247550708
8720,7912.75,3916.0,4,12.938163144575956,12.938163144575956,12.938163144575956,2.964807511271248e-07,25.22007436665413
8157,8294.5,3771.5,4,12.934420046111168,12.934420046111168,12.934420046111168,2.963949772323314e-07,25.220388522957705
5574,9415.5,3412.0,4,12.934218156268813,12.934218156268813,12.934218156268813,2.9639035088379663e-07,25.220405470050903
7616,8989.6,3669.8,5,12.934192207610895,12.934192207610895,12.934192207610895,2.963897562647998e-07,25.22040764825953
8610,8188.8,3881.8,5,12.930863665234007,12.930863665234007,12.930863665234007,2.963134820106394e-07,25.220687092387188
7629,8591.8,3671.2,5,12.926347253418015,12.926347253418015,12.926347253418015,2.962099874764739e-07,25.22106637783213
907,8972.2,2809.6,5,12.924297518078834,12.924297518078834,12.924297518078834,2.9616301735666775e-07,25.221238557047947
8229,8741.25,3787.25,4,12.920302995347118,12.920302995347118,12.920302995347118,2.9607148202150003e-07,25.221574178253068
1751,9300.2,2978.4,5,12.919246200402664,12.919246200402664,12.919246200402664,2.960472653413254e-07,25.221662987893218
5092,9153.5,3361.5,4,12.915897092024025,12.915897092024025,12.915897092024025,2.9597051981287523e-07,25.221944484163593
2288,9010.5,3057.5,4,12.915240522163828,12.915240522163828,12.915240522163828,2.9595547437534725e-07,25.221999678145288
7424,8593.5,3641.5,4,12.910056028890693,12.910056028890693,12.910056028890693,2.9583667061296955e-07,25.22243560670196
8716,8771.6,3912.6,5,12.90816812528783,12.90816812528783,12.90816812528783,2.9579340890170665e-07,25.222594391077227
8465,8913.5,3840.5,4,12.907763958126587,12.907763958126587,12.907763958126587,2.9578414732553025e-07,25.222628387054463
8749,8878.4,3925.0,5,12.904109723843902,12.904109723843902,12.904109723843902,2.957004097723074e-07,25.222935806386886
1499,9577.8,2935.8,5,12.902086285099715,12.902086285099715,12.902086285099715,2.9565404224455e-07,25.223106069428084
8443,8917.5,3835.0,4,12.899774235279327,12.899774235279327,12.899774235279327,2.956010611328008e-07,25.223300650450792
8134,8735.5,3766.0,4,12.898596082103786,12.898596082103786,12.898596082103786,2.95574063503035e-07,25.22339981668049
6086,9235.4,3464.6,5,12.898583854544476,12.898583854544476,12.898583854544476,2.9557378330592136e-07,25.223400845932822
9163,8244.8,4114.8,5,12.89507509571632,12.89507509571632,12.89507509571632,2.954933793535773e-07,25.22369623531704
8910,9184.4,3984.2,5,12.89482224734556,12.89482224734556,12.89482224734556,2.9548758527956183e-07,25.223717524787624
7330,8904.5,3628.0,4,12.894500124971572,12.894500124971572,12.894500124971572,2.9548020377707744e-07,25.22374464763473
4268,8556.5,3278.0,4,12.894457769159636,12.894457769159636,12.894457769159636,2.9547923318466824e-07,25.223748214063335
8096,8918.75,3757.75,4,12.892840449010244,12.892840449010244,12.892840449010244,2.954421719506007e-07,25.22388440382841
247,9583.6,2537.8,5,12.89276613271469,12.89276613271469,12.89276613271469,2.9544046897693435e-07,25.22389066219526
6223,9001.0,3482.0,4,12.892761297079048,12.892761297079048,12.892761297079048,2.954403581673185e-07,25.223891069417853
2112,8032.5,3033.5,4,12.892639605989269,12.892639605989269,12.892639605989269,2.9543756959019977e-07,25.223901317420005
2844,8181.6,3128.8,5,12.891018817669584,12.891018817669584,12.891018817669584,2.9540042888227484e-07,25.22403781849618
9004,8788.6,4022.8,5,12.888290188744273,12.888290188744273,12.888290188744273,2.953379017720287e-07,25.224267659507348
4265,8439.0,3278.5,4,12.887648995736093,12.887648995736093,12.887648995736093,2.953232086983243e-07,25.224321676275338
7529,8262.5,3658.0,4,12.882881668310944,12.882881668310944,12.882881668310944,2.952139643797852e-07,25.224723380075073
9314,8925.2,4283.2,5,12.881564515123985,12.881564515123985,12.881564515123985,2.951837815352921e-07,25.224834392040428
9160,8759.2,4113.4,5,12.879442156828222,12.879442156828222,12.879442156828222,2.951351472450411e-07,25.225013291978286
1076,8240.6,2854.8,5,12.879424878771719,12.879424878771719,12.879424878771719,2.951347513147136e-07,25.225014748518394
2714,9321.2,3112.2,5,12.878640392108736,12.878640392108736,12.878640392108736,2.951167746365336e-07,25.2250808828001
8401,9190.2,3825.0,5,12.87621590211884,12.87621590211884,12.87621590211884,2.9506121693446476e-07,25.225285299127478
5439,9046.5,3398.5,4,12.876079191397302,12.876079191397302,12.876079191397302,2.950580841793004e-07,25.225296826781957
4000,9182.5,3251.5,4,12.875855609469937,12.875855609469937,12.875855609469937,2.950529607520393e-07,25.22531567981146
9246,8145.8,4191.2,5,12.875680110709016,12.875680110709016,12.875680110709016,2.9504893916073006e-07,25.225330478568374
3578,8990.25,3208.0,4,12.875565335760754,12.875565335760754,12.875565335760754,2.950463090684603e-07,25.22534015695981
3014,8434.8,3148.0,5,12.872975201594876,12.872975201594876,12.872975201594876,2.949869555949851e-07,25.225558592831504
1835,8502.75,2992.0,4,12.87201466963494,12.87201466963494,12.87201466963494,2.949649448015068e-07,25.225639609319014
7573,8476.5,3665.0,4,12.86989181601,12.86989181601,12.86989181601,2.949162991606827e-07,25.225818683782247
6279,8461.5,3487.5,4,12.86486621665128,12.86486621665128,12.86486621665128,2.948011364860365e-07,25.226242738691703
8549,8717.4,3862.2,5,12.864397418147345,12.864397418147345,12.864397418147345,2.947903938689416e-07,25.22628230387443
7517,8716.6,3656.2,5,12.862486476084904,12.862486476084904,12.862486476084904,2.947466042264938e-07,25.22644359655136
6978,8196.5,3574.5,4,12.861462521189203,12.861462521189203,12.861462521189203,2.947231400829979e-07,25.22653003311699
1947,8419.2,3006.4,5,12.854703512700333,12.854703512700333,12.854703512700333,2.945682559706813e-07,25.22710076363599
2773,8570.5,3119.5,4,12.852599722772496,12.852599722772496,12.852599722772496,2.945200471785174e-07,25.22727846884887
6701,8428.75,3539.0,4,12.84965318188165,12.84965318188165,12.84965318188165,2.9445252656938746e-07,25.227527409371696
2318,8874.0,3062.5,4,12.847946964000052,12.847946964000052,12.847946964000052,2.9441342822494166e-07,25.227671586455894
1107,8835.75,2860.0,4,12.84794519257348,12.84794519257348,12.84794519257348,2.9441338763232625e-07,25.227671736153127
8712,8801.75,3912.0,4,12.846165612526892,12.846165612526892,12.846165612526892,2.9437260817831816e-07,25.227822132833797
1896,8977.5,2999.5,4,12.843616925181664,12.843616925181664,12.843616925181664,2.9431420446752417e-07,25.22803756495202
8202,8991.0,3781.0,5,12.842232939568046,12.842232939568046,12.842232939568046,2.942824901438068e-07,25.228154566592767
1113,8867.8,2862.2,5,12.842007839811256,12.842007839811256,12.842007839811256,2.942773319351627e-07,25.228173597636566
4121,9288.5,3262.5,4,12.84190434912307,12.84190434912307,12.84190434912307,2.942749604241047e-07,25.22818234736178
3685,7850.6,3219.8,5,12.841656393399496,12.841656393399496,12.841656393399496,2.942692784661366e-07,25.228203311316815
8599,8474.4,3877.8,5,12.834988652189793,12.834988652189793,12.834988652189793,2.941164857628692e-07,25.228767201823942
3349,9014.5,3184.5,4,12.834096344834407,12.834096344834407,12.834096344834407,2.9409603835066666e-07,25.22884268643136
4271,9042.75,3278.0,4,12.83326185525474,12.83326185525474,12.83326185525474,2.940769158450511e-07,25.228913284701928
5860,9361.0,3440.75,4,12.828844079857056,12.828844079857056,12.828844079857056,2.939756815853204e-07,25.229287107392338
9027,7926.6,4034.2,5,12.827216116312938,12.827216116312938,12.827216116312938,2.939383764556065e-07,25.229424894640164
8442,8435.0,3834.5,4,12.825508369882762,12.825508369882762,12.825508369882762,2.93899243084146e-07,25.229569453330726
181,9379.6,2484.0,5,12.822056067607871,12.822056067607871,12.822056067607871,2.938201328456879e-07,25.22986174538063
7844,8363.5,3710.5,4,12.82065279674066,12.82065279674066,12.82065279674066,2.937879765962963e-07,25.229980576974846
1085,7946.5,2855.5,4,12.820370727012575,12.820370727012575,12.820370727012575,2.937815129086833e-07,25.230004464735465
8788,8816.8,3937.4,5,12.817951006986135,12.817951006986135,12.817951006986135,2.937260645113382e-07,25.230209406203414
8927,8399.6,3989.8,5,12.816494288797617,12.816494288797617,12.816494288797617,2.93692683505249e-07,25.23033280358228
1438,9085.5,2927.0,4,12.81539701077261,12.81539701077261,12.81539701077261,2.936675391467018e-07,25.23042576234722
8495,8910.75,3847.25,4,12.815066382847132,12.815066382847132,12.815066382847132,2.93659962737702e-07,25.230453773913265
3223,8366.5,3171.0,4,12.814605507613745,12.814605507613745,12.814605507613745,2.936494016840313e-07,25.2304928215397
8951,8718.25,4000.0,4,12.81331280191885,12.81331280191885,12.81331280191885,2.9361977905900124e-07,25.230602353446212
7497,8806.25,3653.25,4,12.812659473115424,12.812659473115424,12.812659473115424,2.936048078909762e-07,25.230657714681136
461,9122.4,2644.8,5,12.809589104086289,12.809589104086289,12.809589104086289,2.935344497338079e-07,25.230917926880924
9268,7823.6,4214.8,5,12.80768047539149,12.80768047539149,12.80768047539149,2.9349071310266993e-07,25.231079713621916
1509,8564.4,2937.8,5,12.807374733454349,12.807374733454349,12.807374733454349,2.934837069613683e-07,25.2311056323707
1246,8682.5,2887.5,4,12.806729021362646,12.806729021362646,12.806729021362646,2.93468910331907e-07,25.23116037354007
2986,9307.5,3144.5,4,12.805044840836445,12.805044840836445,12.805044840836445,2.934303169781317e-07,25.231303165350205
484,9010.6,2657.0,5,12.804690435506794,12.804690435506794,12.804690435506794,2.934221957048749e-07,25.23133321569578
3948,8408.8,3245.6,5,12.803065422171723,12.803065422171723,12.803065422171723,2.933849581798267e-07,25.23147101268379
299,9743.6,2572.4,5,12.799802650326058,12.799802650326058,12.799802650326058,2.933101910713315e-07,25.231747740238678
9319,8956.5,4289.5,4,12.796897523949761,12.796897523949761,12.796897523949761,2.932436194845816e-07,25.231994193951714
5486,8609.75,3403.25,4,12.796887384317813,12.796887384317813,12.796887384317813,2.9324338713276606e-07,25.231995054236
2543,8766.5,3092.0,4,12.79678612797536,12.79678612797536,12.79678612797536,2.9324106682221414e-07,25.23200364524009
7039,9022.6,3584.0,5,12.794685220519703,12.794685220519703,12.794685220519703,2.9319292408251134e-07,25.23218191019888
8745,8722.2,3924.6,5,12.793382639832334,12.793382639832334,12.793382639832334,2.9316307516993545e-07,25.23229245070712
6408,8305.2,3503.8,5,12.793305845371613,12.793305845371613,12.793305845371613,2.931613154085889e-07,25.23229896804338
2817,8777.5,3124.5,4,12.791096255544474,12.791096255544474,12.791096255544474,2.931106821893048e-07,25.232486506659253
1851,8951.0,2993.75,4,12.786860773220091,12.786860773220091,12.786860773220091,2.9301362521399183e-07,25.232846083191582
762,9201.5,2764.5,4,12.786453980506398,12.786453980506398,12.786453980506398,2.930043034727244e-07,25.232880624633033
1687,9633.75,2969.0,4,12.779250281350045,12.779250281350045,12.779250281350045,2.928392291794957e-07,25.23349248473351
869,9283.8,2796.2,5,12.77821055086206,12.77821055086206,12.77821055086206,2.928154035349584e-07,25.233580824732698
5037,8121.5,3356.5,4,12.777736572201498,12.777736572201498,12.777736572201498,2.9280454221347627e-07,25.233621098395002
3797,8371.25,3229.25,4,12.777157718175136,12.777157718175136,12.777157718175136,2.927912776507551e-07,25.233670285276126
8320,8797.25,3805.25,4,12.776415587770074,12.776415587770074,12.776415587770074,2.927742715752041e-07,25.233733349477756
2555,8584.5,3094.5,4,12.771597817386947,12.771597817386947,12.771597817386947,2.926638713455899e-07,25.234142839461203
3267,8641.5,3176.5,4,12.766290068275929,12.766290068275929,12.766290068275929,2.925422431495589e-07,25.23459415442385
2839,8841.0,3128.0,4,12.762057934933281,12.762057934933281,12.762057934933281,2.924452629168723e-07,25.234954144849784
6342,8292.75,3495.25,4,12.758621190745671,12.758621190745671,12.758621190745671,2.923665091952823e-07,25.235246566348067
2223,8581.5,3048.5,4,12.755784118615296,12.755784118615296,12.755784118615296,2.92301497086004e-07,25.235488023039125
4752,9282.5,3328.5,4,12.754936731352764,12.754936731352764,12.754936731352764,2.922820790272515e-07,25.23556015263798
258,9164.4,2544.8,5,12.75191582726037,12.75191582726037,12.75191582726037,2.9221285436959433e-07,25.235817330974825
2948,9161.2,3139.2,5,12.746236704590572,12.746236704590572,12.746236704590572,2.9208271606973904e-07,25.236300976147792
5616,9646.5,3415.5,4,12.74508483114497,12.74508483114497,12.74508483114497,2.9205632064555565e-07,25.236399098224535
9164,8064.25,4116.0,4,12.743119593446472,12.743119593446472,12.743119593446472,2.920112868070978e-07,25.236566527023278
10564,8933.5,3503.5,4,12.742994035738619,12.742994035738619,12.742994035738619,2.9200840962560623e-07,25.236577224813548
551,9304.8,2689.6,5,12.73952695410003,12.73952695410003,12.73952695410003,2.9192896071489605e-07,25.23687266937216
2729,8785.5,3114.0,4,12.736327176943405,12.736327176943405,12.736327176943405,2.9185563714305394e-07,25.237145407150177
9283,8884.4,4234.8,5,12.735670976477902,12.735670976477902,12.735670976477902,2.918406001702837e-07,25.23720134784229
1422,8843.5,2924.5,4,12.732605676876695,12.732605676876695,12.732605676876695,2.91770358180131e-07,25.237462700961455
6232,8774.25,3482.75,4,12.729396052704729,12.729396052704729,12.729396052704729,2.91696808961845e-07,25.237736426901986
8872,9402.5,3965.5,4,12.729009471545753,12.729009471545753,12.729009471545753,2.9168795037263845e-07,25.237769400307176
166,9244.4,2469.2,5,12.724894616172135,12.724894616172135,12.724894616172135,2.9159365758947306e-07,25.238120438598198
7569,8794.5,3663.5,4,12.72439975714478,12.72439975714478,12.72439975714478,2.915823177899596e-07,25.238162662665747
3991,8946.75,3250.25,4,12.724306622904379,12.724306622904379,12.724306622904379,2.9158018359909793e-07,25.238170609570012
136,8242.0,2451.2,5,12.72102560881681,12.72102560881681,12.72102560881681,2.9150499846576246e-07,25.238450607156253
3229,9221.5,3170.5,4,12.71818959585968,12.71818959585968,12.71818959585968,2.914400106276636e-07,25.23869268710508
1614,8857.2,2956.8,5,12.716927404613692,12.716927404613692,12.716927404613692,2.9141108724769886e-07,25.238800444166642
2642,8900.5,3105.0,4,12.716711751957035,12.716711751957035,12.716711751957035,2.914061455213569e-07,25.238818856152086
8899,8902.5,3978.5,4,12.71605428531795,12.71605428531795,12.71605428531795,2.913910795339506e-07,25.238874991244323
6631,8525.0,3528.5,4,12.713798415888625,12.713798415888625,12.713798415888625,2.9133938580777186e-07,25.23906762146895
185,9301.75,2487.0,4,12.711201630012692,12.711201630012692,12.711201630012692,2.912798799089507e-07,25.239289405102873
5456,9286.8,3401.2,5,12.708931069661801,12.708931069661801,12.708931069661801,2.912278495371901e-07,25.239483363931782
316,8749.8,2582.4,5,12.706653434522467,12.706653434522467,12.706653434522467,2.911756570451526e-07,25.23967796193036
1793,8911.5,2983.5,4,12.705871241537324,12.705871241537324,12.705871241537324,2.911577329270865e-07,25.239744799464546
8592,8038.5,3875.5,4,12.703837453346202,12.703837453346202,12.703837453346202,2.9111112823955863e-07,25.239918603698438
2248,8518.0,3052.75,4,12.703684294051374,12.703684294051374,12.703684294051374,2.9110761856185057e-07,25.239931693569474
6703,8691.5,3539.0,4,12.70291044835399,12.70291044835399,12.70291044835399,2.910898857236529e-07,25.23999783327055
6358,9287.2,3497.2,5,12.702599271639233,12.702599271639233,12.702599271639233,2.910827550432701e-07,25.24002443032206
2196,8842.0,3045.5,4,12.699548869104873,12.699548869104873,12.699548869104873,2.9101285442256217e-07,25.2402851903545
1584,9111.5,2950.5,4,12.699132260551014,12.699132260551014,12.699132260551014,2.9100330774923657e-07,25.24032080850237
6153,9000.0,3473.5,4,12.693427377691208,12.693427377691208,12.693427377691208,2.9087257914916657e-07,25.24080866778535
2660,9041.25,3106.75,4,12.693356787100377,12.693356787100377,12.693356787100377,2.908709615508137e-07,25.24081470578998
8014,8583.5,3744.0,4,12.693089504777642,12.693089504777642,12.693089504777642,2.9086483671972894e-07,25.240837568233296
7494,9505.8,3651.6,5,12.692394220315062,12.692394220315062,12.692394220315062,2.9084890412888054e-07,25.24089704281507
4555,9412.0,3307.25,4,12.69078513236553,12.69078513236553,12.69078513236553,2.908120315374179e-07,25.24103469657558
1391,8774.4,2919.2,5,12.690663512579036,12.690663512579036,12.690663512579036,2.908092445942291e-07,25.24104510157706
6580,9241.5,3521.5,4,12.68854775010789,12.68854775010789,12.68854775010789,2.9076076144869733e-07,25.24122612847322
7898,9415.5,3719.5,4,12.686514432513379,12.686514432513379,12.686514432513379,2.9071416754499054e-07,25.241400129743994
2150,8202.5,3038.5,4,12.686401792034161,12.686401792034161,12.686401792034161,2.9071158636453145e-07,25.241409769774748
3682,9178.5,3218.0,4,12.680273680198695,12.680273680198695,12.680273680198695,2.905711593827669e-07,25.24193435668984
7994,8082.0,3739.25,4,12.677990910312618,12.677990910312618,12.677990910312618,2.9051884922691927e-07,25.242129834255763
8108,9297.0,3760.75,4,12.67592449974847,12.67592449974847,12.67592449974847,2.9047149699079816e-07,25.242306814949444
7737,8187.0,3692.5,4,12.675675519363114,12.675675519363114,12.675675519363114,2.9046579155248816e-07,25.24232814117883
6146,8406.5,3472.5,4,12.675217159307362,12.675217159307362,12.675217159307362,2.9045528813464613e-07,25.24236740276332
8414,8386.25,3829.0,4,12.669019613407208,12.669019613407208,12.669019613407208,2.9031327005657043e-07,25.242898403176465
790,9603.0,2775.4,5,12.667213710148907,12.667213710148907,12.667213710148907,2.9027188740058584e-07,25.24305318029176
7160,9167.25,3600.25,4,12.667051202950677,12.667051202950677,12.667051202950677,2.9026816351368967e-07,25.243067109249182
2090,9201.5,3028.5,4,12.664493304504955,12.664493304504955,12.664493304504955,2.9020954872857523e-07,25.24328637759733
7265,9300.6,3615.6,5,12.664327962223027,12.664327962223027,12.664327962223027,2.9020575987513514e-07,25.243300552603717
6892,7559.4,3563.4,5,12.663659280726998,12.663659280726998,12.663659280726998,2.9019043689690463e-07,25.243357881415747
7308,8526.4,3624.4,5,12.663181344920375,12.663181344920375,12.663181344920375,2.901794848965816e-07,25.243398858671185
3100,8758.0,3157.25,4,12.662112059680027,12.662112059680027,12.662112059680027,2.9015498199862887e-07,25.243490542639524
82,9212.4,2397.2,5,12.662068477663716,12.662068477663716,12.662068477663716,2.901539833074865e-07,25.243494279666507
1229,8932.0,2884.5,4,12.662017798228572,12.662017798228572,12.662017798228572,2.90152821977487e-07,25.24349862529201
6438,9045.8,3506.2,5,12.6614201729913,12.6614201729913,12.6614201729913,2.9013912726848857e-07,25.24354987136356
813,9476.5,2780.5,4,12.660057617439694,12.660057617439694,12.660057617439694,2.9010790401918505e-07,25.24366671887989
7092,8779.5,3590.5,4,12.65903613694897,12.65903613694897,12.65903613694897,2.9008449657720374e-07,25.243754325360797
5776,9016.75,3431.75,4,12.656422665399603,12.656422665399603,12.656422665399603,2.9002460832263875e-07,25.243978499902802
1002,8728.0,2837.0,5,12.656325512586328,12.656325512586328,12.656325512586328,2.900223820453278e-07,25.243986834227158
8424,9160.2,3829.6,5,12.654934669985055,12.654934669985055,12.654934669985055,2.8999051059228484e-07,25.244106155679976
3487,8240.5,3199.5,4,12.654818050715303,12.654818050715303,12.654818050715303,2.8998783823699713e-07,25.244116161132403
192,8856.5,2492.5,4,12.653646001036455,12.653646001036455,12.653646001036455,2.899609804701519e-07,25.24421672328176
4320,8520.5,3283.5,4,12.653628278745565,12.653628278745565,12.653628278745565,2.8996057436009933e-07,25.244218243930142
1094,8838.6,2856.8,5,12.653390794605183,12.653390794605183,12.653390794605183,2.899551323606799e-07,25.244238621290943
1379,8800.25,2917.0,4,12.652424265551591,12.652424265551591,12.652424265551591,2.899329841425292e-07,25.244321558401207
3438,9164.4,3193.6,5,12.651061540938926,12.651061540938926,12.651061540938926,2.899017570191557e-07,25.244438503510022
6417,9323.4,3503.6,5,12.650944133544439,12.650944133544439,12.650944133544439,2.8989906660382265e-07,25.244448579664503
6884,9550.5,3562.0,4,12.649715871581742,12.649715871581742,12.649715871581742,2.8987092072057695e-07,25.24455399734788
9133,9007.4,4098.4,5,12.649575053421437,12.649575053421437,12.649575053421437,2.898676938425825e-07,25.244566083961328
1175,9664.5,2873.5,4,12.649080340814406,12.649080340814406,12.649080340814406,2.898563573983218e-07,25.244608546881203
2103,8868.5,3031.5,4,12.646861530173815,12.646861530173815,12.646861530173815,2.898055128821428e-07,25.24479901561824
997,8816.2,2836.6,5,12.642365875578157,12.642365875578157,12.642365875578157,2.8970249400408143e-07,25.24518503729709
4172,9148.5,3267.5,4,12.640352295204188,12.640352295204188,12.640352295204188,2.896563523829674e-07,25.24535797891698
3562,8772.5,3205.5,4,12.639479184384399,12.639479184384399,12.639479184384399,2.8963634486344735e-07,25.245432976887514
5141,9682.0,3366.5,4,12.637263612480558,12.637263612480558,12.637263612480558,2.895855745636075e-07,25.245623312062875
7194,9539.5,3605.5,4,12.636909828908875,12.636909828908875,12.636909828908875,2.895774675380663e-07,25.245653707963523
2477,8546.0,3083.5,4,12.636851759781187,12.636851759781187,12.636851759781187,2.895761368716957e-07,25.245658697149963
673,9328.5,2737.5,4,12.63175170384162,12.63175170384162,12.63175170384162,2.894592680087159e-07,25.246096973484708
7181,8767.75,3603.75,4,12.630096963784084,12.630096963784084,12.630096963784084,2.894213492895209e-07,25.246239212575453
4603,8014.4,3313.2,5,12.627312126635474,12.627312126635474,12.627312126635474,2.8935753415592267e-07,25.246478635274592
36,8966.5,2177.0,4,12.627280929645543,12.627280929645543,12.627280929645543,2.8935681927028524e-07,25.246481317693696
7796,8656.8,3700.4,5,12.626951302709237,12.626951302709237,12.626951302709237,2.893492657991645e-07,25.246509660499413
8123,9086.75,3763.75,4,12.624593369761389,12.624593369761389,12.624593369761389,2.8929523326582313e-07,25.246712427752705
2871,8974.25,3131.0,4,12.622425990137899,12.622425990137899,12.622425990137899,2.8924556730230345e-07,25.246898842037808
1333,9382.5,2905.5,4,12.621309373680653,12.621309373680653,12.621309373680653,2.892199797994821e-07,25.246994893663906
378,8710.5,2610.5,4,12.620148500514585,12.620148500514585,12.620148500514585,2.891933781447964e-07,25.247094761273196
8841,8300.25,3955.25,4,12.620137558997465,12.620137558997465,12.620137558997465,2.8919312741761215e-07,25.247095702593846
5355,8595.5,3390.5,4,12.619786368199513,12.619786368199513,12.619786368199513,2.891850798060307e-07,25.247125916675728
9045,8671.25,4047.75,4,12.619267779085035,12.619267779085035,12.619267779085035,2.891731962265404e-07,25.24717053411454
5054,8244.0,3358.5,4,12.618601391856032,12.618601391856032,12.618601391856032,2.891579258219251e-07,25.24722787023402
6897,8625.5,3563.5,4,12.618498434724714,12.618498434724714,12.618498434724714,2.891555665374358e-07,25.247236728960722
1570,8972.5,2949.0,4,12.618047218124026,12.618047218124026,12.618047218124026,2.891452268133808e-07,25.24727555378297
6873,7913.5,3560.5,4,12.616799403424416,12.616799403424416,12.616799403424416,2.891166328750239e-07,25.247382928923198
305,8962.5,2576.5,4,12.614355973558624,12.614355973558624,12.614355973558624,2.8906064116168394e-07,25.24759321816582
3961,9527.25,3247.0,4,12.614024363772849,12.614024363772849,12.614024363772849,2.890530422531473e-07,25.247621760683852
219,8895.5,2513.0,4,12.607741629531283,12.607741629531283,12.607741629531283,2.889090720661697e-07,25.248162673812125
369,9495.2,2608.6,5,12.607353538166874,12.607353538166874,12.607353538166874,2.8890017887028555e-07,25.248196095446453
5469,8504.5,3402.5,4,12.6071662017482,12.6071662017482,12.6071662017482,2.888958860165395e-07,25.24821222884374
7319,8930.25,3626.0,4,12.604897502110603,12.604897502110603,12.604897502110603,2.888438982834185e-07,25.24840762810735
2315,8587.5,3063.0,4,12.604320942365852,12.604320942365852,12.604320942365852,2.8883068629464674e-07,25.248457291827833
2416,8701.0,3077.0,4,12.600174145506777,12.600174145506777,12.600174145506777,2.8873566156557106e-07,25.24881455568165
1945,9516.5,3005.5,4,12.59670191259099,12.59670191259099,12.59670191259099,2.8865609461225184e-07,25.24911379349218
7692,8734.0,3683.5,4,12.595712025945005,12.595712025945005,12.595712025945005,2.8863341114992006e-07,25.249199117254587
6572,8664.5,3520.5,4,12.594669516587416,12.594669516587416,12.594669516587416,2.8860952182699675e-07,25.24928898410731
6735,8379.5,3542.5,4,12.594532605974269,12.594532605974269,12.594532605974269,2.8860638449127376e-07,25.249300786689126
8243,8711.5,3789.5,4,12.59390175222828,12.59390175222828,12.59390175222828,2.8859192834395427e-07,25.249355172026643
2860,8217.75,3129.75,4,12.586891706466508,12.586891706466508,12.586891706466508,2.884312916593135e-07,25.249959685199723
376,9190.8,2609.8,5,12.583435021289882,12.583435021289882,12.583435021289882,2.8835208098573304e-07,25.250257897321397
7566,9248.8,3662.8,5,12.582769029830995,12.582769029830995,12.582769029830995,2.8833681965027387e-07,25.250315362566266
8318,8735.4,3806.0,5,12.582386296375521,12.582386296375521,12.582386296375521,2.8832804923200874e-07,25.250348388197462
7227,9343.75,3611.0,4,12.580858684608728,12.580858684608728,12.580858684608728,2.882930436845451e-07,25.250480214073285
537,9444.75,2683.0,4,12.580045158110675,12.580045158110675,12.580045158110675,2.882744015523885e-07,25.25055042420391
4444,9016.5,3296.5,4,12.579578682796125,12.579578682796125,12.579578682796125,2.8826371217167085e-07,25.250590684673696
8329,8775.5,3808.5,4,12.576979723894873,12.576979723894873,12.576979723894873,2.882041564775138e-07,25.25081502249751
1044,9540.6,2847.2,5,12.57640513516539,12.57640513516539,12.57640513516539,2.881909896549747e-07,25.250864626301535
7797,8719.0,3700.25,4,12.575046796142672,12.575046796142672,12.575046796142672,2.8815986302832456e-07,25.25098189967889
2313,8136.8,3063.2,5,12.57444350429792,12.57444350429792,12.57444350429792,2.8814603846781447e-07,25.251033989466016
658,8544.4,2732.4,5,12.574430603342774,12.574430603342774,12.574430603342774,2.8814574283969257e-07,25.251035103395335
2362,9142.8,3069.2,5,12.573024791860838,12.573024791860838,12.573024791860838,2.8811352837157603e-07,25.251156494637556
8823,8499.75,3950.0,4,12.572928914243828,12.572928914243828,12.572928914243828,2.881113313156578e-07,25.251164774124682
8419,8668.5,3829.5,4,12.571081052371003,12.571081052371003,12.571081052371003,2.8806898716912695e-07,25.25132435810059
4419,8647.4,3295.0,5,12.57094779831182,12.57094779831182,12.57094779831182,2.880659336241132e-07,25.251335867017183
1689,8455.0,2969.25,4,12.5698977897454,12.5698977897454,12.5698977897454,2.880418724552298e-07,25.251426558661784
8057,8899.5,3751.5,4,12.568095448211551,12.568095448211551,12.568095448211551,2.880005714169161e-07,25.25158224869173
6493,9532.5,3510.5,4,12.567390612768106,12.567390612768106,12.567390612768106,2.879844199633165e-07,25.251643139923964
2439,8268.2,3079.6,5,12.565516293096398,12.565516293096398,12.565516293096398,2.879414695307156e-07,25.251805080342415
2539,8927.0,3091.5,4,12.565355458325598,12.565355458325598,12.565355458325598,2.879377839678485e-07,25.251818977523172
6997,9079.5,3576.5,4,12.564117288490266,12.564117288490266,12.564117288490266,2.8790941104360104e-07,25.25192596948695
1103,8421.5,2858.5,4,12.561863230762695,12.561863230762695,12.561863230762695,2.8785775883295214e-07,25.252120772797184
662,8629.4,2734.2,5,12.561036793375436,12.561036793375436,12.561036793375436,2.878388208450325e-07,25.252192205075445
8058,8919.2,3752.2,5,12.557959853977753,12.557959853977753,12.557959853977753,2.877683121264761e-07,25.252458198543856
2309,8882.0,3061.4,5,12.555749604510133,12.555749604510133,12.555749604510133,2.8771766379139054e-07,25.252649309130586
5458,9484.0,3400.5,4,12.554177254173823,12.554177254173823,12.554177254173823,2.876816330501226e-07,25.252785283854728
8451,8530.0,3837.0,4,12.553749659159603,12.553749659159603,12.553749659159603,2.876718346197289e-07,25.252822264636897
7474,8841.5,3649.5,4,12.551321585220272,12.551321585220272,12.551321585220272,2.8761619479069905e-07,25.253032281789714
6886,8549.0,3562.75,4,12.551080713257164,12.551080713257164,12.551080713257164,2.876106751586037e-07,25.253053118314277
9036,9056.6,4043.8,5,12.55082897659783,12.55082897659783,12.55082897659783,2.8760490655969117e-07,25.253074895112015
8946,8771.75,3996.0,4,12.546719204142951,12.546719204142951,12.546719204142951,2.875107302526862e-07,25.253430477956627
7811,8652.5,3703.5,4,12.546417721620173,12.546417721620173,12.546417721620173,2.8750382171676764e-07,25.253456567200956
7433,8545.75,3643.0,4,12.543595891758493,12.543595891758493,12.543595891758493,2.8743915888730757e-07,25.253700788898456
8307,9207.0,3802.75,4,12.541229256667206,12.541229256667206,12.541229256667206,2.873849269425046e-07,25.25390565709223
8354,8445.25,3815.75,4,12.540868231891249,12.540868231891249,12.540868231891249,2.8737665398323246e-07,25.253936912665672
2995,8799.75,3145.75,4,12.539640644159604,12.539640644159604,12.539640644159604,2.873485235501342e-07,25.25404319730706
10134,8578.75,3332.0,4,12.53614597696388,12.53614597696388,12.53614597696388,2.8726844251053457e-07,25.25434582284618
6761,8426.0,3545.5,4,12.53367806784092,12.53367806784092,12.53367806784092,2.872118898498275e-07,25.254559585678237
7017,8258.0,3580.75,4,12.532219094214778,12.532219094214778,12.532219094214778,2.87178457159907e-07,25.254685977363263
6382,8352.75,3501.25,4,12.529194386662791,12.529194386662791,12.529194386662791,2.8710914534516694e-07,25.254948056317144
7522,9027.25,3655.75,4,12.528495827523471,12.528495827523471,12.528495827523471,2.8709313771440687e-07,25.255008592698786
6843,8977.4,3555.8,5,12.525900685914415,12.525900685914415,12.525900685914415,2.870336694943097e-07,25.25523351443737
2601,9405.75,3101.0,4,12.524299274676956,12.524299274676956,12.524299274676956,2.869969728163316e-07,25.25537233250384
6651,8724.5,3530.5,4,12.52419343033857,12.52419343033857,12.52419343033857,2.869945473708803e-07,25.255381508228034
59,8704.4,2359.4,5,12.522116142262252,12.522116142262252,12.522116142262252,2.8694694587426193e-07,25.255561605568985
5643,8651.5,3418.5,4,12.520532177782144,12.520532177782144,12.520532177782144,2.869106489924269e-07,25.25569895267089
3301,8618.75,3180.25,4,12.51771206288393,12.51771206288393,12.51771206288393,2.8684602546171823e-07,25.25594353059178
9179,8257.5,4123.5,4,12.515818583319314,12.515818583319314,12.515818583319314,2.868026359761098e-07,25.25610777584741
8313,9100.0,3804.5,4,12.514634252227744,12.514634252227744,12.514634252227744,2.8677549677808854e-07,25.25621052038455
4593,9148.6,3311.6,5,12.513471470002642,12.513471470002642,12.513471470002642,2.867488513769104e-07,25.256311404948086
7990,8934.2,3738.4,5,12.513211036237102,12.513211036237102,12.513211036237102,2.867428834819655e-07,25.256334001819894
4313,8845.5,3282.5,4,12.510298115142206,12.510298115142206,12.510298115142206,2.8667613327758654e-07,25.256586777231167
3652,8446.75,3216.0,4,12.507232499590096,12.507232499590096,12.507232499590096,2.8660588404735194e-07,25.256852866627657
4866,9152.5,3339.5,4,12.50572047660529,12.50572047660529,12.50572047660529,2.8657123572013215e-07,25.256984131264872
4004,9377.75,3252.0,4,12.502425820850945,12.502425820850945,12.502425820850945,2.8649573798511067e-07,25.257270208210585
3068,8842.5,3153.5,4,12.500752158330656,12.500752158330656,12.500752158330656,2.8645738565367044e-07,25.257415562212948
1551,8990.5,2945.5,4,12.500449231198914,12.500449231198914,12.500449231198914,2.864504440142312e-07,25.25744187286492
795,8396.2,2776.2,5,12.498025704859563,12.498025704859563,12.498025704859563,2.8639490839441886e-07,25.257652390530883
220,9124.5,2513.5,4,12.49743554460724,12.49743554460724,12.49743554460724,2.86381384747133e-07,25.257703660507165
1330,8908.0,2905.5,4,12.497121903703249,12.497121903703249,12.497121903703249,2.863741975993315e-07,25.257730908941983
8690,8446.5,3906.5,4,12.49706995398802,12.49706995398802,12.49706995398802,2.8637300716059463e-07,25.257735422285485
7066,9397.75,3587.0,4,12.496854409664907,12.496854409664907,12.496854409664907,2.863680679167388e-07,25.257754148778524
560,8145.4,2695.2,5,12.496796442993135,12.496796442993135,12.496796442993135,2.8636673959816717e-07,25.25775918497868
4715,8256.5,3324.5,4,12.495098799951105,12.495098799951105,12.495098799951105,2.863278377479878e-07,25.257906688199103
3119,8820.5,3159.5,4,12.491596465375679,12.491596465375679,12.491596465375679,2.862475810087569e-07,25.258211059100034
8405,8697.4,3826.0,5,12.490118344966682,12.490118344966682,12.490118344966682,2.862137095662485e-07,25.258339540980252
8220,8959.75,3784.0,4,12.486175423323179,12.486175423323179,12.486175423323179,2.861233566809557e-07,25.258682343868152
5148,9192.5,3368.0,4,12.48483432399447,12.48483432399447,12.48483432399447,2.8609262510554823e-07,25.25879896551153
8205,8839.0,3781.75,4,12.484257036291492,12.484257036291492,12.484257036291492,2.860793964354594e-07,25.2588491701546
4604,8281.5,3312.5,4,12.481482539792868,12.481482539792868,12.481482539792868,2.860158182600477e-07,25.259090490569065
4317,9376.2,3283.6,5,12.478259423908991,12.478259423908991,12.478259423908991,2.8594195987632323e-07,25.259370898405958
8702,9067.5,3908.5,4,12.477679337858124,12.477679337858124,12.477679337858124,2.859286670814993e-07,25.25942137299907
17,9581.5,2075.5,4,12.473611867111698,12.473611867111698,12.473611867111698,2.8583546012711076e-07,25.259775358710996
2202,8484.5,3045.5,4,12.469826894805717,12.469826894805717,12.469826894805717,2.857487266843698e-07,25.26010486271703
9080,8354.2,4064.2,5,12.46673231326596,12.46673231326596,12.46673231326596,2.8567781369238793e-07,25.26037433848596
10464,8689.5,3448.5,4,12.466538343699426,12.466538343699426,12.466538343699426,2.856733688386526e-07,25.260391231558987
8033,8933.5,3746.5,4,12.463114086642221,12.463114086642221,12.463114086642221,2.8559490126230286e-07,25.26068949804266
8466,8943.8,3840.2,5,12.463022212846255,12.463022212846255,12.463022212846255,2.855927959547926e-07,25.26069750174651
5980,9164.5,3453.5,4,12.461903783557752,12.461903783557752,12.461903783557752,2.855671669105587e-07,25.260794939883095
675,8889.0,2738.5,4,12.461749697706011,12.461749697706011,12.461749697706011,2.8556363600060254e-07,25.260808364607364
7235,8900.75,3611.75,4,12.461343007208605,12.461343007208605,12.461343007208605,2.85554316601643e-07,25.26084379829952
9212,8247.5,4158.5,4,12.460967293338994,12.460967293338994,12.460967293338994,2.85545707038676e-07,25.260876534121035
215,8430.0,2511.75,4,12.458492657989598,12.458492657989598,12.458492657989598,2.8548900024506423e-07,25.261092172919504
652,8748.5,2729.5,4,12.457965612875668,12.457965612875668,12.457965612875668,2.85476922894554e-07,25.261138104966157
6473,8617.0,3509.6,5,12.455622219093755,12.455622219093755,12.455622219093755,2.8542322352928205e-07,25.261342355553886
1238,9145.5,2885.5,4,12.455505896457115,12.455505896457115,12.455505896457115,2.8542055797140505e-07,25.2613524952551
3055,8046.5,3152.5,4,12.452231295482493,12.452231295482493,12.452231295482493,2.8534551979591223e-07,25.261637977057593
9887,8892.75,3263.25,4,12.449253330124208,12.449253330124208,12.449253330124208,2.852772790884494e-07,25.261897663166273
5442,9227.75,3398.75,4,12.447950885611672,12.447950885611672,12.447950885611672,2.852474332963487e-07,25.262011259146853
5899,8593.75,3446.0,4,12.447904730312707,12.447904730312707,12.447904730312707,2.8524637563788884e-07,25.262015284915627
7561,8964.0,3661.25,4,12.447117003428062,12.447117003428062,12.447117003428062,2.8522832470934253e-07,25.262083994524126
2627,8517.5,3104.0,4,12.445618161815666,12.445618161815666,12.445618161815666,2.851939784360657e-07,25.26221474324217
450,8838.5,2640.5,4,12.445063493625744,12.445063493625744,12.445063493625744,2.851812680969135e-07,25.262263132703243
7298,8576.2,3622.8,5,12.4437389978305,12.4437389978305,12.4437389978305,2.8515091699499507e-07,25.2623786909379
5187,8559.6,3372.6,5,12.443031094331062,12.443031094331062,12.443031094331062,2.85134695236242e-07,25.262440458411636
3687,8548.8,3219.2,5,12.441977551173956,12.441977551173956,12.441977551173956,2.851105530714638e-07,25.262532390865097
4155,8949.5,3266.0,4,12.441083627767412,12.441083627767412,12.441083627767412,2.8509006862710635e-07,25.26261040096202
3185,9440.8,3166.6,5,12.438652383198157,12.438652383198157,12.438652383198157,2.850343561424196e-07,25.26282259696432
2949,8685.0,3139.75,4,12.436880434496615,12.436880434496615,12.436880434496615,2.84993751562301e-07,25.26297727657465
9305,8632.8,4270.6,5,12.436613132180565,12.436613132180565,12.436613132180565,2.849876262730652e-07,25.263000612243314
1318,8916.5,2904.0,4,12.436594223515272,12.436594223515272,12.436594223515272,2.8498719297699167e-07,25.26300226300127
851,8565.2,2791.0,5,12.436499348617076,12.436499348617076,12.436499348617076,2.849850188985877e-07,25.263010545775714
7075,8896.5,3587.5,4,12.435827636173322,12.435827636173322,12.435827636173322,2.8496962646554753e-07,25.26306918946595
8529,8068.0,3858.6,5,12.435661794630022,12.435661794630022,12.435661794630022,2.8496582617142723e-07,25.263083668708802
9322,8485.0,4295.5,4,12.43519218604358,12.43519218604358,12.43519218604358,2.849550649911199e-07,25.263124670199527
6686,7999.4,3537.6,5,12.432171187827109,12.432171187827109,12.432171187827109,2.848858381765896e-07,25.26338847035437
2043,8855.5,3020.5,4,12.429140182541616,12.429140182541616,12.429140182541616,2.8481638204795126e-07,25.263653208778067
5979,9142.5,3453.5,4,12.428353592001422,12.428353592001422,12.428353592001422,2.8479835715897896e-07,25.263721922851644
7281,8940.75,3619.0,4,12.422718156439025,12.422718156439025,12.422718156439025,2.8466921995845075e-07,25.264214343990375
4699,9405.5,3322.0,4,12.421827511039517,12.421827511039517,12.421827511039517,2.8464881063031943e-07,25.26429218851764
1510,8750.8,2938.0,5,12.420723033717543,12.420723033717543,12.420723033717543,2.8462350129835614e-07,25.26438873021648
3785,9346.0,3227.25,4,12.419935206412099,12.419935206412099,12.419935206412099,2.8460544806864594e-07,25.26445759897355
584,9435.75,2705.0,4,12.418975383041543,12.418975383041543,12.418975383041543,2.8458345351264356e-07,25.264541508852
2809,8879.5,3123.5,4,12.418905607683072,12.418905607683072,12.418905607683072,2.84581854595513e-07,25.26454760902076
5129,7545.0,3366.6,5,12.416533132911942,12.416533132911942,12.416533132911942,2.845274888332085e-07,25.26475504499873
6156,8565.5,3473.5,4,12.415324127196563,12.415324127196563,12.415324127196563,2.8449978421095207e-07,25.264860768969694
2333,8893.5,3064.5,4,12.414966896355232,12.414966896355232,12.414966896355232,2.844915981904961e-07,25.26489200971976
7608,8727.6,3669.0,5,12.414760090231617,12.414760090231617,12.414760090231617,2.8448685918433413e-07,25.264910095854646
2931,9178.6,3136.8,5,12.41328335728663,12.41328335728663,12.41328335728663,2.844530195358577e-07,25.265039251615825
8065,9157.5,3752.5,4,12.412048631762076,12.412048631762076,12.412048631762076,2.8442472553872184e-07,25.2651472530884
2583,8479.25,3098.0,4,12.408780194792072,12.408780194792072,12.408780194792072,2.843498286127015e-07,25.26543319522165
6942,8992.75,3568.75,4,12.408649719922082,12.408649719922082,12.408649719922082,2.843468387533972e-07,25.265444611495667
834,8806.0,2787.0,5,12.408622414600579,12.408622414600579,12.408622414600579,2.8434621304616674e-07,25.265447000668498
8791,8764.5,3938.5,4,12.408009181936851,12.408009181936851,12.408009181936851,2.8433216068968255e-07,25.265500658950245
8885,8814.6,3970.8,5,12.407151135141532,12.407151135141532,12.407151135141532,2.843124983654766e-07,25.265575743089094
3433,8132.2,3194.2,5,12.406163811022124,12.406163811022124,12.406163811022124,2.8428987362398453e-07,25.26566214617914
120,9335.0,2428.0,5,12.402554165599765,12.402554165599765,12.402554165599765,2.8420715783394813e-07,25.265978093400015
959,8772.75,2824.75,4,12.401170901889511,12.401170901889511,12.401170901889511,2.841754600527994e-07,25.266099192911348
7368,8622.75,3632.25,4,12.400071978960199,12.400071978960199,12.400071978960199,2.841502780009214e-07,25.26619540909028
7091,8719.5,3590.5,4,12.39997841060407,12.39997841060407,12.39997841060407,2.841481338622058e-07,25.266203601860077
5545,7993.5,3409.5,4,12.39874452797156,12.39874452797156,12.39874452797156,2.8411985918011986e-07,25.26631164541143
3505,9734.5,3199.5,4,12.397576319904859,12.397576319904859,12.397576319904859,2.8409308944463124e-07,25.26641394815234
6230,8667.5,3482.5,4,12.395312885011606,12.395312885011606,12.395312885011606,2.840412223542429e-07,25.266612189930235
3969,9356.0,3247.25,4,12.389450076387153,12.389450076387153,12.389450076387153,2.8390687485179846e-07,25.267125849367993
7754,8251.5,3695.0,4,12.387286521569575,12.387286521569575,12.387286521569575,2.8385729653451706e-07,25.267315466736942
8518,8802.0,3853.25,4,12.385884875837672,12.385884875837672,12.385884875837672,2.838251775254456e-07,25.267438326866113
4804,9251.5,3333.5,4,12.385719619262453,12.385719619262453,12.385719619262453,2.838213906359929e-07,25.267452813214533
2430,8813.5,3078.5,4,12.385666045315155,12.385666045315155,12.385666045315155,2.838201629776338e-07,25.26745750953431
6921,8216.0,3566.25,4,12.385321540852626,12.385321540852626,12.385321540852626,2.838122685848459e-07,25.267487709458024
7418,8297.5,3641.0,4,12.384230492763265,12.384230492763265,12.384230492763265,2.837872669865947e-07,25.26758335837496
4014,9165.5,3252.5,4,12.382325504101999,12.382325504101999,12.382325504101999,2.8374361376759677e-07,25.267750383226016
687,9290.2,2741.2,5,12.378682420565225,12.378682420565225,12.378682420565225,2.8366013173608025e-07,25.268069871651804
5205,8755.5,3373.75,4,12.378478597801347,12.378478597801347,12.378478597801347,2.83655461094239e-07,25.26808774912604
2935,8644.0,3137.5,4,12.377642856010759,12.377642856010759,12.377642856010759,2.836363098939447e-07,25.268161055853177
288,9224.5,2567.5,4,12.376525540974496,12.376525540974496,12.376525540974496,2.8361070638303714e-07,25.268259068387337
7530,8532.0,3657.25,4,12.376334188321795,12.376334188321795,12.376334188321795,2.83606321496437e-07,25.268275855013623
42,8727.5,2201.5,4,12.375917947626835,12.375917947626835,12.375917947626835,2.8359678325267607e-07,25.268312371092243
8215,8901.4,3783.2,5,12.371228493306617,12.371228493306617,12.371228493306617,2.834893234128442e-07,25.26872385371785
4772,8293.5,3331.5,4,12.370695143140921,12.370695143140921,12.370695143140921,2.834771015807362e-07,25.268770663140863
3144,9385.8,3162.2,5,12.370497247291336,12.370497247291336,12.370497247291336,2.8347256675539243e-07,25.268788031963293
2346,8667.0,3066.75,4,12.366303026826031,12.366303026826031,12.366303026826031,2.83376455304327e-07,25.269156213539176
7429,8944.5,3642.0,4,12.365555607173583,12.365555607173583,12.365555607173583,2.8335932802455095e-07,25.269221837444682
5857,9041.5,3441.0,4,12.365024184413443,12.365024184413443,12.365024184413443,2.833471503593498e-07,25.269268499102896
2035,8890.5,3020.0,4,12.364381440559818,12.364381440559818,12.364381440559818,2.833324217476933e-07,25.269324938006687
1518,9206.5,2938.5,4,12.363893387638655,12.363893387638655,12.363893387638655,2.83321237911546e-07,25.269367795563884
3093,7568.5,3155.5,4,12.359227796941623,12.359227796941623,12.359227796941623,2.832143249116981e-07,25.269777582075758
2474,9041.5,3082.5,4,12.359066543191432,12.359066543191432,12.359066543191432,2.8321062974782947e-07,25.26979174802365
638,9042.5,2725.5,4,12.358578418278935,12.358578418278935,12.358578418278935,2.831994442619855e-07,25.269834630336334
9222,9010.5,4165.5,4,12.358416685241673,12.358416685241673,12.358416685241673,2.8319573811515195e-07,25.269848839135847
6399,9098.5,3501.5,4,12.357766958405676,12.357766958405676,12.357766958405676,2.8318084948697415e-07,25.26990592173075
6296,8296.4,3490.0,5,12.356577308529435,12.356577308529435,12.356577308529435,2.8315358840787467e-07,25.27001044774436
7188,9203.5,3604.5,4,12.35636170956963,12.35636170956963,12.35636170956963,2.831486479120074e-07,25.270029391957852
6251,8556.5,3485.5,4,12.353200595685287,12.353200595685287,12.353200595685287,2.830762103172457e-07,25.27030719014528
3731,9632.5,3222.5,4,12.352630184946065,12.352630184946065,12.352630184946065,2.8306313923423907e-07,25.270357325321612
6853,8858.5,3557.5,4,12.351467939037306,12.351467939037306,12.351467939037306,2.830365061228636e-07,25.270459485898904
8771,8767.0,3934.2,5,12.349782207736773,12.349782207736773,12.349782207736773,2.829978772327657e-07,25.27060767754884
575,9082.0,2701.5,4,12.349385964764199,12.349385964764199,12.349385964764199,2.8298879724105245e-07,25.270642513972334
7205,9753.5,3607.5,4,12.349313752235275,12.349313752235275,12.349313752235275,2.8298714247564434e-07,25.27064886278891
8763,8548.75,3931.0,4,12.348549396057916,12.348549396057916,12.348549396057916,2.829696270918097e-07,25.270716066106896
971,8143.5,2828.5,4,12.348454560184674,12.348454560184674,12.348454560184674,2.8296745390767084e-07,25.27072440450626
442,8758.5,2636.5,4,12.343065648310255,12.343065648310255,12.343065648310255,2.828439658497114e-07,25.27119832727568
307,9515.2,2576.6,5,12.343016284138084,12.343016284138084,12.343016284138084,2.8284283465924174e-07,25.27120266951752
301,8720.5,2574.5,4,12.342372728509767,12.342372728509767,12.342372728509767,2.828280874455961e-07,25.271259280466232
5213,8367.5,3374.5,4,12.340199564829387,12.340199564829387,12.340199564829387,2.8277828893918667e-07,25.27145046657639
292,8887.0,2570.5,4,12.338784185323052,12.338784185323052,12.338784185323052,2.8274585521776276e-07,25.27157500402013
1784,8508.0,2982.5,4,12.336249736264797,12.336249736264797,12.336249736264797,2.8268777778033305e-07,25.27179804266884
1756,9350.0,2978.5,4,12.335938744185516,12.335938744185516,12.335938744185516,2.826806513309113e-07,25.271825414003178
4674,9705.5,3318.5,4,12.334182782831745,12.334182782831745,12.334182782831745,2.826404131042559e-07,25.271979974313478
7815,8447.5,3704.5,4,12.333011573661764,12.333011573661764,12.333011573661764,2.8261357459784947e-07,25.272083076772702
329,8970.5,2589.5,4,12.330957724951535,12.330957724951535,12.330957724951535,2.825665102192738e-07,25.272263902322877
5164,8467.0,3369.25,4,12.330129091478128,12.330129091478128,12.330129091478128,2.825475219075746e-07,25.272336865641126
712,8843.75,2749.0,4,12.330049673603067,12.330049673603067,12.330049673603067,2.825457020301323e-07,25.27234385884771
870,7852.4,2796.8,5,12.32938165039869,12.32938165039869,12.32938165039869,2.8253039413679453e-07,25.272402683965716
5813,8770.25,3437.25,4,12.329243531479307,12.329243531479307,12.329243531479307,2.82527229112478e-07,25.272414846907502
1450,8154.25,2928.75,4,12.328717988407035,12.328717988407035,12.328717988407035,2.825151861815708e-07,25.27246112819806
6150,8855.75,3473.25,4,12.32824580400495,12.32824580400495,12.32824580400495,2.8250436597590197e-07,25.272502712206947
317,8796.0,2584.2,5,12.327279305226705,12.327279305226705,12.327279305226705,2.824822184515173e-07,25.27258783411867
722,8608.5,2752.5,4,12.327159089809225,12.327159089809225,12.327159089809225,2.8247946368974214e-07,25.272598422251242
8080,9593.5,3755.5,4,12.32485197166496,12.32485197166496,12.32485197166496,2.8242659558839674e-07,25.272801644754995
9041,8472.25,4047.0,4,12.324630593446184,12.324630593446184,12.324630593446184,2.8242152265958506e-07,25.272821146855815
3627,8863.75,3212.75,4,12.321177851460888,12.321177851460888,12.321177851460888,2.823424023450698e-07,25.273125358179378
3270,8977.5,3176.5,4,12.320822699595595,12.320822699595595,12.320822699595595,2.823342639647905e-07,25.273156654440214
6386,8748.5,3500.25,4,12.319355468503346,12.319355468503346,12.319355468503346,2.8230064205328375e-07,25.27328595755715
474,9198.5,2650.5,4,12.317751859014514,12.317751859014514,12.317751859014514,2.822638950019094e-07,25.273427296948956
5435,8665.5,3398.5,4,12.31670644433791,12.31670644433791,12.31670644433791,2.82239939102985e-07,25.273519447914893
5902,9006.5,3445.5,4,12.31616061018049,12.31616061018049,12.31616061018049,2.8222743119756017e-07,25.273567565083333
6583,8232.6,3522.8,5,12.314550294935199,12.314550294935199,12.314550294935199,2.8219053048235507e-07,25.273709532367356
2065,8507.5,3026.0,4,12.312769642407961,12.312769642407961,12.312769642407961,2.821497264522256e-07,25.27386653840173
2898,8979.5,3133.5,4,12.311976083751716,12.311976083751716,12.311976083751716,2.8213154188739685e-07,25.273936516412757
6368,8870.5,3499.25,4,12.30522192276257,12.30522192276257,12.30522192276257,2.8197676885656404e-07,25.274532298052957
9219,9232.5,4163.5,4,12.304582472190013,12.304582472190013,12.304582472190013,2.8196211571114135e-07,25.27458872065809
3385,8397.5,3189.5,4,12.304260646348862,12.304260646348862,12.304260646348862,2.8195474100376977e-07,25.274617118414596
9010,8892.8,4025.4,5,12.302812694580965,12.302812694580965,12.302812694580965,2.819215608820674e-07,25.2747448941673
8497,8948.5,3847.5,4,12.302379376822252,12.302379376822252,12.302379376822252,2.8191163131377055e-07,25.27478313559029
175,9309.5,2476.5,4,12.30187807706481,12.30187807706481,12.30187807706481,2.819001439235618e-07,25.27482737828261
9117,8540.0,4082.6,5,12.301206914003707,12.301206914003707,12.301206914003707,2.8188476407974154e-07,25.274886615247013
6628,9738.8,3527.2,5,12.300494484686991,12.300494484686991,12.300494484686991,2.818684386109262e-07,25.274949497914363
8544,8722.75,3861.25,4,12.299585050642772,12.299585050642772,12.299585050642772,2.818475987370185e-07,25.275029774522146
1189,8686.5,2877.5,4,12.299347641736261,12.299347641736261,12.299347641736261,2.818421584615991e-07,25.275050731809063
5142,8246.5,3367.5,4,12.299024759506533,12.299024759506533,12.299024759506533,2.8183475954685943e-07,25.275079234908453
1410,8802.5,2922.5,4,12.297788697408475,12.297788697408475,12.297788697408475,2.818064349218584e-07,25.27518835777306
8645,8196.5,3894.5,4,12.29775658435499,12.29775658435499,12.29775658435499,2.818056990444304e-07,25.2751911929454
2574,9623.5,3095.5,4,12.297344074494239,12.297344074494239,12.297344074494239,2.8179624629352623e-07,25.275227612954154
1398,8579.75,2920.0,4,12.296899876827641,12.296899876827641,12.296899876827641,2.8178606740983383e-07,25.27526683200799
94,9439.8,2406.2,5,12.296487740670857,12.296487740670857,12.296487740670857,2.817766232224353e-07,25.275303221557387
2830,8870.5,3125.5,4,12.296367908398054,12.296367908398054,12.296367908398054,2.817738772405016e-07,25.275313802373127
3699,9004.5,3219.5,4,12.295732038658684,12.295732038658684,12.295732038658684,2.817593061506305e-07,25.27536994941215
4143,8130.25,3266.0,4,12.295156843090147,12.295156843090147,12.295156843090147,2.8174612542224584e-07,25.275420741447906
2256,8695.5,3053.5,4,12.294774935312631,12.294774935312631,12.294774935312631,2.8173737392456614e-07,25.275454466722515
8253,8777.0,3791.75,4,12.294436489523285,12.294436489523285,12.294436489523285,2.817296183675586e-07,25.275484354858456
3177,9292.5,3165.0,4,12.294376683591135,12.294376683591135,12.294376683591135,2.8172824790194553e-07,25.275489636403794
3275,7833.0,3177.25,4,12.293346116242486,12.293346116242486,12.293346116242486,2.8170463223268854e-07,25.275580651280745
2651,9095.0,3105.75,4,12.290834373666847,12.290834373666847,12.290834373666847,2.816470751191214e-07,25.275802508573243
5472,8733.0,3402.25,4,12.29039173359891,12.29039173359891,12.29039173359891,2.8163693192813244e-07,25.27584161080072
9328,7634.5,4322.0,4,12.290141468718438,12.290141468718438,12.290141468718438,2.8163119705534457e-07,25.27586371948643
7018,8279.5,3580.5,4,12.288170986981871,12.288170986981871,12.288170986981871,2.8158604304864273e-07,25.276037809824864
3469,9130.0,3196.5,4,12.284743781400117,12.284743781400117,12.284743781400117,2.815075079062279e-07,25.276340666953573
6160,8231.5,3474.5,4,12.28392503810322,12.28392503810322,12.28392503810322,2.8148874623001997e-07,25.27641303060068
5627,7894.5,3417.5,4,12.280946929024998,12.280946929024998,12.280946929024998,2.814205022291843e-07,25.276676287894926
6993,7903.5,3576.5,4,12.279127295087493,12.279127295087493,12.279127295087493,2.8137880493177515e-07,25.276837170344297
2821,9026.0,3124.75,4,12.278202576073504,12.278202576073504,12.278202576073504,2.81357614799545e-07,25.27691893826601
7613,8574.0,3669.25,4,12.275130365333446,12.275130365333446,12.275130365333446,2.8128721443918045e-07,25.277190641537782
249,8777.75,2539.75,4,12.274662009566665,12.274662009566665,12.274662009566665,2.812764819675013e-07,25.277232068430926
4473,8315.75,3299.75,4,12.272990273914811,12.272990273914811,12.272990273914811,2.812381737906597e-07,25.277379949287628
3538,8709.0,3204.5,4,12.27223679900223,12.27223679900223,12.27223679900223,2.812209077533141e-07,25.27744660786771
5522,8237.2,3408.2,5,12.26960459654817,12.26960459654817,12.26960459654817,2.8116059027609746e-07,25.27767950624461
1861,9227.5,2995.5,4,12.268799665269494,12.268799665269494,12.268799665269494,2.811421451052149e-07,25.277750736877422
6894,7940.2,3563.8,5,12.267992260610425,12.267992260610425,12.267992260610425,2.811236432562964e-07,25.277822191081643
8135,8768.5,3765.5,4,12.266549169627325,12.266549169627325,12.266549169627325,2.8109057452050805e-07,25.27794991436788
6789,8488.75,3549.25,4,12.264448721531593,12.264448721531593,12.264448721531593,2.810424423071353e-07,25.278135845047053
8210,8612.75,3783.0,4,12.26192857606432,12.26192857606432,12.26192857606432,2.8098469263952506e-07,25.27835896916779
4211,8282.5,3271.5,4,12.259388410978843,12.259388410978843,12.259388410978843,2.8092648421811984e-07,25.2785839121601
6750,9321.5,3543.5,4,12.259028743623809,12.259028743623809,12.259028743623809,2.809182423644359e-07,25.27861576608171
2570,8919.5,3096.0,4,12.258518397170455,12.258518397170455,12.258518397170455,2.8090654766727256e-07,25.278660966494158
4909,9702.5,3343.5,4,12.255852604118145,12.255852604118145,12.255852604118145,2.808454604543764e-07,25.278897101293826
980,9541.25,2830.0,4,12.254805821217555,12.254805821217555,12.254805821217555,2.808214732023093e-07,25.27898983891635
5618,8429.75,3417.0,4,12.253588708468776,12.253588708468776,12.253588708468776,2.8079358280566395e-07,25.279097676528973
7168,8608.5,3602.5,4,12.251146785390915,12.251146785390915,12.251146785390915,2.807376256206889e-07,25.279314066075745
882,8523.5,2801.5,4,12.24961302102784,12.24961302102784,12.24961302102784,2.807024790851772e-07,25.279450001737654
618,8707.5,2717.5,4,12.246081286754642,12.246081286754642,12.246081286754642,2.806215486456396e-07,25.27976307976225
4046,8673.0,3255.5,4,12.244072581615995,12.244072581615995,12.244072581615995,2.8057551874157643e-07,25.279941185944054
1112,9558.5,2860.5,4,12.24357763742672,12.24357763742672,12.24357763742672,2.805641769905595e-07,25.279985075726938
3508,8636.0,3200.75,4,12.243386644515482,12.243386644515482,12.243386644515482,2.8055980034751124e-07,25.280002012731963
7944,8626.0,3732.8,5,12.24286176684939,12.24286176684939,12.24286176684939,2.805477726645277e-07,25.280048559567206
463,8172.5,2647.5,4,12.24186225800149,12.24186225800149,12.24186225800149,2.8052486870739925e-07,25.280137202832506
2959,9135.0,3140.5,4,12.23959859156274,12.23959859156274,12.23959859156274,2.8047299631109676e-07,25.280337986979347
8031,8682.5,3746.5,4,12.239340523271885,12.239340523271885,12.239340523271885,2.804670826215058e-07,25.28036087964519
2274,9169.5,3055.5,4,12.238724861987368,12.238724861987368,12.238724861987368,2.804529746126614e-07,25.280415495541998
1937,8599.5,3005.5,4,12.238612186134365,12.238612186134365,12.238612186134365,2.804503926216045e-07,25.28042549142127
3533,8166.8,3203.4,5,12.238493887053092,12.238493887053092,12.238493887053092,2.804476817730798e-07,25.280435986256332
2008,8556.25,3016.0,4,12.237827962420873,12.237827962420873,12.237827962420873,2.804324219689678e-07,25.280495065270536
9175,8720.5,4121.5,4,12.236612826872056,12.236612826872056,12.236612826872056,2.8040457688027875e-07,25.280602877062552
6559,8160.4,3520.2,5,12.234864848481237,12.234864848481237,12.234864848481237,2.803645215849116e-07,25.280757983628035
9082,8089.0,4066.0,5,12.233939648988253,12.233939648988253,12.233939648988253,2.803433204424034e-07,25.280840090016746
3869,8808.25,3238.25,4,12.233831172235028,12.233831172235028,12.233831172235028,2.8034083467460805e-07,25.280849717141276
2486,9134.25,3085.0,4,12.232083680462964,12.232083680462964,12.232083680462964,2.8030079053021287e-07,25.28100481578354
3811,9672.5,3230.5,4,12.230963705257501,12.230963705257501,12.230963705257501,2.802751260609641e-07,25.281104230840924
1650,9613.5,2961.5,4,12.230785041618423,12.230785041618423,12.230785041618423,2.80271031945801e-07,25.281120090833884
3466,8852.0,3196.5,4,12.22590303227308,12.22590303227308,12.22590303227308,2.8015915966675004e-07,25.28155355707859
1017,8733.2,2840.4,5,12.225286012231226,12.225286012231226,12.225286012231226,2.801450205216933e-07,25.281608353677427
6754,8689.5,3544.5,4,12.223294184120185,12.223294184120185,12.223294184120185,2.800993773582953e-07,25.281785263737746
4904,8640.5,3343.5,4,12.22162612384551,12.22162612384551,12.22162612384551,2.800611534035009e-07,25.28193343958875
4739,8490.5,3327.5,4,12.220779541578132,12.220779541578132,12.220779541578132,2.8004175379138295e-07,25.282008650272264
1173,9184.0,2873.5,4,12.21876316731888,12.21876316731888,12.21876316731888,2.7999554814779535e-07,25.282187806696477
2364,8371.5,3069.5,4,12.21872330860646,12.21872330860646,12.21872330860646,2.799946347769509e-07,25.282191348472118
3755,8915.5,3225.5,4,12.215142741315645,12.215142741315645,12.215142741315645,2.7991258531846287e-07,25.28250955857944
9039,8804.2,4045.6,5,12.214612159231818,12.214612159231818,12.214612159231818,2.7990042691753766e-07,25.282556720098697
3581,8222.5,3208.5,4,12.211632622189615,12.211632622189615,12.211632622189615,2.798321501946047e-07,25.282821598411772
2137,8454.0,3036.5,4,12.208561063868256,12.208561063868256,12.208561063868256,2.79761764784553e-07,25.283094724999952
4873,9083.5,3340.5,4,12.20818114452662,12.20818114452662,12.20818114452662,2.79753058852303e-07,25.283128512651114
10787,8800.5,3864.5,4,12.207475464092525,12.207475464092525,12.207475464092525,2.797368880355635e-07,25.283191274247805
5739,7631.0,3428.25,4,12.20711704663675,12.20711704663675,12.20711704663675,2.7972867482358605e-07,25.28322315246228
1792,8893.0,2983.5,4,12.2070691235011,12.2070691235011,12.2070691235011,2.7972757665477375e-07,25.28322741489258
3343,8577.75,3184.25,4,12.205536936305542,12.205536936305542,12.205536936305542,2.796924662603901e-07,25.283363701130007
1194,9091.0,2877.5,4,12.20529125495717,12.20529125495717,12.20529125495717,2.7968683642021193e-07,25.283385555786694
3959,9038.5,3246.5,4,12.205050458885374,12.205050458885374,12.205050458885374,2.796813185271821e-07,25.283406976299045
5906,8201.5,3446.5,4,12.204307109922755,12.204307109922755,12.204307109922755,2.796642845281264e-07,25.283473105108826
3283,8088.5,3178.5,4,12.201780093123936,12.201780093123936,12.201780093123936,2.796063774024971e-07,25.283697940299774
6006,8792.5,3456.5,4,12.199779268153435,12.199779268153435,12.199779268153435,2.795605280741574e-07,25.283875991881036
2058,8434.5,3024.5,4,12.196809539689191,12.196809539689191,12.196809539689191,2.794924761168677e-07,25.284140319140327
280,8808.0,2562.75,4,12.196057632624967,12.196057632624967,12.196057632624967,2.794752460070996e-07,25.284207254504402
9103,8674.5,4074.0,4,12.19583799985359,12.19583799985359,12.19583799985359,2.7947021307558507e-07,25.284226807166913
2437,9596.8,3078.4,5,12.19456476658774,12.19456476658774,12.19456476658774,2.794410366653945e-07,25.284340162855898
8987,8935.5,4010.5,4,12.192494706759161,12.192494706759161,12.192494706759161,2.793936008056053e-07,25.284524485111703
294,9266.5,2570.5,4,12.191912039802988,12.191912039802988,12.191912039802988,2.793802488687892e-07,25.28457637258359
10755,8726.0,3753.25,4,12.182096633751996,12.182096633751996,12.182096633751996,2.791553267584326e-07,25.285450823924993
6570,8574.75,3520.75,4,12.18158230912568,12.18158230912568,12.18158230912568,2.7914354090059256e-07,25.285496664363887
8261,8190.5,3793.5,4,12.180246675006265,12.180246675006265,12.180246675006265,2.7911293456161457e-07,25.28561571505767
2875,9444.0,3130.75,4,12.18019041605853,12.18019041605853,12.18019041605853,2.7911164537590126e-07,25.285620729941122
4023,8633.5,3253.5,4,12.178591653550043,12.178591653550043,12.178591653550043,2.79075009394109e-07,25.285763252201537
1353,8470.0,2909.25,4,12.17168534483714,12.17168534483714,12.17168534483714,2.789167498659336e-07,25.28637913263792
5480,9505.5,3402.5,4,12.17097159469104,12.17097159469104,12.17097159469104,2.789003941300329e-07,25.286442802300346
649,9099.5,2728.5,4,12.170907394116842,12.170907394116842,12.170907394116842,2.7889892296026574e-07,25.28644852945788
9430,8654.5,3051.5,4,12.16904111649967,12.16904111649967,12.16904111649967,2.788561568130493e-07,25.286615028181586
9118,8233.5,4082.5,4,12.168820626497059,12.168820626497059,12.168820626497059,2.788511042378994e-07,25.286634700737963
916,8893.5,2811.5,4,12.166279646145352,12.166279646145352,12.166279646145352,2.787928771344957e-07,25.286861437783838
6516,8744.25,3513.25,4,12.16457855525438,12.16457855525438,12.16457855525438,2.787538962761269e-07,25.28701325618298
5354,9801.25,3390.0,4,12.164493986039641,12.164493986039641,12.164493986039641,2.787519583546439e-07,25.287020804342333
163,8645.4,2468.2,5,12.164413874658814,12.164413874658814,12.164413874658814,2.7875012258537e-07,25.287027954669597
6042,7585.5,3460.5,4,12.161024154571065,12.161024154571065,12.161024154571065,2.786724464309966e-07,25.28733054670043
8064,9112.5,3753.0,4,12.160717123715827,12.160717123715827,12.160717123715827,2.786654107538635e-07,25.287357958760424
8034,9383.5,3747.0,4,12.159962685110948,12.159962685110948,12.159962685110948,2.7864812263330466e-07,25.28742531882719
8681,8818.75,3903.25,4,12.159852584649748,12.159852584649748,12.159852584649748,2.7864559965789684e-07,25.287435149498645
8593,8519.0,3875.5,4,12.156751713801157,12.156751713801157,12.156751713801157,2.7857454254506983e-07,25.28771205722174
6747,8815.4,3544.2,5,12.155195707196881,12.155195707196881,12.155195707196881,2.785388863238861e-07,25.287851035204717
1305,8833.0,2900.5,4,12.15058210818339,12.15058210818339,12.15058210818339,2.784331647244879e-07,25.288263213048307
2384,9020.5,3072.0,4,12.149623755883283,12.149623755883283,12.149623755883283,2.7841120387837665e-07,25.28834885164705
7484,8397.5,3650.5,4,12.148837979202941,12.148837979202941,12.148837979202941,2.783931976391754e-07,25.288419073885827
7332,9499.5,3628.0,4,12.14865273399046,12.14865273399046,12.14865273399046,2.783889527058626e-07,25.288435629293655
5853,8509.25,3441.0,4,12.148648072662098,12.148648072662098,12.148648072662098,2.7838884589053506e-07,25.288436045880914
4423,9220.5,3294.5,4,12.14646964730845,12.14646964730845,12.14646964730845,2.783389268117673e-07,25.28863075127888
323,8712.75,2588.25,4,12.145718534672932,12.145718534672932,12.145718534672932,2.7832171490650143e-07,25.28869789304284
7806,8111.5,3703.0,4,12.143521750926812,12.143521750926812,12.143521750926812,2.782713751412785e-07,25.28889428680614
1390,8683.5,2918.5,4,12.143084827821962,12.143084827821962,12.143084827821962,2.7826136295571063e-07,25.28893335222536
1313,8432.0,2902.5,4,12.142192275792528,12.142192275792528,12.142192275792528,2.782409099367504e-07,25.289013159925247
8094,8410.0,3757.25,4,12.13936245935545,12.13936245935545,12.13936245935545,2.781760640932221e-07,25.289266227260185
5805,8518.0,3435.5,4,12.138957310606791,12.138957310606791,12.138957310606791,2.78166780023762e-07,25.289302464089502
78,9123.5,2393.5,4,12.138350024807183,12.138350024807183,12.138350024807183,2.781528639409298e-07,25.289356782484063
8362,8491.25,3818.5,4,12.13758749265239,12.13758749265239,12.13758749265239,2.7813539035495893e-07,25.289424990664898
1464,9021.75,2931.0,4,12.137043143021291,12.137043143021291,12.137043143021291,2.781229164677695e-07,25.289473685132094
443,9086.25,2637.0,4,12.136018192483172,12.136018192483172,12.136018192483172,2.7809942950891653e-07,25.28956537739065
6233,8843.75,3483.5,4,12.135673360483779,12.135673360483779,12.135673360483779,2.7809152761055194e-07,25.28959622786397
3987,8600.25,3251.0,4,12.135673017104239,12.135673017104239,12.135673017104239,2.78091519741937e-07,25.28959625858494
5587,7878.25,3414.0,4,12.135339785080186,12.135339785080186,12.135339785080186,2.780838836594663e-07,25.289626072097548
4766,8368.5,3330.5,4,12.133807721132975,12.133807721132975,12.133807721132975,2.7804877608934465e-07,25.289763152915675
1690,8602.4,2969.6,5,12.132605737460068,12.132605737460068,12.132605737460068,2.7802123237868e-07,25.289870712048344
8007,7993.5,3742.5,4,12.13006092535132,12.13006092535132,12.13006092535132,2.779629174697514e-07,25.29009846893008
2530,8569.25,3091.0,4,12.128018918505504,12.128018918505504,12.128018918505504,2.779161244500091e-07,25.290281260048122
4512,8563.0,3304.5,4,12.125786016720184,12.125786016720184,12.125786016720184,2.778649570322615e-07,25.29048117443874
5850,9356.75,3439.75,4,12.124278585268915,12.124278585268915,12.124278585268915,2.77830413921006e-07,25.29061615741151
8062,8755.75,3752.75,4,12.123027897082018,12.123027897082018,12.123027897082018,2.778017541360788e-07,25.290728163043767
3657,9215.0,3215.5,4,12.122540541178516,12.122540541178516,12.122540541178516,2.777905862722389e-07,25.290771811428456
4655,8348.0,3317.75,4,12.12030801890256,12.12030801890256,12.12030801890256,2.7773942755102885e-07,25.29097178217561
4561,8908.5,3309.0,4,12.119683114303967,12.119683114303967,12.119683114303967,2.77725107729683e-07,25.291027762521775
4199,8323.25,3271.0,4,12.117570446480897,12.117570446480897,12.117570446480897,2.7767669549866795e-07,25.29121704138905
277,9526.5,2558.5,4,12.115853497826123,12.115853497826123,12.115853497826123,2.7763735125628005e-07,25.29137089115651
5953,8036.75,3452.0,4,12.111700908760778,12.111700908760778,12.111700908760778,2.7754219379756987e-07,25.29174308029787
3524,8604.5,3202.5,4,12.10881580103591,12.10881580103591,12.10881580103591,2.7747608094246104e-07,25.292001742486118
8724,7842.5,3917.5,4,12.107080178710634,12.107080178710634,12.107080178710634,2.774363087889551e-07,25.292157378106715
6972,8963.5,3573.5,4,12.106986795042985,12.106986795042985,12.106986795042985,2.774341688824152e-07,25.292165752580033
2255,7996.25,3054.0,4,12.106435569277984,12.106435569277984,12.106435569277984,2.774215374271598e-07,25.29221518679558
639,9065.5,2725.5,4,12.106078969970476,12.106078969970476,12.106078969970476,2.774133658784353e-07,25.29224716800746
5674,8424.5,3421.5,4,12.105397385028965,12.105397385028965,12.105397385028965,2.773977472150162e-07,25.29230829781524
3772,8831.5,3226.5,4,12.103958292842975,12.103958292842975,12.103958292842975,2.7736477011251137e-07,25.2924373780362
2291,9436.0,3057.5,4,12.102327588969676,12.102327588969676,12.102327588969676,2.773274021875734e-07,25.29258366352963
2982,8624.5,3145.0,4,12.100790237038389,12.100790237038389,12.100790237038389,2.772921734421756e-07,25.29272159275557
933,7855.25,2818.0,4,12.100543590205904,12.100543590205904,12.100543590205904,2.7728652147772436e-07,25.292743723221413
1925,9197.5,3003.5,4,12.099131070980231,12.099131070980231,12.099131070980231,2.7725415330023814e-07,25.292870470649753
1731,8582.5,2975.5,4,12.098545597246716,12.098545597246716,12.098545597246716,2.7724073704552425e-07,25.292923010407037
1376,9477.75,2914.0,4,12.096000430239547,12.096000430239547,12.096000430239547,2.771824140040231e-07,25.293151440398983
5075,8300.5,3360.5,4,12.09584218260376,12.09584218260376,12.09584218260376,2.7717878772590326e-07,25.293165644789298
2825,9497.5,3124.5,4,12.093914906403748,12.093914906403748,12.093914906403748,2.7713462378323044e-07,25.29333865302114
1430,9552.5,2925.5,4,12.09048777153775,12.09048777153775,12.09048777153775,2.7705609026128216e-07,25.293646369070785
1575,8700.5,2949.5,4,12.08746913627159,12.08746913627159,12.08746913627159,2.769869175942591e-07,25.29391747896042
7104,9643.5,3591.5,4,12.087291934261382,12.087291934261382,12.087291934261382,2.7698285697263133e-07,25.293933395944048
717,8750.5,2750.5,4,12.085804814275875,12.085804814275875,12.085804814275875,2.7694877930291944e-07,25.29406698412498
9203,9314.5,4146.5,4,12.085078264182163,12.085078264182163,12.085078264182163,2.7693213025350587e-07,25.294132256191297
4918,8741.0,3344.5,4,12.084996510915772,12.084996510915772,12.084996510915772,2.769302568600762e-07,25.294139601016
2595,8996.75,3100.0,4,12.08489743617772,12.08489743617772,12.08489743617772,2.769279865414516e-07,25.294148502091886
8632,8149.5,3890.5,4,12.082592725029198,12.082592725029198,12.082592725029198,2.768751735969239e-07,25.294355582622497
7676,8855.5,3679.25,4,12.081596871139233,12.081596871139233,12.081596871139233,2.7685235339393137e-07,25.29444507328133
5834,8088.5,3439.5,4,12.080390486832,12.080390486832,12.080390486832,2.7682470884179833e-07,25.294553492766937
7989,8364.5,3738.5,4,12.079285430685765,12.079285430685765,12.079285430685765,2.767993862459543e-07,25.29465281524719
6913,9623.0,3564.5,4,12.079138613837989,12.079138613837989,12.079138613837989,2.7679602190676487e-07,25.29466601183376
8412,9010.5,3827.5,4,12.077864370940596,12.077864370940596,12.077864370940596,2.767668223606534e-07,25.29478055349685
4861,8669.5,3339.5,4,12.077649727660543,12.077649727660543,12.077649727660543,2.7676190376439034e-07,25.29479984896532
4354,8418.5,3288.0,4,12.076359914512032,12.076359914512032,12.076359914512032,2.767323474226739e-07,25.294915804606205
7342,8443.5,3629.5,4,12.075016408703164,12.075016408703164,12.075016408703164,2.7670156070226345e-07,25.295036600446572
7149,8362.25,3599.0,4,12.073096078939056,12.073096078939056,12.073096078939056,2.7665755593864185e-07,25.29520928239473
8021,8611.5,3744.5,4,12.071914237121717,12.071914237121717,12.071914237121717,2.766304737828673e-07,25.295315570893564
9239,7889.5,4185.5,4,12.071785348809497,12.071785348809497,12.071785348809497,2.7662752027987066e-07,25.295327163044668
6217,8335.75,3482.25,4,12.071720131797012,12.071720131797012,12.071720131797012,2.7662602581820465e-07,25.295333028677703
860,8867.0,2792.25,4,12.071673393802467,12.071673393802467,12.071673393802467,2.76624954807152e-07,25.295337232323124
7552,8633.0,3660.5,4,12.071005207444955,12.071005207444955,12.071005207444955,2.7660964317512556e-07,25.295397331215383
1206,9116.75,2881.0,4,12.070547281678458,12.070547281678458,12.070547281678458,2.7659914970911387e-07,25.29543852049549
4936,9387.25,3346.25,4,12.070319419866703,12.070319419866703,12.070319419866703,2.7659392820739467e-07,25.295459016679143
1660,8420.5,2965.5,4,12.067537455167091,12.067537455167091,12.067537455167091,2.7653017889657417e-07,25.295709285775004
6130,8961.0,3470.5,4,12.06612457859525,12.06612457859525,12.06612457859525,2.764978025304248e-07,25.295836412047553
6692,8812.5,3538.0,4,12.066069339849548,12.066069339849548,12.066069339849548,2.7649653672285734e-07,25.29584138256174
8620,8532.5,3886.5,4,12.060583404030453,12.060583404030453,12.060583404030453,2.763708253406383e-07,25.296335133543415
367,8912.25,2609.0,4,12.05657834702271,12.05657834702271,12.05657834702271,2.762790486103023e-07,25.296695742762715
7859,8590.75,3713.25,4,12.054325700416243,12.054325700416243,12.054325700416243,2.7622742873579255e-07,25.296898620264074
4753,8058.5,3329.5,4,12.046111130517978,12.046111130517978,12.046111130517978,2.760391901252256e-07,25.297638760897456
7405,8851.75,3638.0,4,12.045060384437654,12.045060384437654,12.045060384437654,2.760151120560548e-07,25.297733470535086
7694,7975.5,3683.5,4,12.043207378112204,12.043207378112204,12.043207378112204,2.759726500233015e-07,25.297900512522414
9031,8819.5,4036.5,4,12.036278881497879,12.036278881497879,12.036278881497879,2.758138820546615e-07,25.298525319858022
2572,9092.5,3095.5,4,12.033084180810235,12.033084180810235,12.033084180810235,2.757406748111823e-07,25.298813537058564
4663,8463.5,3319.0,4,12.030827176329304,12.030827176329304,12.030827176329304,2.756889550750554e-07,25.299017203989518
4208,9422.5,3270.5,4,12.02972806329731,12.02972806329731,12.02972806329731,2.756637686669341e-07,25.29911639927416
3643,9082.75,3214.75,4,12.029448824185046,12.029448824185046,12.029448824185046,2.7565736984348267e-07,25.29914160213254
8366,8822.0,3817.25,4,12.02622951431891,12.02622951431891,12.02622951431891,2.7558359867546157e-07,25.299432204729374
8128,8643.5,3764.5,4,12.02563238615744,12.02563238615744,12.02563238615744,2.755699153570605e-07,25.299486115205543
6730,7800.5,3542.5,4,12.025185680913163,12.025185680913163,12.025185680913163,2.7555967901169404e-07,25.299526446811335
1053,9071.25,2848.75,4,12.023204037160586,12.023204037160586,12.023204037160586,2.7551426922502916e-07,25.29970538123457
7004,9336.5,3577.5,4,12.018885374544922,12.018885374544922,12.018885374544922,2.754153061557087e-07,25.300095441210484
6221,8601.5,3481.5,4,12.0172153346074,12.0172153346074,12.0172153346074,2.753770368365205e-07,25.30024631616715
5446,9534.5,3400.0,4,12.016504093173172,12.016504093173172,12.016504093173172,2.7536073858828416e-07,25.300310577596015
8047,9131.5,3749.5,4,12.014626665041298,12.014626665041298,12.014626665041298,2.7531771692465963e-07,25.30048022352065
9060,9017.5,4053.5,4,12.01419146751759,12.01419146751759,12.01419146751759,2.753077442811494e-07,25.300519552105616
4538,8529.5,3306.5,4,12.012829722195704,12.012829722195704,12.012829722195704,2.752765395984317e-07,25.30064262156042
1267,8744.0,2892.5,4,12.012060316044018,12.012060316044018,12.012060316044018,2.752589084933649e-07,25.300712163782176
6496,8652.5,3511.5,4,12.009178457097924,12.009178457097924,12.009178457097924,2.751928700847104e-07,25.300972678124452
6492,9209.5,3511.0,4,12.008184835323384,12.008184835323384,12.008184835323384,2.7517010103111596e-07,25.30106251405872
2970,8968.75,3143.25,4,12.007980381868876,12.007980381868876,12.007980381868876,2.751654159368653e-07,25.301081000150546
1200,9424.5,2878.5,4,12.004545611005534,12.004545611005534,12.004545611005534,2.7508670743441914e-07,25.301391609297454
4474,8356.25,3300.0,4,12.004138349285626,12.004138349285626,12.004138349285626,2.750773749457749e-07,25.301428444202262
1606,8869.5,2954.5,4,12.004032669686175,12.004032669686175,12.004032669686175,2.7507495327535126e-07,25.30143800262861
1193,8958.2,2877.6,5,12.002784382982654,12.002784382982654,12.002784382982654,2.7504634852092463e-07,25.301550913062858
9142,9074.5,4102.0,4,12.002347469654469,12.002347469654469,12.002347469654469,2.7503633655939115e-07,25.30159043566342
330,9054.5,2591.5,4,12.001726659130368,12.001726659130368,12.001726659130368,2.7502211055463015e-07,25.30164659583513
2768,9009.0,3118.5,4,12.001431649510472,12.001431649510472,12.001431649510472,2.7501535034665327e-07,25.30167328420847
9149,8942.5,4105.5,4,12.000810775609745,12.000810775609745,12.000810775609745,2.7500112288960345e-07,25.30172945439964
1119,8988.0,2862.25,4,11.998790099690392,11.998790099690392,11.998790099690392,2.7495481867256276e-07,25.301912284190877
2108,8893.75,3033.0,4,11.9972646198325,11.9972646198325,11.9972646198325,2.7491986197824354e-07,25.302050329276447
5135,8979.5,3366.5,4,11.996971143560543,11.996971143560543,11.996971143560543,2.749131369072597e-07,25.302076888806567
2873,9258.5,3130.5,4,11.996191795530102,11.996191795530102,11.996191795530102,2.748952779819337e-07,25.302147422764527
6371,9390.5,3498.5,4,11.99468014077948,11.99468014077948,11.99468014077948,2.7486063809287827e-07,25.302284246327954
4745,8523.5,3328.5,4,11.99381109184258,11.99381109184258,11.99381109184258,2.7484072365226573e-07,25.302362913876134
8141,8839.75,3768.0,4,11.993753583648843,11.993753583648843,11.993753583648843,2.748394058398155e-07,25.302368119800857
8328,8724.5,3808.5,4,11.992311706060196,11.992311706060196,11.992311706060196,2.7480636490921824e-07,25.302498653815825
38,8851.5,2182.5,4,11.991417857383846,11.991417857383846,11.991417857383846,2.7478588217731907e-07,25.302579582335913
6020,8239.5,3458.5,4,11.989130223380378,11.989130223380378,11.989130223380378,2.747334605591904e-07,25.30278673081809
838,8769.5,2787.5,4,11.988248187026517,11.988248187026517,11.988248187026517,2.7471324850916504e-07,25.30286661101077
7953,8692.0,3732.25,4,11.987947910852306,11.987947910852306,11.987947910852306,2.7470636761697955e-07,25.30289380637675
2233,9593.4,3050.4,5,11.987341032895884,11.987341032895884,11.987341032895884,2.746924608799604e-07,25.302948772085053
4535,8397.5,3306.5,4,11.984963596115215,11.984963596115215,11.984963596115215,2.7463798141215544e-07,25.30316412636456
8962,8674.5,4004.5,4,11.982560296871043,11.982560296871043,11.982560296871043,2.7458290930051695e-07,25.303381866755323
8748,8570.5,3924.5,4,11.982505893699997,11.982505893699997,11.982505893699997,2.745816626403199e-07,25.303386796221567
2209,8577.25,3046.25,4,11.981693867763596,11.981693867763596,11.981693867763596,2.7456305489385164e-07,25.30346037647607
5081,8712.0,3360.75,4,11.977585365827792,11.977585365827792,11.977585365827792,2.7446890770106064e-07,25.30383273737218
2957,9003.0,3141.5,4,11.975310706698622,11.975310706698622,11.975310706698622,2.744167834049269e-07,25.30403894874386
1643,8941.0,2960.5,4,11.974543890649187,11.974543890649187,11.974543890649187,2.7439921165260216e-07,25.304108474004998
1586,8975.5,2951.5,4,11.969667689408325,11.969667689408325,11.969667689408325,2.7428747246749664e-07,25.304550690971247
1163,9001.5,2871.5,4,11.969511947072547,11.969511947072547,11.969511947072547,2.7428390359885755e-07,25.304564818029498
695,8862.5,2743.5,4,11.9686320849274,11.9686320849274,11.9686320849274,2.742637413712858e-07,25.304644631918602
5982,7915.75,3455.0,4,11.967922235641057,11.967922235641057,11.967922235641057,2.7424747502441335e-07,25.304709027909773
973,8909.0,2828.75,4,11.967659342538902,11.967659342538902,11.967659342538902,2.742414507732486e-07,25.304732877972334
8363,8611.5,3817.5,4,11.966616240074963,11.966616240074963,11.966616240074963,2.7421754785916757e-07,25.304827514980012
1186,9416.5,2876.5,4,11.966400431686804,11.966400431686804,11.966400431686804,2.7421260256420524e-07,25.304847095543845
6114,7961.75,3469.0,4,11.964938275074356,11.964938275074356,11.964938275074356,2.7417909693547884e-07,25.304979768136263
8124,9404.75,3763.75,4,11.964372700301361,11.964372700301361,11.964372700301361,2.7416613666966344e-07,25.305031091386503
9262,8859.5,4208.5,4,11.961103358579962,11.961103358579962,11.961103358579962,2.740912190110731e-07,25.30532781632406
1156,8930.0,2869.75,4,11.956949088064619,11.956949088064619,11.956949088064619,2.7399602302157977e-07,25.30570497428525
9140,8644.25,4101.0,4,11.955615379109238,11.955615379109238,11.955615379109238,2.7396546079814375e-07,25.305826086857927
981,8045.5,2830.5,4,11.955411844532057,11.955411844532057,11.955411844532057,2.739607967601618e-07,25.305844570786476
9367,8568.5,2889.5,4,11.953809065748022,11.953809065748022,11.953809065748022,2.73924068744564e-07,25.305990137633945
8114,9061.5,3761.5,4,11.951597215589413,11.951597215589413,11.951597215589413,2.7387338372930505e-07,25.30619105334107
5342,9476.25,3389.0,4,11.951219282655968,11.951219282655968,11.951219282655968,2.7386472331601987e-07,25.30622538699115
7472,8761.25,3649.75,4,11.946951351809496,11.946951351809496,11.946951351809496,2.7376692277594465e-07,25.30661318630513
6592,8697.5,3524.0,4,11.945492226142179,11.945492226142179,11.945492226142179,2.737334866019684e-07,25.306745799410283
6702,8581.5,3538.5,4,11.945432080817412,11.945432080817412,11.945432080817412,2.737321083591016e-07,25.306751266085058
8361,8477.0,3818.25,4,11.944348964074575,11.944348964074575,11.944348964074575,2.7370728850933726e-07,25.306849716469372
1232,8668.75,2885.25,4,11.943704991576922,11.943704991576922,11.943704991576922,2.7369253174304243e-07,25.306908254871622
11,8624.5,2037.5,4,11.941004594205356,11.941004594205356,11.941004594205356,2.7363065156483495e-07,25.307153760825585
8454,8007.5,3838.5,4,11.936925071507323,11.936925071507323,11.936925071507323,2.735371684374205e-07,25.307524754927382
8848,8465.75,3958.25,4,11.935071376916696,11.935071376916696,11.935071376916696,2.7349469063292474e-07,25.307693372859106
10777,8596.5,3822.5,4,11.934856838941712,11.934856838941712,11.934856838941712,2.7348977444974964e-07,25.307712889603742
7571,9436.5,3663.5,4,11.93403983373592,11.93403983373592,11.93403983373592,2.7347105260226777e-07,25.30778721663644
8877,8377.0,3968.5,4,11.933863546259,11.933863546259,11.933863546259,2.7346701293736423e-07,25.30780325505365
5044,8567.0,3357.5,4,11.933725946034194,11.933725946034194,11.933725946034194,2.734638597990439e-07,25.307815773917017
1777,8705.75,2982.0,4,11.930970892697452,11.930970892697452,11.930970892697452,2.7340072716780833e-07,25.308066458950833
1475,8905.5,2932.5,4,11.930666092051517,11.930666092051517,11.930666092051517,2.733937425963942e-07,25.308094196620026
2357,9055.5,3067.75,4,11.928702313630637,11.928702313630637,11.928702313630637,2.7334874219759234e-07,25.308272922669953
1964,9136.5,3008.5,4,11.926907391456698,11.926907391456698,11.926907391456698,2.733076111754837e-07,25.308436306630103
7869,8623.5,3714.5,4,11.9249360967051,11.9249360967051,11.9249360967051,2.7326243853837007e-07,25.308615773352496
2578,8829.75,3097.25,4,11.924516322312911,11.924516322312911,11.924516322312911,2.732528193191881e-07,25.308653993454783
6824,9212.5,3553.5,4,11.918636058897878,11.918636058897878,11.918636058897878,2.731180718365174e-07,25.309189527926954
8025,9222.5,3745.0,4,11.914970777135121,11.914970777135121,11.914970777135121,2.730340811279468e-07,25.309523470596158
8913,8553.25,3985.25,4,11.912765974430172,11.912765974430172,11.912765974430172,2.7298355760658246e-07,25.309724398964043
8822,8721.5,3948.5,4,11.912737488760435,11.912737488760435,11.912737488760435,2.7298290485142195e-07,25.30972699516714
7255,8802.0,3614.25,4,11.912527543681229,11.912527543681229,11.912527543681229,2.7297809391542717e-07,25.30974612989435
2736,9232.5,3113.5,4,11.910779711230731,11.910779711230731,11.910779711230731,2.729380419643135e-07,25.309905443205004
1297,8905.0,2898.75,4,11.910164099355953,11.910164099355953,11.910164099355953,2.7292393508770377e-07,25.309961561225013
3390,8600.0,3189.5,4,11.909729489568264,11.909729489568264,11.909729489568264,2.72913975912289e-07,25.310001181182145
7665,7873.0,3677.75,4,11.908727171945399,11.908727171945399,11.908727171945399,2.7289100759148687e-07,25.310092560111347
1135,8543.25,2866.0,4,11.908365753582583,11.908365753582583,11.908365753582583,2.7288272561308846e-07,25.31012551165609
4329,8500.5,3284.5,4,11.90830308842034,11.90830308842034,11.90830308842034,2.728812896276117e-07,25.310131225119704
623,8528.5,2719.5,4,11.903326870775796,11.903326870775796,11.903326870775796,2.72767258545414e-07,25.310585025195323
8525,8258.5,3856.5,4,11.902898141091221,11.902898141091221,11.902898141091221,2.727574341138086e-07,25.310624131550107
2902,8225.5,3134.5,4,11.901564683376009,11.901564683376009,11.901564683376009,2.727268776475943e-07,25.310745771204918
1015,9621.75,2840.0,4,11.899847645979788,11.899847645979788,11.899847645979788,2.7268753137167735e-07,25.31090242154511
4034,8133.5,3254.5,4,11.89908323896968,11.89908323896968,11.89908323896968,2.7267001482299957e-07,25.31097216790223
542,9169.0,2685.5,4,11.890309771840796,11.890309771840796,11.890309771840796,2.7246896896391626e-07,25.311773001393917
3257,9265.5,3174.5,4,11.88988641558445,11.88988641558445,11.88988641558445,2.724592676655578e-07,25.31181165988197
2619,9384.0,3102.75,4,11.888127207936055,11.888127207936055,11.888127207936055,2.7241895504937294e-07,25.311972315474925
5836,8368.5,3439.5,4,11.887101081340848,11.887101081340848,11.887101081340848,2.723954411409225e-07,25.312066035104635
3288,8775.5,3178.5,4,11.886685375408419,11.886685375408419,11.886685375408419,2.7238591515135835e-07,25.312104005243068
2149,9017.5,3037.5,4,11.88664804939846,11.88664804939846,11.88664804939846,2.7238505981792767e-07,25.31210741462615
8537,7929.5,3859.5,4,11.88499502645197,11.88499502645197,11.88499502645197,2.7234718044669623e-07,25.312258413600638
4498,9201.5,3302.5,4,11.884144836922935,11.884144836922935,11.884144836922935,2.723276981734128e-07,25.31233608419018
270,8375.0,2554.5,4,11.883839492270171,11.883839492270171,11.883839492270171,2.723207011359669e-07,25.312363980854855
6039,9160.75,3459.75,4,11.882583003852176,11.882583003852176,11.882583003852176,2.722919084375145e-07,25.31247878273282
1384,9635.25,2916.25,4,11.878915647952697,11.878915647952697,11.878915647952697,2.722078701996612e-07,25.31281392835354
8150,8651.5,3770.0,4,11.877568528719141,11.877568528719141,11.877568528719141,2.7217700067685806e-07,25.31293706240946
1802,9061.25,2985.0,4,11.875472947995888,11.875472947995888,11.875472947995888,2.721289800003575e-07,25.313128637696302
792,8921.5,2775.5,4,11.874980148847694,11.874980148847694,11.874980148847694,2.721176874034116e-07,25.313173693668478
8767,8299.5,3933.0,4,11.874766175458467,11.874766175458467,11.874766175458467,2.7211278415783877e-07,25.313193257553696
114,8874.5,2424.5,4,11.870572599822495,11.870572599822495,11.870572599822495,2.720166874831742e-07,25.31357675319348
8476,8828.5,3843.0,4,11.86883309638689,11.86883309638689,11.86883309638689,2.719768263932024e-07,25.313735867695826
1711,9666.5,2971.5,4,11.865390851199647,11.865390851199647,11.865390851199647,2.7189794661503963e-07,25.31405080280893
3165,9272.0,3163.75,4,11.863943663913933,11.863943663913933,11.863943663913933,2.718647840116085e-07,25.314183234979083
4812,9213.0,3334.5,4,11.860410088023258,11.860410088023258,11.860410088023258,2.717838113710161e-07,25.314506660548037
4389,8193.5,3291.5,4,11.860388703505837,11.860388703505837,11.860388703505837,2.7178332134026626e-07,25.31450861815031
3985,8426.5,3250.5,4,11.860268258239696,11.860268258239696,11.860268258239696,2.717805613114603e-07,25.31451964413381
643,9055.5,2727.0,4,11.859010944963298,11.859010944963298,11.859010944963298,2.7175174971120277e-07,25.31463474970127
8668,8903.5,3900.5,4,11.856600675000639,11.856600675000639,11.856600675000639,2.7169651786407244e-07,25.31485544123667
5136,9118.5,3367.0,4,11.853534049530076,11.853534049530076,11.853534049530076,2.7162624549134236e-07,25.315136295509078
517,8225.5,2673.5,4,11.853083770589338,11.853083770589338,11.853083770589338,2.716159272539639e-07,25.315177540038512
74,8476.0,2389.25,4,11.851100592857556,11.851100592857556,11.851100592857556,2.715704823158404e-07,25.31535921326851
5025,9256.5,3353.5,4,11.850847742600351,11.850847742600351,11.850847742600351,2.715646881985966e-07,25.315382378341255
3739,8285.5,3224.5,4,11.8497331622764,11.8497331622764,11.8497331622764,2.7153914735420137e-07,25.315484497375095
7579,8330.75,3666.0,4,11.848660295759483,11.848660295759483,11.848660295759483,2.7151456239053683e-07,25.315582803618778
3366,8944.0,3186.75,4,11.848406360712616,11.848406360712616,11.848406360712616,2.71508743415108e-07,25.315606072867922
2653,8265.0,3106.75,4,11.844014673648111,11.844014673648111,11.844014673648111,2.714081069750624e-07,25.3160085824885
5088,8325.5,3362.0,4,11.839287250225702,11.839287250225702,11.839287250225702,2.71299777065205e-07,25.3164420300584
271,8066.5,2555.5,4,11.838638200487441,11.838638200487441,11.838638200487441,2.712849039528653e-07,25.3165015535839
8163,8132.5,3772.5,4,11.838398890143166,11.838398890143166,11.838398890143166,2.7127942010559657e-07,25.316523501254462
7120,8916.75,3594.75,4,11.837937051322307,11.837937051322307,11.837937051322307,2.712688369711146e-07,25.31656585874845
2624,8323.5,3103.5,4,11.835204535498377,11.835204535498377,11.835204535498377,2.712062207917627e-07,25.316816504938554
2696,8147.5,3110.5,4,11.832119437182204,11.832119437182204,11.832119437182204,2.7113552510985954e-07,25.31709956211561
3211,9541.0,3168.75,4,11.831537271609365,11.831537271609365,11.831537271609365,2.711221846623488e-07,25.317152983972385
2903,8450.5,3134.5,4,11.830210674258797,11.830210674258797,11.830210674258797,2.710917854028446e-07,25.317274727706405
2329,8713.5,3064.0,4,11.829963343518415,11.829963343518415,11.829963343518415,2.710861177664989e-07,25.317297427111676
7515,8170.0,3655.5,4,11.82970716438187,11.82970716438187,11.82970716438187,2.710802473672794e-07,25.317320939101275
4833,9085.25,3337.75,4,11.828395958039685,11.828395958039685,11.828395958039685,2.710502007959949e-07,25.31744128891898
1718,8872.5,2972.5,4,11.827733347369843,11.827733347369843,11.827733347369843,2.7103501693203334e-07,25.31750211208957
2104,8871.5,3032.0,4,11.827616056895181,11.827616056895181,11.827616056895181,2.7103232919594285e-07,25.317512878915515
3809,9282.5,3230.5,4,11.827532110890974,11.827532110890974,11.827532110890974,2.7103040555546134e-07,25.317520584909605
10415,8504.5,3432.0,4,11.825497214288504,11.825497214288504,11.825497214288504,2.7098377546845246e-07,25.317707399113342
7512,8813.5,3654.5,4,11.823814301759583,11.823814301759583,11.823814301759583,2.709452111711036e-07,25.31786192361728
3373,8534.5,3187.0,4,11.823700665602544,11.823700665602544,11.823700665602544,2.7094260717447613e-07,25.31787235844648
8144,8369.5,3768.5,4,11.821711375150983,11.821711375150983,11.821711375150983,2.7089702216208306e-07,25.318055044598566
1698,8800.25,2970.75,4,11.821607759978711,11.821607759978711,11.821607759978711,2.7089464779844585e-07,25.31806456092267
8624,9256.5,3886.5,4,11.820488322361852,11.820488322361852,11.820488322361852,2.708689956481539e-07,25.318167378705514
1143,8928.0,2866.5,4,11.817506040372631,11.817506040372631,11.817506040372631,2.7080065602417815e-07,25.318441342011873
152,9229.0,2460.25,4,11.814068928287613,11.814068928287613,11.814068928287613,2.7072189387214103e-07,25.3187571734418
2107,8745.5,3033.25,4,11.813870616291588,11.813870616291588,11.813870616291588,2.707173495107134e-07,25.318775398857817
291,8215.5,2570.5,4,11.813452916945192,11.813452916945192,11.813452916945192,2.7070777784164556e-07,25.318813787573532
110,8711.5,2422.0,4,11.812261752828109,11.812261752828109,11.812261752828109,2.706804820633962e-07,25.318923269130128
871,8590.5,2798.0,4,11.809512059307838,11.809512059307838,11.809512059307838,2.7061747225349124e-07,25.319176039463475
7366,8230.5,3632.5,4,11.809194288209255,11.809194288209255,11.809194288209255,2.7061019046140517e-07,25.31920525491512
2905,8615.5,3134.5,4,11.808962164742418,11.808962164742418,11.808962164742418,2.706048713029564e-07,25.31922659653443
2435,9068.0,3078.25,4,11.808860338097858,11.808860338097858,11.808860338097858,2.706025379238108e-07,25.31923595869088
1986,9732.5,3011.5,4,11.807502457646315,11.807502457646315,11.807502457646315,2.705714218054163e-07,25.31936081280007
6164,8740.5,3475.0,4,11.807413804445517,11.807413804445517,11.807413804445517,2.70569390298527e-07,25.31936896476544
4304,8755.0,3281.5,4,11.806322256120097,11.806322256120097,11.806322256120097,2.705443772372605e-07,25.31946934138809
8532,8317.5,3858.5,4,11.80595571733723,11.80595571733723,11.80595571733723,2.7053597792335115e-07,25.319503049650166
8113,8959.0,3761.5,4,11.800816019477363,11.800816019477363,11.800816019477363,2.7041820065736426e-07,25.31997582552976
9089,9103.5,4066.5,4,11.797074075603245,11.797074075603245,11.797074075603245,2.7033245322026077e-07,25.320320158345787
1295,8422.25,2899.0,4,11.797070651865337,11.797070651865337,11.797070651865337,2.7033237476458085e-07,25.32032047344737
4870,8403.25,3341.25,4,11.796359870712337,11.796359870712337,11.796359870712337,2.7031608706378645e-07,25.32038589172819
598,7879.5,2709.5,4,11.795180690837675,11.795180690837675,11.795180690837675,2.702890659069926e-07,25.320494428792955
7450,9420.0,3644.5,4,11.795113563633082,11.795113563633082,11.795113563633082,2.702875276728695e-07,25.320500607811802
4916,8684.5,3345.0,4,11.79417999280804,11.79417999280804,11.79417999280804,2.7026613469951263e-07,25.32058654609075
1658,9015.5,2964.5,4,11.788619772838757,11.788619772838757,11.788619772838757,2.7013872108024507e-07,25.32109852365906
4142,9077.0,3264.5,4,11.785361742929929,11.785361742929929,11.785361742929929,2.7006406263423767e-07,25.321398630880942
3830,8733.5,3232.5,4,11.784917981639211,11.784917981639211,11.784917981639211,2.700538937501911e-07,25.321439513526826
7240,8518.75,3613.25,4,11.782445380318684,11.782445380318684,11.782445380318684,2.69997233566782e-07,25.32166733644806
7922,8539.75,3726.75,4,11.782034256018115,11.782034256018115,11.782034256018115,2.699878125662832e-07,25.321705221650255
1352,9641.0,2908.25,4,11.776765263838906,11.776765263838906,11.776765263838906,2.698670724935604e-07,25.322190877607564
5620,8655.25,3416.75,4,11.773821848842474,11.773821848842474,11.773821848842474,2.697996235149636e-07,25.32246227400449
7584,8991.5,3665.5,4,11.76964164991001,11.76964164991001,11.76964164991001,2.6970383337029556e-07,25.322847824191015
1525,8730.5,2940.5,4,11.76922383750285,11.76922383750285,11.76922383750285,2.696942591104164e-07,25.322886367599793
8963,9070.0,4004.5,4,11.768247003340447,11.768247003340447,11.768247003340447,2.6967187474851277e-07,25.322976486391568
1874,8817.5,2998.0,4,11.767832978664977,11.767832978664977,11.767832978664977,2.6966238728530825e-07,25.32301468490043
1072,8760.75,2854.25,4,11.7666552067769,11.7666552067769,11.7666552067769,2.696353983928255e-07,25.32312335516942
3259,8421.5,3175.5,4,11.765744327639243,11.765744327639243,11.765744327639243,2.6961452540429533e-07,25.323207407325427
1742,9336.25,2977.0,4,11.764394750858362,11.764394750858362,11.764394750858362,2.6958359956627423e-07,25.323331952647393
7046,8894.5,3584.5,4,11.76428393436698,11.76428393436698,11.76428393436698,2.69581060182883e-07,25.32334217995156
7362,9030.5,3631.5,4,11.763413080913377,11.763413080913377,11.763413080913377,2.695611043913877e-07,25.32342255476457
9095,8333.75,4070.0,4,11.759720093985958,11.759720093985958,11.759720093985958,2.694764788130958e-07,25.32376346255214
6641,8803.75,3529.75,4,11.75967325173238,11.75967325173238,11.75967325173238,2.6947540541292534e-07,25.323767787351667
353,9076.75,2603.0,4,11.758894270791357,11.758894270791357,11.758894270791357,2.6945755489953115e-07,25.32383971076367
6821,8752.5,3553.5,4,11.758193363954419,11.758193363954419,11.758193363954419,2.6944149347078247e-07,25.323904429655826
453,9023.5,2641.5,4,11.757419799364568,11.757419799364568,11.757419799364568,2.694237670742236e-07,25.32397586194861
5984,8453.5,3454.5,4,11.756914422184977,11.756914422184977,11.756914422184977,2.6941218624902193e-07,25.32402253189009
8059,9456.5,3751.5,4,11.75661229844262,11.75661229844262,11.75661229844262,2.6940526301942077e-07,25.324050432994788
4323,9036.5,3283.5,4,11.756211592357118,11.756211592357118,11.756211592357118,2.693960807545287e-07,25.324087439277534
9298,8644.5,4256.5,4,11.75058275395671,11.75058275395671,11.75058275395671,2.692670947293659e-07,25.32460741096477
7528,8914.5,3656.5,4,11.746094371918218,11.746094371918218,11.746094371918218,2.691642425034937e-07,25.32502220995214
1783,8014.25,2983.0,4,11.74603952979608,11.74603952979608,11.74603952979608,2.691629857846393e-07,25.325027279230035
767,8062.5,2766.5,4,11.744262836222138,11.744262836222138,11.744262836222138,2.6912227247476377e-07,25.32519151896707
5871,8736.5,3442.0,4,11.743907502882351,11.743907502882351,11.743907502882351,2.6911412993595796e-07,25.325224369399116
3295,8537.5,3179.25,4,11.743143282407488,11.743143282407488,11.743143282407488,2.6909661766177483e-07,25.32529502465897
7079,9125.5,3589.0,4,11.742394197866133,11.742394197866133,11.742394197866133,2.690794522307166e-07,25.32536428500338
2500,8910.5,3086.5,4,11.74194011603506,11.74194011603506,11.74194011603506,2.6906904684929997e-07,25.325406271553
676,8894.5,2738.5,4,11.74172702009988,11.74172702009988,11.74172702009988,2.690641637107726e-07,25.325425975968887
6359,8095.5,3497.5,4,11.739869181674834,11.739869181674834,11.739869181674834,2.690215909494327e-07,25.325597780511266
7490,8535.0,3651.75,4,11.739254415236921,11.739254415236921,11.739254415236921,2.69007503446188e-07,25.325654637333585
7275,9562.5,3617.5,4,11.739163172045334,11.739163172045334,11.739163172045334,2.690054125891108e-07,25.325663076235926
9114,8439.0,4080.5,4,11.737094885066098,11.737094885066098,11.737094885066098,2.6895801735454015e-07,25.325854385605204
7051,9672.5,3584.5,4,11.735944321210324,11.735944321210324,11.735944321210324,2.6893165193988525e-07,25.32596082336336
3196,8433.75,3167.25,4,11.735548858972205,11.735548858972205,11.735548858972205,2.689225898388675e-07,25.325997409673935
7962,8745.25,3733.75,4,11.73486510065836,11.73486510065836,11.73486510065836,2.689069213721607e-07,25.326060670693373
562,9576.5,2694.5,4,11.732622332169031,11.732622332169031,11.732622332169031,2.688555278567992e-07,25.326268196527757
1426,9491.75,2924.75,4,11.732391452854978,11.732391452854978,11.732391452854978,2.6885023720837523e-07,25.326289562296598
2695,7940.75,3111.0,4,11.732270269608408,11.732270269608408,11.732270269608408,2.6884746026859126e-07,25.32630077686596
6852,8769.5,3557.5,4,11.730668932425345,11.730668932425345,11.730668932425345,2.688107652875853e-07,25.326448979079107
3244,8972.25,3173.0,4,11.730455752915745,11.730455752915745,11.730455752915745,2.688058802339324e-07,25.32646871016317
2064,8247.5,3025.5,4,11.730310593997814,11.730310593997814,11.730310593997814,2.688025538865568e-07,25.32648214572536
8924,8875.5,3987.5,4,11.727032404268925,11.727032404268925,11.727032404268925,2.687274334739992e-07,25.326785611407573
6448,8775.0,3507.5,4,11.726832637068597,11.726832637068597,11.726832637068597,2.6872285576625646e-07,25.326804106822426
7923,8667.5,3727.0,4,11.724449941611514,11.724449941611514,11.724449941611514,2.6866825579476673e-07,25.327024732600385
194,9720.5,2496.5,4,11.723777538469966,11.723777538469966,11.723777538469966,2.686528475342402e-07,25.327087001907167
3696,8704.5,3219.5,4,11.722659985862094,11.722659985862094,11.722659985862094,2.686272385793288e-07,25.32719050311725
6780,9007.5,3547.5,4,11.721501673865035,11.721501673865035,11.721501673865035,2.6860069561437384e-07,25.32729778963838
324,8814.5,2587.5,4,11.720652011288584,11.720652011288584,11.720652011288584,2.6858122541632054e-07,25.327376494814864
7475,8896.5,3649.5,4,11.720621999968785,11.720621999968785,11.720621999968785,2.6858053770056547e-07,25.32737927490066
2200,9297.25,3045.0,4,11.719660446295407,11.719660446295407,11.719660446295407,2.6855850349430713e-07,25.32746835178265
6803,8285.75,3551.75,4,11.715609472286417,11.715609472286417,11.715609472286417,2.6846567456615396e-07,25.327843708175397
8973,8763.5,4006.5,4,11.715353581600818,11.715353581600818,11.715353581600818,2.6845981077684897e-07,25.327867422931057
349,8761.0,2601.5,4,11.713788768571758,11.713788768571758,11.713788768571758,2.684239527545745e-07,25.32801245377653
7245,9197.75,3613.0,4,11.712727908835436,11.712727908835436,11.712727908835436,2.683996429288326e-07,25.328110787971113
6556,8989.0,3518.5,4,11.711758070304803,11.711758070304803,11.711758070304803,2.6837741887331397e-07,25.328200692936967
7156,9027.5,3599.5,4,11.711042474270663,11.711042474270663,11.711042474270663,2.683610208384975e-07,25.32826703415189
6080,8256.5,3464.75,4,11.710681943647277,11.710681943647277,11.710681943647277,2.683527592028363e-07,25.328300459628494
1624,8192.5,2958.5,4,11.708595782260394,11.708595782260394,11.708595782260394,2.6830495437242536e-07,25.328493891806822
1885,8606.5,2998.5,4,11.707411795995668,11.707411795995668,11.707411795995668,2.682778230761844e-07,25.328603688214283
7870,8628.5,3714.5,4,11.707209987795228,11.707209987795228,11.707209987795228,2.6827319859849136e-07,25.328622403910117
2546,9353.2,3093.2,5,11.706715782401183,11.706715782401183,11.706715782401183,2.6826187377712373e-07,25.32866823788894
8740,8404.0,3922.5,4,11.7051699929489,11.7051699929489,11.7051699929489,2.6822645168414375e-07,25.32881161118162
2806,8825.5,3124.0,4,11.702960975145444,11.702960975145444,11.702960975145444,2.681758315729036e-07,25.32901653233629
8478,8854.25,3843.0,4,11.702899099123552,11.702899099123552,11.702899099123552,2.681744136707453e-07,25.32902227286767
4400,9525.0,3291.75,4,11.702507478035301,11.702507478035301,11.702507478035301,2.6816543959049104e-07,25.329058606113385
600,8342.5,2710.5,4,11.702258097585979,11.702258097585979,11.702258097585979,2.681597249846305e-07,25.329081743399826
2521,9333.25,3089.0,4,11.701034821601155,11.701034821601155,11.701034821601155,2.6813169335612463e-07,25.329195244951165
4122,9297.5,3262.5,4,11.697721036274082,11.697721036274082,11.697721036274082,2.68055757262889e-07,25.329502773842894
4939,8355.5,3347.5,4,11.697675820265495,11.697675820265495,11.697675820265495,2.680547211284672e-07,25.329506970622102
895,8676.25,2805.0,4,11.697399746871355,11.697399746871355,11.697399746871355,2.6804839484811764e-07,25.329532595064165
4700,8189.25,3323.0,4,11.696514010584114,11.696514010584114,11.696514010584114,2.6802809801333456e-07,25.329614810974284
3114,9573.5,3158.5,4,11.696261606590278,11.696261606590278,11.696261606590278,2.680223141223105e-07,25.32963824078516
9111,9388.5,4078.5,4,11.695160605426217,11.695160605426217,11.695160605426217,2.6799708444724264e-07,25.32974044892072
5969,9375.5,3452.5,4,11.694948339211262,11.694948339211262,11.694948339211262,2.6799222032193013e-07,25.329760155123473
1319,9081.5,2903.5,4,11.694723871855352,11.694723871855352,11.694723871855352,2.679870766048862e-07,25.329780994435197
4198,9586.5,3269.5,4,11.69442646915568,11.69442646915568,11.69442646915568,2.6798026155897895e-07,25.329808605603084
4500,8228.75,3303.75,4,11.692100447037614,11.692100447037614,11.692100447037614,2.679269602690666e-07,25.330024580077964
1544,7896.5,2945.5,4,11.689316469888876,11.689316469888876,11.689316469888876,2.6786316484254776e-07,25.330283132825954
1220,8921.5,2882.5,4,11.688198291296839,11.688198291296839,11.688198291296839,2.678375415430765e-07,25.33038699732944
904,9007.0,2807.5,4,11.685624599691629,11.685624599691629,11.685624599691629,2.677785648543645e-07,25.33062609815432
2640,8621.5,3104.5,4,11.68279072564188,11.68279072564188,11.68279072564188,2.677136260297817e-07,25.330889431343824
6032,8129.75,3460.0,4,11.681850879534439,11.681850879534439,11.681850879534439,2.676920892569984e-07,25.33097677913743
303,9341.0,2574.25,4,11.680888835170865,11.680888835170865,11.680888835170865,2.676700438064702e-07,25.331066197280116
8164,8670.75,3773.0,4,11.677516550580933,11.677516550580933,11.677516550580933,2.675927671902253e-07,25.331379695692103
65,9229.25,2378.0,4,11.67722258432367,11.67722258432367,11.67722258432367,2.675860308911243e-07,25.33140702802981
943,9461.75,2821.0,4,11.67698828243319,11.67698828243319,11.67698828243319,2.6758066181363595e-07,25.331428813398347
2345,8514.0,3066.5,4,11.676378554635171,11.676378554635171,11.676378554635171,2.675666897718925e-07,25.33148550788271
2089,9187.5,3028.5,4,11.67632548859704,11.67632548859704,11.67632548859704,2.6756547375237966e-07,25.331490442276497
3511,9104.5,3200.5,4,11.674915306774466,11.674915306774466,11.674915306774466,2.6753315913698094e-07,25.33162157753182
996,8785.25,2836.25,4,11.67488850669034,11.67488850669034,11.67488850669034,2.6753254500737203e-07,25.33162406987153
4306,8975.5,3281.5,4,11.674334204036342,11.674334204036342,11.674334204036342,2.67519843044553e-07,25.331675619892483
4377,8252.25,3291.0,4,11.669817414229925,11.669817414229925,11.669817414229925,2.674163398486568e-07,25.33209577157445
8634,8635.5,3890.5,4,11.668808731996744,11.668808731996744,11.668808731996744,2.673932256814601e-07,25.33218962138493
6777,8503.5,3548.0,4,11.668393006572316,11.668393006572316,11.668393006572316,2.6738369924523264e-07,25.33222830366995
3836,7832.5,3233.5,4,11.66831033026203,11.66831033026203,11.66831033026203,2.6738180470005646e-07,25.33223599667286
1593,9039.5,2952.5,4,11.666272650084512,11.666272650084512,11.666272650084512,2.673351108268353e-07,25.332425619358638
2057,9369.5,3024.0,4,11.6641961262815,11.6641961262815,11.6641961262815,2.6728752684370176e-07,25.332618890835565
1785,8798.5,2982.5,4,11.662512405930997,11.662512405930997,11.662512405930997,2.672489440349501e-07,25.332775627577387
244,8769.5,2537.5,4,11.661908387742406,11.661908387742406,11.661908387742406,2.6723510283011703e-07,25.332831860863664
3200,9089.5,3167.5,4,11.66038540098728,11.66038540098728,11.66038540098728,2.672002032657762e-07,25.332973661826873
550,9197.75,2690.0,4,11.660052673156056,11.660052673156056,11.660052673156056,2.6719257873699107e-07,25.333004643633608
6600,9291.75,3525.0,4,11.659789071670193,11.659789071670193,11.659789071670193,2.671865382530635e-07,25.333029189398538
1253,8897.5,2888.5,4,11.659267319473816,11.659267319473816,11.659267319473816,2.67174582190881e-07,25.3330777750051
5214,8480.0,3374.25,4,11.658331656154566,11.658331656154566,11.658331656154566,2.6715314126757577e-07,25.333164909494617
6943,9100.0,3568.5,4,11.65784452989151,11.65784452989151,11.65784452989151,2.671419786659954e-07,25.33321027633487
9129,8510.5,4091.5,4,11.655256730003666,11.655256730003666,11.655256730003666,2.670826786829962e-07,25.333451314025144
8955,8836.75,4001.0,4,11.654762392488355,11.654762392488355,11.654762392488355,2.6707135083404173e-07,25.333497364621245
1185,9240.5,2876.5,4,11.654746899216267,11.654746899216267,11.654746899216267,2.6707099580242754e-07,25.333498807946903
2105,9408.0,3031.5,4,11.653658377826385,11.653658377826385,11.653658377826385,2.670460521040305e-07,25.333600217465868
2363,9212.5,3068.5,4,11.652676571805973,11.652676571805973,11.652676571805973,2.670235538109467e-07,25.333691693225173
8440,8355.5,3834.5,4,11.650823902797395,11.650823902797395,11.650823902797395,2.66981099507881e-07,25.33386432907655
1794,7538.5,2984.5,4,11.649835889630742,11.649835889630742,11.649835889630742,2.6695845897672525e-07,25.3339564055822
6632,8530.5,3529.0,4,11.649389993790876,11.649389993790876,11.649389993790876,2.6694824117903245e-07,25.333997962778938
6058,8630.5,3462.5,4,11.648506593646289,11.648506593646289,11.648506593646289,2.669279978774535e-07,25.334080299784524
8494,9354.5,3846.5,4,11.648076844021219,11.648076844021219,11.648076844021219,2.669181500736955e-07,25.334120356707736
4344,8939.75,3286.0,4,11.647074288685118,11.647074288685118,11.647074288685118,2.668951763056442e-07,25.33421381054456
5544,7919.0,3409.25,4,11.646646833163523,11.646646833163523,11.646646833163523,2.6688538107175354e-07,25.33425365853049
3042,8942.5,3150.5,4,11.644799604621099,11.644799604621099,11.644799604621099,2.6684305143812306e-07,25.334425876509012
5754,9162.75,3429.75,4,11.643017996647053,11.643017996647053,11.643017996647053,2.668022255137274e-07,25.33459200253396
7065,9355.5,3586.5,4,11.642434669771674,11.642434669771674,11.642434669771674,2.6678885845472276e-07,25.334646400369124
1004,8863.5,2836.5,4,11.64228796464787,11.64228796464787,11.64228796464787,2.6678549667571184e-07,25.33466008170575
6714,8100.5,3540.5,4,11.641587674493698,11.641587674493698,11.641587674493698,2.667694493783794e-07,25.334725391311956
2010,8806.5,3015.5,4,11.640716932195772,11.640716932195772,11.640716932195772,2.6674949613404e-07,25.33480660289769
8925,8030.5,3988.5,4,11.640218711683607,11.640218711683607,11.640218711683607,2.667380793053895e-07,25.334853073199085
845,9451.5,2789.0,4,11.638278196528786,11.638278196528786,11.638278196528786,2.666936119892608e-07,25.335034088972797
8301,8117.5,3802.5,4,11.632796934965898,11.632796934965898,11.632796934965898,2.6656800771861355e-07,25.33554555689622
6491,9150.5,3511.0,4,11.631703522442518,11.631703522442518,11.631703522442518,2.6654295193885557e-07,25.335647614326287
47,9309.5,2217.0,4,11.631304289943788,11.631304289943788,11.631304289943788,2.6653380344151674e-07,25.335684880459844
169,8519.5,2471.5,4,11.630409696113857,11.630409696113857,11.630409696113857,2.6651330363426525e-07,25.335768390463514
3583,8414.5,3208.5,4,11.626110203238653,11.626110203238653,11.626110203238653,2.664147798436111e-07,25.336169836178527
8288,9069.5,3798.5,4,11.625024136086225,11.625024136086225,11.625024136086225,2.6638989238458554e-07,25.336271266277535
8225,8702.0,3786.5,4,11.619929825473246,11.619929825473246,11.619929825473246,2.662731551769824e-07,25.33674716118088
5983,8325.0,3454.5,4,11.61857395093601,11.61857395093601,11.61857395093601,2.6624208502453947e-07,25.3368738579846
3187,8085.0,3166.25,4,11.616776146031862,11.616776146031862,11.616776146031862,2.6620088794405705e-07,25.33704187283002
8482,8414.5,3844.5,4,11.616427511904035,11.616427511904035,11.616427511904035,2.6619289891911345e-07,25.337074457634113
97,8387.5,2408.5,4,11.616375953325287,11.616375953325287,11.616375953325287,2.661917174433519e-07,25.337079276597585
5067,9483.5,3358.5,4,11.616018615125736,11.616018615125736,11.616018615125736,2.6618352896275957e-07,25.337112676083763
6992,7542.0,3576.75,4,11.615603567079441,11.615603567079441,11.615603567079441,2.661740180487957e-07,25.33715147085126
5626,9380.0,3416.75,4,11.608483231529021,11.608483231529021,11.608483231529021,2.660108540502685e-07,25.337817228468033
5909,8795.5,3446.5,4,11.60756444573596,11.60756444573596,11.60756444573596,2.659897998790536e-07,25.337903165490072
2780,7957.0,3120.5,4,11.605475472197197,11.605475472197197,11.605475472197197,2.6594193060758623e-07,25.338098579293344
8810,8355.75,3945.0,4,11.60445061530861,11.60445061530861,11.60445061530861,2.659184457947321e-07,25.338194462772265
6413,9013.25,3504.0,4,11.603175292550844,11.603175292550844,11.603175292550844,2.6588922150339135e-07,25.33831379114284
6161,8477.5,3474.5,4,11.60281277919723,11.60281277919723,11.60281277919723,2.6588091443304663e-07,25.338347712893686
409,9150.0,2622.25,4,11.600995595747829,11.600995595747829,11.600995595747829,2.6583927328909183e-07,25.338517769621774
1602,9386.25,2954.0,4,11.600293505025647,11.600293505025647,11.600293505025647,2.658231847313618e-07,25.338583480221995
5255,8437.75,3379.0,4,11.599713342554608,11.599713342554608,11.599713342554608,2.6580989018535346e-07,25.338637782223174
4289,9213.5,3280.0,4,11.59968544285914,11.59968544285914,11.59968544285914,2.6580925085791753e-07,25.33864039364511
810,9024.75,2780.25,4,11.5961851758107,11.5961851758107,11.5961851758107,2.6572904149650583e-07,25.338968069786453
1060,8502.5,2850.5,4,11.596165753121792,11.596165753121792,11.596165753121792,2.6572859642147224e-07,25.338969888309858
6326,8039.5,3493.5,4,11.592185459294566,11.592185459294566,11.592185459294566,2.656373871446672e-07,25.339342622801986
4362,8933.0,3288.5,4,11.591691674369287,11.591691674369287,11.591691674369287,2.6562607195843045e-07,25.339388872199166
308,8871.5,2577.5,4,11.591560096107926,11.591560096107926,11.591560096107926,2.6562305681467903e-07,25.33940119655155
5931,8520.25,3449.25,4,11.591438647162938,11.591438647162938,11.591438647162938,2.656202737863595e-07,25.339412572259935
908,9147.25,2809.0,4,11.590550637618467,11.590550637618467,11.590550637618467,2.655999248594051e-07,25.33949575270672
6084,9004.0,3464.5,4,11.589976647683663,11.589976647683663,11.589976647683663,2.655867717583731e-07,25.339549522118077
1440,8783.5,2927.5,4,11.589696186754704,11.589696186754704,11.589696186754704,2.6558034493673305e-07,25.33957579570587
7299,8894.5,3622.5,4,11.587783457276835,11.587783457276835,11.587783457276835,2.655365143352818e-07,25.339754997213596
8143,9042.5,3767.5,4,11.587563828732147,11.587563828732147,11.587563828732147,2.655314815006228e-07,25.33977557586207
3477,9242.5,3197.5,4,11.587507233496506,11.587507233496506,11.587507233496506,2.655301846088008e-07,25.33978087875812
8566,8737.5,3866.5,4,11.585376484932357,11.585376484932357,11.585376484932357,2.654813580537711e-07,25.339980545825366
1042,8529.5,2846.5,4,11.584865954687938,11.584865954687938,11.584865954687938,2.6546965914499657e-07,25.34002839177877
1534,8845.75,2943.75,4,11.584695463912276,11.584695463912276,11.584695463912276,2.6546575231273113e-07,25.340044370329625
6501,9108.75,3512.0,4,11.584407934470406,11.584407934470406,11.584407934470406,2.6545916351461934e-07,25.340071318383647
8907,8351.5,3983.5,4,11.581430408174814,11.581430408174814,11.581430408174814,2.6539093286837126e-07,25.340350419711193
5855,8934.0,3440.5,4,11.580036275333256,11.580036275333256,11.580036275333256,2.6535898601877466e-07,25.34048112477602
195,8657.0,2497.5,4,11.577364475390919,11.577364475390919,11.577364475390919,2.6529776115672016e-07,25.340731659797054
7013,8489.25,3580.0,4,11.575461792549845,11.575461792549845,11.575461792549845,2.6525416077608073e-07,25.34091010985991
8952,7914.5,4000.5,4,11.574558362885277,11.574558362885277,11.574558362885277,2.6523345849380554e-07,25.34099485158274
381,9140.0,2612.25,4,11.571534029844836,11.571534029844836,11.571534029844836,2.6516415526107695e-07,25.34127858223068
6519,8934.75,3513.75,4,11.569939919719062,11.569939919719062,11.569939919719062,2.651276258896208e-07,25.341428165017362
3804,8524.75,3231.0,4,11.569775080542904,11.569775080542904,11.569775080542904,2.6512384856495606e-07,25.34144363382167
6198,8633.75,3479.25,4,11.56759857602168,11.56759857602168,11.56759857602168,2.650739735024705e-07,25.341647901583478
460,8082.5,2644.5,4,11.565885609660405,11.565885609660405,11.565885609660405,2.6503472051518233e-07,25.34180869271934
7500,8600.0,3653.5,4,11.564014150295094,11.564014150295094,11.564014150295094,2.6499183562710887e-07,25.34198438835263
4163,8608.0,3266.5,4,11.563156707244431,11.563156707244431,11.563156707244431,2.649721871378397e-07,25.34206489599187
1047,8484.5,2847.5,4,11.56143838524191,11.56143838524191,11.56143838524191,2.6493281142489704e-07,25.342226251847446
2152,8433.5,3038.5,4,11.561311746914836,11.561311746914836,11.561311746914836,2.64929909480787e-07,25.34223814453459
6904,8529.5,3564.5,4,11.559200003026703,11.559200003026703,11.559200003026703,2.6488151842193684e-07,25.34243647896816
4736,8238.25,3328.0,4,11.55899741956603,11.55899741956603,11.55899741956603,2.648768761789913e-07,25.342455507458467
2846,8398.25,3129.0,4,11.558714823787138,11.558714823787138,11.558714823787138,2.6487040043681255e-07,25.342482051994125
8743,9469.25,3922.75,4,11.557869509736497,11.557869509736497,11.557869509736497,2.6485102988614995e-07,25.342561457156783
1356,8821.5,2909.5,4,11.556386838689914,11.556386838689914,11.556386838689914,2.6481705416481664e-07,25.34270074691917
9069,9407.5,4058.5,4,11.556291497973847,11.556291497973847,11.556291497973847,2.648148694120974e-07,25.3427097043291
5166,8588.25,3369.75,4,11.555747932957033,11.555747932957033,11.555747932957033,2.6480241350451057e-07,25.342760774527406
5636,9182.5,3417.5,4,11.554826595259165,11.554826595259165,11.554826595259165,2.6478130085585614e-07,25.342847343530238
1211,9030.5,2882.0,4,11.55479810269425,11.55479810269425,11.55479810269425,2.6478064794269117e-07,25.34285002080516
7034,8548.5,3583.5,4,11.5531613638571,11.5531613638571,11.5531613638571,2.6474314172527724e-07,25.343003826390525
500,8965.0,2663.5,4,11.552739482324899,11.552739482324899,11.552739482324899,2.647334742205352e-07,25.34304347444898
2343,9448.25,3065.75,4,11.552433795495702,11.552433795495702,11.552433795495702,2.647264693420438e-07,25.343072203535215
1116,8560.25,2862.25,4,11.55194339625637,11.55194339625637,11.55194339625637,2.647152317395182e-07,25.343118293867324
8782,8728.5,3936.5,4,11.55074198071685,11.55074198071685,11.55074198071685,2.646877010477506e-07,25.343231217566725
1817,9317.5,2987.5,4,11.549008210549015,11.549008210549015,11.549008210549015,2.6464797133682506e-07,25.34339419916002
7436,9166.0,3642.25,4,11.545638335844341,11.545638335844341,11.545638335844341,2.645707499436117e-07,25.343711051378648
9018,7940.5,4030.5,4,11.544284822777092,11.544284822777092,11.544284822777092,2.6453973390475406e-07,25.343838341377175
4353,9441.5,3286.5,4,11.54428361564569,11.54428361564569,11.54428361564569,2.645397062430821e-07,25.343838454907495
1865,8618.5,2996.5,4,11.54253563232869,11.54253563232869,11.54253563232869,2.644996508348305e-07,25.344002864630273
3201,9099.75,3167.75,4,11.542006099263752,11.542006099263752,11.542006099263752,2.6448751647239546e-07,25.344052675731312
7085,8964.75,3589.75,4,11.540519368614788,11.540519368614788,11.540519368614788,2.6445344772441304e-07,25.344192538875557
8920,9246.25,3986.25,4,11.53979621596761,11.53979621596761,11.53979621596761,2.64436876528207e-07,25.344260575467864
7900,9125.0,3720.25,4,11.539084297494913,11.539084297494913,11.539084297494913,2.644205627654906e-07,25.344327559276756
9223,8975.5,4171.0,4,11.538652522301957,11.538652522301957,11.538652522301957,2.6441066854541506e-07,25.34436818665396
2635,9647.5,3103.5,4,11.538585420254512,11.538585420254512,11.538585420254512,2.644091308877733e-07,25.344374500678413
8078,8976.5,3755.75,4,11.538295072254243,11.538295072254243,11.538295072254243,2.6440247750179836e-07,25.344401821644603
8413,9516.5,3827.5,4,11.53707915831366,11.53707915831366,11.53707915831366,2.6437461457609695e-07,25.34451624334587
6000,8392.5,3456.5,4,11.533298517019393,11.533298517019393,11.533298517019393,2.642879803794076e-07,25.344872091804433
846,9785.5,2788.5,4,11.532474770481889,11.532474770481889,11.532474770481889,2.642691040528805e-07,25.344949641464574
2984,9143.5,3145.0,4,11.531983351336926,11.531983351336926,11.531983351336926,2.6425784307900125e-07,25.344995907590114
679,8930.5,2739.5,4,11.530593460288681,11.530593460288681,11.530593460288681,2.642259934309976e-07,25.34512677371543
6370,9330.0,3498.5,4,11.529196525611042,11.529196525611042,11.529196525611042,2.6419398237673323e-07,25.34525831893401
1471,8524.5,2933.5,4,11.527238146981887,11.527238146981887,11.527238146981887,2.641491057153034e-07,25.345442760511002
1928,8319.25,3005.0,4,11.527030570252567,11.527030570252567,11.527030570252567,2.641443490505483e-07,25.345462312080652
6757,9077.0,3544.5,4,11.523682739666043,11.523682739666043,11.523682739666043,2.640676328029753e-07,25.345777691553025
8969,8694.5,4005.5,4,11.52330534832341,11.52330534832341,11.52330534832341,2.640589848003584e-07,25.345813249122852
8450,8473.0,3836.75,4,11.521987764580015,11.521987764580015,11.521987764580015,2.640287920895733e-07,25.345937400147317
4814,9406.5,3334.5,4,11.521834500598132,11.521834500598132,11.521834500598132,2.640252800129391e-07,25.345951842565082
8545,8877.0,3861.25,4,11.521033342424957,11.521033342424957,11.521033342424957,2.64006921303569e-07,25.346027340670666
4547,8691.0,3307.25,4,11.517409795963658,11.517409795963658,11.517409795963658,2.6392388696827847e-07,25.346368875521044
9134,8129.5,4098.5,4,11.516251914200982,11.516251914200982,11.516251914200982,2.638973538622356e-07,25.346478033514895
4980,9252.5,3350.0,4,11.515562365182817,11.515562365182817,11.515562365182817,2.638815527003118e-07,25.34654304518311
5542,9122.5,3408.5,4,11.513956345745811,11.513956345745811,11.513956345745811,2.638447504244642e-07,25.34669447808738
1270,9313.5,2892.5,4,11.513937319739863,11.513937319739863,11.513937319739863,2.638443144395047e-07,25.34669627219185
1958,9305.5,3007.5,4,11.512638523038184,11.512638523038184,11.512638523038184,2.63814552237763e-07,25.346818752460972
3747,9366.75,3225.25,4,11.512224319592963,11.512224319592963,11.512224319592963,2.6380506067801176e-07,25.34685781594463
9265,8781.5,4212.0,4,11.509851118110692,11.509851118110692,11.509851118110692,2.637506782629674e-07,25.347081659427953
4357,9070.75,3288.0,4,11.50711245213791,11.50711245213791,11.50711245213791,2.636879211516508e-07,25.347340031372134
9194,8597.25,4140.75,4,11.5069736938021,11.5069736938021,11.5069736938021,2.636847414749713e-07,25.347353123784142
944,8643.25,2822.0,4,11.506722173568775,11.506722173568775,11.506722173568775,2.6367897783550667e-07,25.34737685614118
340,9565.5,2595.5,4,11.505925423682655,11.505925423682655,11.505925423682655,2.636607201429689e-07,25.347452037425228
7564,8248.5,3662.5,4,11.500949513002784,11.500949513002784,11.500949513002784,2.6354669609493173e-07,25.347921681953302
418,9375.5,2625.5,4,11.49824150459207,11.49824150459207,11.49824150459207,2.634846415081488e-07,25.348177359014777
27,8258.5,2138.5,4,11.49695491569946,11.49695491569946,11.49695491569946,2.6345515905093984e-07,25.348298853618893
4754,8217.75,3330.0,4,11.496408728053677,11.496408728053677,11.496408728053677,2.6344264304525426e-07,25.348350435084825
6697,8229.0,3538.75,4,11.495662605226943,11.495662605226943,11.495662605226943,2.634255454825144e-07,25.348420902208446
1891,8082.0,2999.25,4,11.49354407879417,11.49354407879417,11.49354407879417,2.6337699900021603e-07,25.348621010101414
490,8749.5,2659.5,4,11.491903293398238,11.491903293398238,11.491903293398238,2.6333940005504986e-07,25.34877601775324
150,8186.5,2458.5,4,11.490198181221443,11.490198181221443,11.490198181221443,2.63300327048064e-07,25.348937125912038
4706,9054.5,3322.5,4,11.489260665380414,11.489260665380414,11.489260665380414,2.632788436738295e-07,25.349025717632014
4911,8377.75,3345.0,4,11.48916849094974,11.48916849094974,11.48916849094974,2.6327673147721123e-07,25.34903442815925
1138,8913.0,2865.25,4,11.48735112301556,11.48735112301556,11.48735112301556,2.6323508610574855e-07,25.349206184561073
4446,9176.5,3296.5,4,11.486363965207865,11.486363965207865,11.486363965207865,2.6321246517532463e-07,25.349299490582165
5266,8571.25,3380.75,4,11.48477222484685,11.48477222484685,11.48477222484685,2.6317599010753027e-07,25.349449958554406
3424,8363.5,3192.5,4,11.483784181332375,11.483784181332375,11.483784181332375,2.6315334888094777e-07,25.34954336926749
4341,8574.0,3285.75,4,11.481335446876827,11.481335446876827,11.481335446876827,2.630972356118091e-07,25.349774909943726
104,8421.5,2417.0,4,11.479936293669855,11.479936293669855,11.479936293669855,2.630651737194748e-07,25.349907229382463
8429,8693.25,3831.75,4,11.479302621371716,11.479302621371716,11.479302621371716,2.6305065298443524e-07,25.349967161766003
2412,9106.25,3076.25,4,11.475305846971168,11.475305846971168,11.475305846971168,2.6295906605179894e-07,25.350345250786233
8391,8021.75,3823.75,4,11.475019345977012,11.475019345977012,11.475019345977012,2.6295250082078453e-07,25.35037235841974
1271,9387.0,2892.25,4,11.468796948414504,11.468796948414504,11.468796948414504,2.628099132615979e-07,25.350961265024722
2812,9035.5,3123.0,4,11.467882796449153,11.467882796449153,11.467882796449153,2.6278896527552726e-07,25.35104781006062
2604,8811.25,3102.5,4,11.46650420291202,11.46650420291202,11.46650420291202,2.6275737451238564e-07,25.351178337980702
2028,9406.5,3018.5,4,11.464958849463724,11.464958849463724,11.464958849463724,2.6272196241052943e-07,25.351324673710497
7864,8545.5,3713.5,4,11.464898671075563,11.464898671075563,11.464898671075563,2.6272058341000795e-07,25.351330372642966
4447,9269.5,3296.5,4,11.464795865215127,11.464795865215127,11.464795865215127,2.6271822759192297e-07,25.351340108493968
7301,8358.0,3623.75,4,11.463858695529535,11.463858695529535,11.463858695529535,2.626967521499137e-07,25.351428863728643
4160,9557.5,3265.5,4,11.463794522535625,11.463794522535625,11.463794522535625,2.626952816121547e-07,25.35143494153715
3728,8975.25,3223.0,4,11.46295358739411,11.46295358739411,11.46295358739411,2.6267601140512305e-07,25.351514589442296
1380,8808.25,2917.0,4,11.460937385895114,11.460937385895114,11.460937385895114,2.626298097203733e-07,25.351705574731117
3393,9062.5,3189.5,4,11.459643441116164,11.459643441116164,11.459643441116164,2.626001587014695e-07,25.35182816173758
2914,8012.5,3135.5,4,11.45881135339942,11.45881135339942,11.45881135339942,2.6258109123505196e-07,25.351907000190526
6458,8737.75,3508.75,4,11.457670648020184,11.457670648020184,11.457670648020184,2.6255495172947673e-07,25.35201508878197
1605,8845.0,2954.5,4,11.457597781683745,11.457597781683745,11.457597781683745,2.6255328198193085e-07,25.352021993664614
2661,9141.5,3106.5,4,11.457097559356235,11.457097559356235,11.457097559356235,2.625418192812574e-07,25.352069396388796
107,8871.0,2418.5,4,11.454262461909199,11.454262461909199,11.454262461909199,2.624768524222664e-07,25.35233809872293
1396,8525.25,2920.0,4,11.45194369347611,11.45194369347611,11.45194369347611,2.6242371735208293e-07,25.35255791433358
8750,9200.5,3924.5,4,11.451785315459036,11.451785315459036,11.451785315459036,2.624200880862483e-07,25.35257292994498
8038,8653.5,3747.5,4,11.448246161484917,11.448246161484917,11.448246161484917,2.623389876226913e-07,25.35290852665701
2765,9551.25,3118.0,4,11.447502425125203,11.447502425125203,11.447502425125203,2.6232194474634905e-07,25.35297906390018
8472,8220.75,3843.0,4,11.44719209056946,11.44719209056946,11.44719209056946,2.623148333642186e-07,25.353008497921458
2987,9441.5,3144.5,4,11.446790819034891,11.446790819034891,11.446790819034891,2.623056381419412e-07,25.353046558143202
1980,8794.0,3011.5,4,11.446728753124994,11.446728753124994,11.446728753124994,2.62304215888459e-07,25.35305244515461
9035,8661.5,4042.5,4,11.446663831288753,11.446663831288753,11.446663831288753,2.623027281908192e-07,25.353058603087547
5936,8921.5,3448.5,4,11.446232566433437,11.446232566433437,11.446232566433437,2.622928456652389e-07,25.35309951008849
7867,8634.5,3713.5,4,11.445070521392253,11.445070521392253,11.445070521392253,2.622662171567865e-07,25.353209741853718
51,9073.0,2349.75,4,11.444956231570654,11.444956231570654,11.444956231570654,2.622635981812971e-07,25.353220584007687
2372,8659.0,3070.5,4,11.444806501180302,11.444806501180302,11.444806501180302,2.622601670776619e-07,25.353234788410557
7696,8740.0,3683.75,4,11.443143018503825,11.443143018503825,11.443143018503825,2.6222204801950054e-07,25.35339260974527
2240,8668.5,3052.0,4,11.441531560971313,11.441531560971313,11.441531560971313,2.621851211285416e-07,25.35354551712285
148,9386.5,2456.5,4,11.439810478429456,11.439810478429456,11.439810478429456,2.621456821572549e-07,25.353708850342326
8832,8811.5,3951.5,4,11.439310852294494,11.439310852294494,11.439310852294494,2.621342331184601e-07,25.35375627018645
2060,8651.0,3024.75,4,11.438674460816472,11.438674460816472,11.438674460816472,2.621196500728371e-07,25.353816673518196
1982,8925.0,3011.75,4,11.438482836808248,11.438482836808248,11.438482836808248,2.6211525896806763e-07,25.35383486223988
6762,8583.5,3546.5,4,11.438255394255762,11.438255394255762,11.438255394255762,2.621100470737635e-07,25.353856451210408
807,9332.0,2779.5,4,11.437208629394481,11.437208629394481,11.437208629394481,2.62086060235071e-07,25.353955816233768
3362,8547.5,3186.5,4,11.436599133073777,11.436599133073777,11.436599133073777,2.620720934976793e-07,25.354013677367263
2645,9463.0,3105.25,4,11.436573875106383,11.436573875106383,11.436573875106383,2.620715147060022e-07,25.35401607524093
5609,8442.5,3415.5,4,11.436295927353925,11.436295927353925,11.436295927353925,2.6206514547433446e-07,25.354042462654537
1965,9150.5,3008.75,4,11.43503153963303,11.43503153963303,11.43503153963303,2.620361717616816e-07,25.354162507416152
901,9023.5,2806.5,4,11.432769175409732,11.432769175409732,11.432769175409732,2.619843292059222e-07,25.35437733618646
8473,8353.5,3842.5,4,11.432567869962234,11.432567869962234,11.432567869962234,2.619797162489195e-07,25.3543964537365
2241,8722.75,3051.25,4,11.432549114132065,11.432549114132065,11.432549114132065,2.6197928645509526e-07,25.354398234954925
7946,8864.25,3732.0,4,11.431830751022705,11.431830751022705,11.431830751022705,2.619628250121636e-07,25.354466459226987
9158,8795.5,4113.0,4,11.431404968247191,11.431404968247191,11.431404968247191,2.6195306810960405e-07,25.354506898627648
6870,9121.5,3559.5,4,11.430716000582049,11.430716000582049,11.430716000582049,2.6193728026950795e-07,25.35457233762512
142,8878.0,2451.75,4,11.430444029777279,11.430444029777279,11.430444029777279,2.6193104800086345e-07,25.354598170832972
1511,8795.5,2937.5,4,11.430092731776838,11.430092731776838,11.430092731776838,2.619229979327142e-07,25.354631539862034
5558,8647.5,3410.5,4,11.428361961979803,11.428361961979803,11.428361961979803,2.6188333697592155e-07,25.354795956876174
6962,8172.0,3571.5,4,11.427909368718073,11.427909368718073,11.427909368718073,2.6187296570538697e-07,25.354838955743595
2772,8480.25,3119.75,4,11.427404677023972,11.427404677023972,11.427404677023972,2.618614005882307e-07,25.354886906259047
7707,8807.5,3685.5,4,11.427078735200944,11.427078735200944,11.427078735200944,2.618539315622619e-07,25.3549178749606
2807,8846.75,3124.0,4,11.426157931296657,11.426157931296657,11.426157931296657,2.618328311456005e-07,25.35500536804978
5251,9169.0,3377.25,4,11.425850635980055,11.425850635980055,11.425850635980055,2.6182578940827923e-07,25.35503456825333
5165,8537.25,3370.0,4,11.425519751416388,11.425519751416388,11.425519751416388,2.618182071183609e-07,25.35506601086218
6941,8754.0,3568.75,4,11.424588803734089,11.424588803734089,11.424588803734089,2.6179687425487604e-07,25.355154479903934
2061,8892.5,3024.5,4,11.424340985712071,11.424340985712071,11.424340985712071,2.6179119545236833e-07,25.35517803155394
889,9697.5,2802.5,4,11.423631194890527,11.423631194890527,11.423631194890527,2.6177493044522914e-07,25.355245490108853
8496,8943.5,3847.5,4,11.423100229623522,11.423100229623522,11.423100229623522,2.617627632635802e-07,25.355295955814718
8685,8889.25,3905.0,4,11.422163900634128,11.422163900634128,11.422163900634128,2.617413070863025e-07,25.355384955116985
115,8815.0,2426.5,4,11.42045686548887,11.42045686548887,11.42045686548887,2.6170219001408666e-07,25.3555472298299
9258,8712.5,4204.5,4,11.42008073221537,11.42008073221537,11.42008073221537,2.616935708403906e-07,25.35558298919074
2173,9162.75,3041.25,4,11.41926173513508,11.41926173513508,11.41926173513508,2.616748033486824e-07,25.35566085612437
8809,8298.5,3944.5,4,11.419246723741619,11.419246723741619,11.419246723741619,2.6167445935941907e-07,25.35566228339913
7508,8394.5,3654.5,4,11.416556588465912,11.416556588465912,11.416556588465912,2.6161281433931363e-07,25.355918090233523
9034,9132.75,4040.75,4,11.415612366036534,11.415612366036534,11.415612366036534,2.615911772821854e-07,25.356007891292684
3733,8464.5,3223.5,4,11.415139995725397,11.415139995725397,11.415139995725397,2.615803528163713e-07,25.356052819251325
5131,8434.25,3367.0,4,11.413955668472049,11.413955668472049,11.413955668472049,2.615532137063037e-07,25.356165470842722
7841,8638.5,3710.0,4,11.412711933701331,11.412711933701331,11.412711933701331,2.6152471326038224e-07,25.356283785779844
6044,8585.0,3460.5,4,11.410902152835071,11.410902152835071,11.410902152835071,2.6148324174818927e-07,25.35645597100922
8873,7970.5,3966.5,4,11.410201562179582,11.410201562179582,11.410201562179582,2.614671875648055e-07,25.35652263357288
2197,8899.75,3045.0,4,11.403120972796565,11.403120972796565,11.403120972796565,2.613049343581299e-07,25.35719659524411
8193,8306.5,3778.5,4,11.39770615039457,11.39770615039457,11.39770615039457,2.611808525549385e-07,25.357712284328805
8552,8073.5,3864.5,4,11.397452769353835,11.397452769353835,11.397452769353835,2.6117504627467763e-07,25.357736421468672
7488,9417.5,3650.5,4,11.396174314885819,11.396174314885819,11.396174314885819,2.611457502195326e-07,25.35785821553842
5673,8175.5,3421.5,4,11.396085589767157,11.396085589767157,11.396085589767157,2.6114371706463026e-07,25.357866668589942
8048,9348.5,3749.5,4,11.395021846384758,11.395021846384758,11.395021846384758,2.6111934115952716e-07,25.35796801905805
7909,8869.0,3722.5,4,11.393733796418253,11.393733796418253,11.393733796418253,2.610898252215002e-07,25.358090753489503
6988,8523.5,3575.5,4,11.393461433239011,11.393461433239011,11.393461433239011,2.610835839615115e-07,25.358116707939935
168,8965.0,2470.5,4,11.392660814094427,11.392660814094427,11.392660814094427,2.6106523760409577e-07,25.358193005361883
117,9459.25,2427.0,4,11.389331115089817,11.389331115089817,11.389331115089817,2.6098893684556595e-07,25.358510376625752
8130,8721.5,3765.5,4,11.38758869518215,11.38758869518215,11.38758869518215,2.6094900892401857e-07,25.358676492887046
6196,7611.5,3479.5,4,11.386712320569483,11.386712320569483,11.386712320569483,2.6092892661399286e-07,25.358760053005597
683,8701.75,2741.0,4,11.385246659241677,11.385246659241677,11.385246659241677,2.608953406739711e-07,25.35889981450535
208,9208.5,2504.5,4,11.384182822360788,11.384182822360788,11.384182822360788,2.6087096262633034e-07,25.35900127038235
1645,8818.5,2961.5,4,11.383864402841468,11.383864402841468,11.383864402841468,2.608636659755456e-07,25.359031639223126
7681,8476.5,3680.5,4,11.38377776294534,11.38377776294534,11.38377776294534,2.608616806039596e-07,25.359039902535706
998,8840.5,2835.5,4,11.382415567926486,11.382415567926486,11.382415567926486,2.608304656163406e-07,25.35916983066468
1221,9093.0,2882.5,4,11.3797939598687,11.3797939598687,11.3797939598687,2.6077039091196036e-07,25.3594199271935
5562,9073.0,3411.5,4,11.377949436901005,11.377949436901005,11.377949436901005,2.6072812327714833e-07,25.35959592578317
5194,8332.5,3372.5,4,11.376770624021052,11.376770624021052,11.376770624021052,2.6070111053011605e-07,25.359708419351108
3928,9242.5,3242.5,4,11.37636716289741,11.37636716289741,11.37636716289741,2.6069186513294095e-07,25.359746924136978
7871,8649.0,3714.5,4,11.376353205156878,11.376353205156878,11.376353205156878,2.6069154528835784e-07,25.359748256234766
5766,9262.5,3430.5,4,11.375129283431143,11.375129283431143,11.375129283431143,2.606634988625622e-07,25.359865071139588
9046,8751.5,4047.5,4,11.375126966279042,11.375126966279042,11.375126966279042,2.6066344576453057e-07,25.359865292307727
1678,8504.5,2967.5,4,11.374675693696851,11.374675693696851,11.374675693696851,2.606531047576476e-07,25.359908366350005
7544,8588.5,3660.0,4,11.374270281864142,11.374270281864142,11.374270281864142,2.6064381465956073e-07,25.35994706443343
4623,9638.0,3314.5,4,11.373959798425744,11.373959798425744,11.373959798425744,2.6063669986575267e-07,25.35997670217746
84,8500.5,2398.5,4,11.371160506669248,11.371160506669248,11.371160506669248,2.605725535017506e-07,25.360243950042694
8657,8177.25,3899.0,4,11.370279596355205,11.370279596355205,11.370279596355205,2.605523672551664e-07,25.360328063996537
7229,8068.5,3611.5,4,11.370164241855612,11.370164241855612,11.370164241855612,2.6054972388235506e-07,25.360339079133926
3075,8356.5,3154.5,4,11.370063137115512,11.370063137115512,11.370063137115512,2.6054740704580315e-07,25.36034873366156
7445,8459.5,3644.5,4,11.37001427740368,11.37001427740368,11.37001427740368,2.6054628741514913e-07,25.36035339932361
6421,8319.5,3504.5,4,11.36956196968302,11.36956196968302,11.36956196968302,2.605359226878487e-07,25.360396591585655
7593,8930.0,3666.5,4,11.36765610860158,11.36765610860158,11.36765610860158,2.6049224947715757e-07,25.360578607026163
3309,8031.75,3182.0,4,11.366247532240843,11.366247532240843,11.366247532240843,2.604599716512572e-07,25.36071314989906
737,8535.0,2756.5,4,11.365870553188566,11.365870553188566,11.365870553188566,2.6045133309636117e-07,25.360749160604612
6349,8168.5,3496.5,4,11.365187360546173,11.365187360546173,11.365187360546173,2.604356775921356e-07,25.36081442522976
4336,9274.5,3284.5,4,11.363396238664428,11.363396238664428,11.363396238664428,2.6039463365452823e-07,25.36098554771697
8232,7932.75,3787.75,4,11.363100491371245,11.363100491371245,11.363100491371245,2.6038785654261155e-07,25.361013805793654
2955,8699.75,3141.5,4,11.362259484695727,11.362259484695727,11.362259484695727,2.6036858469636304e-07,25.361094166359774
9606,9167.75,3172.75,4,11.361826694387965,11.361826694387965,11.361826694387965,2.603586672147165e-07,25.361135523015665
5345,8409.0,3389.5,4,11.359754073603064,11.359754073603064,11.359754073603064,2.603111726700704e-07,25.361333600733417
1501,8350.5,2936.5,4,11.359653512304602,11.359653512304602,11.359653512304602,2.6030886828659884e-07,25.361343212167355
7549,8988.25,3660.25,4,11.358735939837636,11.358735939837636,11.358735939837636,2.602878419190087e-07,25.36143091571258
2503,9113.0,3086.5,4,11.357701803663367,11.357701803663367,11.357701803663367,2.602641444693561e-07,25.36152976915946
6511,8238.0,3513.25,4,11.356090798364004,11.356090798364004,11.356090798364004,2.602272279414157e-07,25.36168378366625
5876,9324.5,3442.5,4,11.353848385749853,11.353848385749853,11.353848385749853,2.601758425810093e-07,25.361898198029
1488,9216.5,2934.5,4,11.353495297670285,11.353495297670285,11.353495297670285,2.601677514928174e-07,25.361931963362085
8520,8050.5,3855.5,4,11.35243949019449,11.35243949019449,11.35243949019449,2.601435574406964e-07,25.36203293506074
7513,9385.5,3654.5,4,11.352336161103818,11.352336161103818,11.352336161103818,2.6014118963267964e-07,25.362042817398844
3440,9265.75,3194.5,4,11.351033581441055,11.351033581441055,11.351033581441055,2.6011134074358286e-07,25.362167403124843
9282,8825.5,4234.5,4,11.35015967634689,11.35015967634689,11.35015967634689,2.600913150230971e-07,25.362250996122793
3342,8494.25,3184.75,4,11.343086567993389,11.343086567993389,11.343086567993389,2.5992923324579874e-07,25.36292780806812
6187,8358.75,3478.25,4,11.341871979947964,11.341871979947964,11.341871979947964,2.5990140070326593e-07,25.363044072086257
6563,8889.75,3519.75,4,11.341344194126862,11.341344194126862,11.341344194126862,2.5988930637929384e-07,25.363094597211976
5998,7978.5,3456.5,4,11.339696115771316,11.339696115771316,11.339696115771316,2.598515403144121e-07,25.36325238347906
276,9047.0,2558.5,4,11.338659913215402,11.338659913215402,11.338659913215402,2.598277955131861e-07,25.36335160077945
5937,9231.0,3448.5,4,11.335703008288995,11.335703008288995,11.335703008288995,2.5976003740998424e-07,25.36363477687237
3468,9117.5,3196.5,4,11.335221464131216,11.335221464131216,11.335221464131216,2.5974900272352963e-07,25.36368090026068
1340,8643.5,2908.0,4,11.334755408915072,11.334755408915072,11.334755408915072,2.5973832296945597e-07,25.363725541949066
9232,8452.5,4177.0,4,11.333472375867759,11.333472375867759,11.333472375867759,2.5970892199519573e-07,25.363848448375283
5608,8112.5,3415.5,4,11.330746210505945,11.330746210505945,11.330746210505945,2.5964645133802937e-07,25.36410964391895
6078,8114.5,3464.5,4,11.329753923837062,11.329753923837062,11.329753923837062,2.5962371287866413e-07,25.364204731102046
132,8671.5,2443.5,4,11.329540417607081,11.329540417607081,11.329540417607081,2.5961882033814445e-07,25.364225191707774
3576,8804.0,3207.75,4,11.329122309605594,11.329122309605594,11.329122309605594,2.596092393046586e-07,25.36426526070922
2896,8759.75,3133.75,4,11.328048959808044,11.328048959808044,11.328048959808044,2.5958464326651596e-07,25.364368130985703
5265,8539.0,3380.5,4,11.326539670130352,11.326539670130352,11.326539670130352,2.595500575736081e-07,25.364512798406132
161,9365.5,2466.5,4,11.324395141144397,11.324395141144397,11.324395141144397,2.5950091523729146e-07,25.364718387516568
1224,9396.5,2882.5,4,11.323537688046219,11.323537688046219,11.323537688046219,2.5948126651778137e-07,25.364800599688422
867,9650.25,2794.25,4,11.321062707782605,11.321062707782605,11.321062707782605,2.5942455182038716e-07,25.36503793447394
3557,8547.0,3205.75,4,11.320935558436332,11.320935558436332,11.320935558436332,2.5942163816616387e-07,25.36505012868463
566,8795.5,2695.5,4,11.320882287185462,11.320882287185462,11.320882287185462,2.5942041744415756e-07,25.36505523768481
7766,8267.0,3696.5,4,11.320698367359064,11.320698367359064,11.320698367359064,2.594162028823478e-07,25.365072876772587
6291,8755.5,3488.5,4,11.319500234276973,11.319500234276973,11.319500234276973,2.5938874740878795e-07,25.36518779241352
9297,9063.5,4255.5,4,11.319434360981083,11.319434360981083,11.319434360981083,2.5938723790824863e-07,25.365194110822358
2358,9085.25,3067.75,4,11.31919534219115,11.31919534219115,11.31919534219115,2.5938176074200945e-07,25.36521703724125
5898,8378.5,3445.5,4,11.318066089189298,11.318066089189298,11.318066089189298,2.593558836700897e-07,25.365325360491674
620,9388.75,2717.75,4,11.31736142337429,11.31736142337429,11.31736142337429,2.593397361035617e-07,25.36539296082195
6215,7905.0,3482.5,4,11.317251603022505,11.317251603022505,11.317251603022505,2.593372195469205e-07,25.365403496538363
5991,8342.0,3455.5,4,11.316965148870295,11.316965148870295,11.316965148870295,2.5933065538929923e-07,25.365430978261937
483,8842.75,2656.75,4,11.314977555631565,11.314977555631565,11.314977555631565,2.5928510926889795e-07,25.365621682345395
6711,9169.5,3539.5,4,11.31496953665069,11.31496953665069,11.31496953665069,2.5928492551225133e-07,25.365622451812317
966,8862.75,2826.25,4,11.314479321077151,11.314479321077151,11.314479321077151,2.5927369211846636e-07,25.36566949182639
8700,8603.5,3908.5,4,11.30837833381111,11.30837833381111,11.30837833381111,2.5913388670196016e-07,25.36625509980052
6975,9177.25,3574.0,4,11.308000017657097,11.308000017657097,11.308000017657097,2.591252175070944e-07,25.366291423171035
1517,9128.5,2939.0,4,11.306825531979218,11.306825531979218,11.306825531979218,2.5909830391881494e-07,25.366404197122865
4016,9726.75,3252.25,4,11.30661497033689,11.30661497033689,11.30661497033689,2.590934788541455e-07,25.366424416460866
6067,8561.5,3463.5,4,11.304970170640352,11.304970170640352,11.304970170640352,2.5905578792043e-07,25.366582372532683
8194,8375.5,3778.5,4,11.303432799606117,11.303432799606117,11.303432799606117,2.590205587372841e-07,25.36673003262144
1171,9202.25,2873.0,4,11.301774968662293,11.301774968662293,11.301774968662293,2.589825691897746e-07,25.3668892850467
1818,9370.5,2987.5,4,11.30103954993243,11.30103954993243,11.30103954993243,2.589657169136836e-07,25.36695993737544
2250,8677.0,3053.5,4,11.30063196104171,11.30063196104171,11.30063196104171,2.5895637692785087e-07,25.36699909678143
2085,8448.75,3029.25,4,11.300564776744146,11.300564776744146,11.300564776744146,2.589548373854303e-07,25.367005551698405
4041,9238.0,3254.5,4,11.300308033910007,11.300308033910007,11.300308033910007,2.589489540689609e-07,25.36703021932896
96,7924.5,2407.5,4,11.30009806174574,11.30009806174574,11.30009806174574,2.5894414251230623e-07,25.367050393690413
9132,8880.75,4096.75,4,11.299687708312772,11.299687708312772,11.299687708312772,2.5893473917640185e-07,25.367089821991506
3459,8826.5,3196.0,4,11.29947647098578,11.29947647098578,11.29947647098578,2.5892989862827515e-07,25.367110119026552
8664,8221.5,3900.5,4,11.299171775045881,11.299171775045881,11.299171775045881,2.5892291645622204e-07,25.367139396832002
7335,8293.5,3628.5,4,11.298365788638016,11.298365788638016,11.298365788638016,2.589044471068305e-07,25.367216846741883
7948,9084.25,3731.75,4,11.297066353411143,11.297066353411143,11.297066353411143,2.588746702731487e-07,25.367341725422165
2212,9127.5,3046.5,4,11.29683647327694,11.29683647327694,11.29683647327694,2.5886940252114273e-07,25.367363818921138
6360,8518.75,3497.75,4,11.296681904132605,11.296681904132605,11.296681904132605,2.588658605364343e-07,25.367378674625623
7191,8579.5,3605.5,4,11.296526268775487,11.296526268775487,11.296526268775487,2.588622941192339e-07,25.367393633009637
7463,9014.5,3647.5,4,11.294341819699252,11.294341819699252,11.294341819699252,2.5881223700558617e-07,25.36760360594628
6205,8430.0,3481.5,4,11.292400462782084,11.292400462782084,11.292400462782084,2.587677504002948e-07,25.36779024654014
1191,8747.5,2877.5,4,11.291638912980968,11.291638912980968,11.291638912980968,2.587502993251667e-07,25.367863470127592
8942,8675.0,3993.75,4,11.291392639830207,11.291392639830207,11.291392639830207,2.5874465592371134e-07,25.367887150533424
391,8621.5,2617.5,4,11.290353650461764,11.290353650461764,11.290353650461764,2.5872084726208547e-07,25.367987060288854
3054,9307.5,3151.0,4,11.28635250572735,11.28635250572735,11.28635250572735,2.586291601823222e-07,25.368371898335113
3596,8428.5,3209.5,4,11.283607719681982,11.283607719681982,11.283607719681982,2.585662628282449e-07,25.36863597621285
4210,9638.5,3270.5,4,11.282353718346963,11.282353718346963,11.282353718346963,2.585375271218261e-07,25.368756645979605
2185,9165.5,3042.5,4,11.279991061784475,11.279991061784475,11.279991061784475,2.5848338634585395e-07,25.368984035624045
1924,8927.0,3003.25,4,11.279556563057476,11.279556563057476,11.279556563057476,2.584734297154185e-07,25.369025858359745
1362,9541.5,2911.5,4,11.276637120910625,11.276637120910625,11.276637120910625,2.584065300797516e-07,25.369306911457503
507,8556.5,2669.0,4,11.276413117335775,11.276413117335775,11.276413117335775,2.58401396990349e-07,25.36932847916463
5753,9137.5,3430.0,4,11.274795748442642,11.274795748442642,11.274795748442642,2.583643346393083e-07,25.369484216799556
8801,8794.25,3942.0,4,11.271875819682776,11.271875819682776,11.271875819682776,2.582974238528011e-07,25.36976543545997
7106,8438.75,3592.75,4,11.271842502727182,11.271842502727182,11.271842502727182,2.5829666038770105e-07,25.36976864463997
2012,9110.5,3015.75,4,11.270192908262679,11.270192908262679,11.270192908262679,2.5825885958086113e-07,25.369927549938787
5981,9285.5,3453.5,4,11.270139325443981,11.270139325443981,11.270139325443981,2.5825763171921204e-07,25.369932711957304
6855,9134.5,3557.5,4,11.26904265590597,11.26904265590597,11.26904265590597,2.5823250130427337e-07,25.370038367417564
7278,8636.5,3618.5,4,11.266377349560209,11.266377349560209,11.266377349560209,2.581714252443609e-07,25.370295191529042
1418,8690.75,2925.0,4,11.266338170250474,11.266338170250474,11.266338170250474,2.58170527442173e-07,25.370298967229758
8388,8152.75,3823.0,4,11.261630565537105,11.261630565537105,11.261630565537105,2.580626516822345e-07,25.37075273356878
2787,8098.75,3121.75,4,11.260999561994723,11.260999561994723,11.260999561994723,2.5804819210229883e-07,25.37081357045928
1669,9364.0,2965.75,4,11.257524665007796,11.257524665007796,11.257524665007796,2.5796856410122473e-07,25.37114865649409
1852,9066.5,2993.5,4,11.256303561703497,11.256303561703497,11.256303561703497,2.579405822601537e-07,25.37126643264972
2720,8722.0,3113.5,4,11.255173907151729,11.255173907151729,11.255173907151729,2.579146959866325e-07,25.371375399895285
3191,9033.75,3166.25,4,11.254731553765431,11.254731553765431,11.254731553765431,2.5790455936501415e-07,25.371418072583335
3204,8562.5,3168.5,4,11.253671614858845,11.253671614858845,11.253671614858845,2.5788027064028084e-07,25.371520328975134
8917,9358.5,3984.5,4,11.247080916241968,11.247080916241968,11.247080916241968,2.5772924338435975e-07,25.372156375284938
5118,9294.0,3364.5,4,11.247004143377499,11.247004143377499,11.247004143377499,2.577274841178959e-07,25.37216378657358
122,9156.0,2429.75,4,11.246499737692714,11.246499737692714,11.246499737692714,2.577159255547037e-07,25.37221248076696
5183,9514.5,3370.5,4,11.244898362953716,11.244898362953716,11.244898362953716,2.576792297130955e-07,25.372367088366424
7891,8049.5,3719.5,4,11.243590480059794,11.243590480059794,11.243590480059794,2.576492592993325e-07,25.372493376604023
3130,9262.5,3160.5,4,11.243154725708386,11.243154725708386,11.243154725708386,2.5763927389599757e-07,25.372535455995365
1091,9819.0,2855.25,4,11.242680685799678,11.242680685799678,11.242680685799678,2.5762841117100115e-07,25.372581234351564
577,8694.5,2702.5,4,11.241681183164317,11.241681183164317,11.241681183164317,2.576055073562344e-07,25.372677763326234
8356,7906.5,3816.5,4,11.240752413346438,11.240752413346438,11.240752413346438,2.575842243989744e-07,25.37276746883017
3720,9143.5,3221.5,4,11.240026550514017,11.240026550514017,11.240026550514017,2.5756759109829896e-07,25.37283758166375
5361,8364.75,3392.0,4,11.238351952444901,11.238351952444901,11.238351952444901,2.5752921732855907e-07,25.37299935238535
9073,9121.0,4059.75,4,11.237052265352974,11.237052265352974,11.237052265352974,2.574994347233361e-07,25.373124922303333
7481,8036.0,3650.25,4,11.236941021173696,11.236941021173696,11.236941021173696,2.574968855393861e-07,25.373135670890065
4045,8590.25,3255.75,4,11.236699095960958,11.236699095960958,11.236699095960958,2.574913417718522e-07,25.37315904645014
890,9781.5,2802.5,4,11.235204807823616,11.235204807823616,11.235204807823616,2.574570998424215e-07,25.37330344033331
8521,8172.0,3855.5,4,11.23380656797834,11.23380656797834,11.23380656797834,2.5742505887996407e-07,25.37343857041087
1195,9229.5,2877.5,4,11.231942279460775,11.231942279460775,11.231942279460775,2.573823383133868e-07,25.373618766989935
595,9057.5,2708.5,4,11.231852165847041,11.231852165847041,11.231852165847041,2.5738027334082555e-07,25.3736274778614
4959,9202.0,3347.5,4,11.23117980645577,11.23117980645577,11.23117980645577,2.573648660828459e-07,25.373692473979006
297,8828.5,2571.5,4,11.230739537599545,11.230739537599545,11.230739537599545,2.5735477722867605e-07,25.37373503631126
1049,9189.75,2848.0,4,11.229877732328408,11.229877732328408,11.229877732328408,2.5733502877819994e-07,25.373818354874906
2,8817.5,1977.5,4,11.2287758291394,11.2287758291394,11.2287758291394,2.573097784330392e-07,25.373924895205487
6864,8357.5,3559.75,4,11.227657590266858,11.227657590266858,11.227657590266858,2.572841537522274e-07,25.374033025682646
8622,8784.0,3886.75,4,11.226423132196032,11.226423132196032,11.226423132196032,2.5725586588385045e-07,25.374152406728673
7877,9114.25,3716.0,4,11.224821879167528,11.224821879167528,11.224821879167528,2.572191728312641e-07,25.374307279065427
4099,9424.0,3259.5,4,11.224560860522455,11.224560860522455,11.224560860522455,2.572131915336807e-07,25.3743325267434
1582,8540.5,2950.5,4,11.224460687440974,11.224460687440974,11.224460687440974,2.572108960462836e-07,25.374342216389884
7937,8904.5,3730.0,4,11.222635456582289,11.222635456582289,11.222635456582289,2.571690704942391e-07,25.3745187843715
9254,8833.0,4201.25,4,11.221881244569133,11.221881244569133,11.221881244569133,2.571517875660776e-07,25.37459175322175
6919,9403.0,3565.5,4,11.221337355865806,11.221337355865806,11.221337355865806,2.571393242411458e-07,25.37464437665934
929,8812.0,2816.5,4,11.221096789040903,11.221096789040903,11.221096789040903,2.571338116013571e-07,25.374667653288764
1686,9492.5,2968.5,4,11.220975728499074,11.220975728499074,11.220975728499074,2.571310374733783e-07,25.374679366985276
5532,9168.5,3407.5,4,11.219755733284998,11.219755733284998,11.219755733284998,2.5710308102442965e-07,25.374797419552063
8730,8900.0,3918.75,4,11.219650941690912,11.219650941690912,11.219650941690912,2.5710067970283715e-07,25.37480756028611
8437,8962.5,3833.5,4,11.21961357328189,11.21961357328189,11.21961357328189,2.5709982339782293e-07,25.374811176468324
7516,8541.5,3655.5,4,11.218923642821252,11.218923642821252,11.218923642821252,2.57084013495064e-07,25.374877943965053
6339,9156.5,3494.5,4,11.217841856740936,11.217841856740936,11.217841856740936,2.570592241377134e-07,25.3749826412588
7589,8733.5,3666.5,4,11.217823005545746,11.217823005545746,11.217823005545746,2.570587921585795e-07,25.37498446580247
6566,9054.5,3519.5,4,11.21693449478353,11.21693449478353,11.21693449478353,2.570384317461142e-07,25.375070465243592
76,9278.75,2392.0,4,11.216847377026888,11.216847377026888,11.216847377026888,2.570364354242533e-07,25.37507889778546
3026,9532.5,3148.5,4,11.21361905920928,11.21361905920928,11.21361905920928,2.569624578371147e-07,25.375391428206456
8507,8523.5,3850.5,4,11.212237193106827,11.212237193106827,11.212237193106827,2.56930792082445e-07,25.375525232868593
6512,8303.0,3513.5,4,11.211427842972284,11.211427842972284,11.211427842972284,2.569122456525436e-07,25.3756036090611
1864,8448.0,2996.5,4,11.210194741983884,11.210194741983884,11.210194741983884,2.5688398888199807e-07,25.37572303149661
4161,9564.25,3265.25,4,11.209372505492414,11.209372505492414,11.209372505492414,2.56865147158496e-07,25.375802670137105
8581,8670.0,3871.5,4,11.208679796230545,11.208679796230545,11.208679796230545,2.5684927357891773e-07,25.37586976780599
8654,8470.5,3897.5,4,11.208650861361932,11.208650861361932,11.208650861361932,2.568486105302698e-07,25.375872570604855
8196,8433.5,3778.5,4,11.205413266412247,11.205413266412247,11.205413266412247,2.5677442035568304e-07,25.37618622849908
7874,9263.75,3714.75,4,11.204572783093106,11.204572783093106,11.204572783093106,2.567551605022568e-07,25.376267669261022
8312,8550.0,3804.25,4,11.200800775606627,11.200800775606627,11.200800775606627,2.566687241511031e-07,25.37663324273568
2866,8366.0,3130.25,4,11.19872133257234,11.19872133257234,11.19872133257234,2.566210732731661e-07,25.376834829768082
521,8595.5,2674.5,4,11.198532443988572,11.198532443988572,11.198532443988572,2.5661674485122796e-07,25.376853143010955
4470,9266.0,3299.5,4,11.198110560300034,11.198110560300034,11.198110560300034,2.5660707729707293e-07,25.376894046854876
105,8599.75,2417.0,4,11.198051241012553,11.198051241012553,11.198051241012553,2.5660571798302567e-07,25.37689979829556
876,9194.75,2799.75,4,11.19770698886937,11.19770698886937,11.19770698886937,2.5659782937218905e-07,25.376933176671198
622,8498.5,2719.5,4,11.195907351684077,11.195907351684077,11.195907351684077,2.565565903045958e-07,25.377107684566347
1290,9558.5,2896.5,4,11.195634423557363,11.195634423557363,11.195634423557363,2.5655033609871603e-07,25.377134152413134
9255,8309.5,4202.5,4,11.19563150980194,11.19563150980194,11.19563150980194,2.565502693293929e-07,25.377134434984896
5511,8529.5,3406.5,4,11.195386856913892,11.195386856913892,11.195386856913892,2.56544663056601e-07,25.37715816132854
5499,9096.25,3405.25,4,11.195135300905946,11.195135300905946,11.195135300905946,2.565388985973534e-07,25.377182557674768
3287,8772.0,3179.5,4,11.194760536167621,11.194760536167621,11.194760536167621,2.5653031078393095e-07,25.377218904038116
7002,9147.25,3577.75,4,11.192266947702027,11.192266947702027,11.192266947702027,2.5647316967564375e-07,25.377460774406124
8930,8962.0,3990.5,4,11.192088116131073,11.192088116131073,11.192088116131073,2.5646907171228614e-07,25.377478122586187
5319,8282.5,3385.5,4,11.191862543942506,11.191862543942506,11.191862543942506,2.564639026777677e-07,25.377500005398176
3979,9712.0,3248.5,4,11.191775332312432,11.191775332312432,11.191775332312432,2.5646190420477713e-07,25.377508465937503
3567,9581.5,3205.5,4,11.191525872341991,11.191525872341991,11.191525872341991,2.5645618777667325e-07,25.377532666811096
2301,9253.5,3059.5,4,11.191214439851954,11.191214439851954,11.191214439851954,2.564490512351457e-07,25.377562880585202
8452,8908.5,3836.5,4,11.19104667946316,11.19104667946316,11.19104667946316,2.5644520697027415e-07,25.37757915628915
2226,9029.5,3048.5,4,11.18522444376044,11.18522444376044,11.18522444376044,2.5631178920493197e-07,25.37814416662558
9518,8917.5,3119.5,4,11.184959327517774,11.184959327517774,11.184959327517774,2.5630571401003116e-07,25.378169901443506
336,9139.5,2594.5,4,11.184641105156642,11.184641105156642,11.184641105156642,2.5629842187716813e-07,25.378200792074722
9326,9019.5,4317.5,4,11.184141017009537,11.184141017009537,11.184141017009537,2.562869622512671e-07,25.378249338643236
1187,8179.5,2877.5,4,11.18349449313308,11.18349449313308,11.18349449313308,2.562721470195861e-07,25.378312103827312
2283,8295.5,3058.0,4,11.183492689538298,11.183492689538298,11.183492689538298,2.562721056898293e-07,25.378312278927172
4949,9473.25,3347.5,4,11.180372956088576,11.180372956088576,11.180372956088576,2.5620061633649886e-07,25.37861519682439
7138,8945.5,3596.5,4,11.179843248775448,11.179843248775448,11.179843248775448,2.5618847798112965e-07,25.378666638402834
7609,8983.0,3668.5,4,11.179524077652598,11.179524077652598,11.179524077652598,2.5618116410719074e-07,25.37869763531241
3408,8221.25,3191.75,4,11.178972197459668,11.178972197459668,11.178972197459668,2.561685176555806e-07,25.378751234293212
7444,8248.75,3644.75,4,11.177703164823807,11.177703164823807,11.177703164823807,2.561394375037166e-07,25.378874493647018
6443,9534.5,3506.0,4,11.177556303784941,11.177556303784941,11.177556303784941,2.56136072151879e-07,25.37888875895646
8097,8463.5,3758.5,4,11.1769460198356,11.1769460198356,11.1769460198356,2.5612208736581007e-07,25.37894804073957
7680,8342.0,3680.5,4,11.175468535489149,11.175468535489149,11.175468535489149,2.5608823049880976e-07,25.37909157406974
8187,8891.5,3776.5,4,11.172833723836632,11.172833723836632,11.172833723836632,2.5602785323125735e-07,25.3793475855004
1388,8987.25,2918.0,4,11.172097185753938,11.172097185753938,11.172097185753938,2.5601097530495893e-07,25.37941916200839
9247,8749.0,4194.25,4,11.171592120565226,11.171592120565226,11.171592120565226,2.5599940162909445e-07,25.379468246790555
2771,8340.75,3119.25,4,11.17137132660843,11.17137132660843,11.17137132660843,2.5599434208876993e-07,25.379489705357884
1144,9099.5,2866.5,4,11.170973547813855,11.170973547813855,11.170973547813855,2.5598522690336995e-07,25.37952836583343
451,8960.5,2640.5,4,11.169462819636571,11.169462819636571,11.169462819636571,2.5595060824693895e-07,25.379675207394904
1747,8914.0,2977.5,4,11.169194053024292,11.169194053024292,11.169194053024292,2.5594444940304463e-07,25.37970133337403
7376,8792.5,3633.5,4,11.167636404281993,11.167636404281993,11.167636404281993,2.5590875555192e-07,25.379852760018
8317,8634.0,3806.5,4,11.162488326224107,11.162488326224107,11.162488326224107,2.557907862519191e-07,25.38035338013534
412,8326.5,2625.0,4,11.162433709534023,11.162433709534023,11.162433709534023,2.55789534698888e-07,25.38035869252279
965,8709.5,2826.5,4,11.16060681794059,11.16060681794059,11.16060681794059,2.5574767109075473e-07,25.380536403291817
5971,7866.75,3453.75,4,11.159975259622176,11.159975259622176,11.159975259622176,2.557331987980087e-07,25.380597844855437
748,8610.0,2759.5,4,11.158953437370759,11.158953437370759,11.158953437370759,2.557097835245087e-07,25.380697260864963
3097,8528.5,3155.5,4,11.157154647837785,11.157154647837785,11.157154647837785,2.55668563881048e-07,25.380872292363957
3095,8487.75,3155.25,4,11.156828638968278,11.156828638968278,11.156828638968278,2.556610933186949e-07,25.38090401772901
8505,9076.5,3849.5,4,11.156579075051699,11.156579075051699,11.156579075051699,2.5565537450864323e-07,25.380928304524023
8903,8530.0,3980.5,4,11.156398658418102,11.156398658418102,11.156398658418102,2.556512402232391e-07,25.38094586245586
9231,8280.5,4175.5,4,11.153592330843702,11.153592330843702,11.153592330843702,2.5558693263197834e-07,25.381219007475725
8081,7914.5,3756.5,4,11.151874448431503,11.151874448431503,11.151874448431503,2.555475669923411e-07,25.381386246041284
3106,9156.75,3157.75,4,11.14932750736768,11.14932750736768,11.14932750736768,2.554892032979557e-07,25.38163424219341
2960,9139.5,3140.5,4,11.148939915489208,11.148939915489208,11.148939915489208,2.5548032154789766e-07,25.381671987057363
30,8916.25,2143.0,4,11.148814638472023,11.148814638472023,11.148814638472023,2.554774507984923e-07,25.381684187191045
5502,8326.25,3406.0,4,11.148582991699652,11.148582991699652,11.148582991699652,2.5547214256359824e-07,25.381706746531076
434,8941.25,2632.75,4,11.147407828043313,11.147407828043313,11.147407828043313,2.554452134392987e-07,25.381821199191172
7053,8439.5,3585.5,4,11.146561026341573,11.146561026341573,11.146561026341573,2.5542580879879584e-07,25.38190367919034
1311,8953.0,2901.5,4,11.146357947561292,11.146357947561292,11.146357947561292,2.5542115520549644e-07,25.381923460358024
5758,9434.5,3429.5,4,11.146155092273595,11.146155092273595,11.146155092273595,2.5541650673357704e-07,25.38194322011591
1210,8865.0,2881.5,4,11.144143857889752,11.144143857889752,11.144143857889752,2.55370418871324e-07,25.38213915019272
6168,9265.5,3474.5,4,11.143463771072813,11.143463771072813,11.143463771072813,2.553548345377471e-07,25.38220541077053
8993,7878.25,4018.0,4,11.142797642454468,11.142797642454468,11.142797642454468,2.5533957005924983e-07,25.382270315327176
269,9139.5,2552.5,4,11.141565899122213,11.141565899122213,11.141565899122213,2.553113443996827e-07,25.382390341042044
8345,8351.0,3813.25,4,11.139139096317482,11.139139096317482,11.139139096317482,2.5525573369897164e-07,25.382626856688905
894,9653.5,2803.5,4,11.138498093398184,11.138498093398184,11.138498093398184,2.5524104498119426e-07,25.38268933728962
8643,9210.0,3893.5,4,11.13763370597051,11.13763370597051,11.13763370597051,2.5522123736005377e-07,25.382773597585263
7464,7581.0,3648.75,4,11.136007148802623,11.136007148802623,11.136007148802623,2.551839644577494e-07,25.382932171751108
4750,9186.25,3329.25,4,11.134797202722048,11.134797202722048,11.134797202722048,2.5515623828682513e-07,25.383050145241967
1045,7824.5,2847.5,4,11.134655922984077,11.134655922984077,11.134655922984077,2.551530008316806e-07,25.38306392128987
3776,9355.0,3226.5,4,11.134606660530796,11.134606660530796,11.134606660530796,2.551518719721209e-07,25.3830687248642
7231,8591.0,3611.5,4,11.133140021337312,11.133140021337312,11.133140021337312,2.551182636240998e-07,25.383211746364918
2450,8671.25,3080.25,4,11.12884150140659,11.12884150140659,11.12884150140659,2.550197621286747e-07,25.38363103148281
5501,9480.5,3404.5,4,11.128455200717324,11.128455200717324,11.128455200717324,2.55010909966491e-07,25.383668719855294
8611,8842.75,3880.25,4,11.126828805649144,11.126828805649144,11.126828805649144,2.549736407787357e-07,25.383827409001782
8868,8349.75,3966.5,4,11.12540151079716,11.12540151079716,11.12540151079716,2.549409340146404e-07,25.383966690833375
7736,9055.0,3691.25,4,11.123116512445328,11.123116512445328,11.123116512445328,2.5488857279302764e-07,25.384189708424437
1900,8567.5,3000.5,4,11.119756460904203,11.119756460904203,11.119756460904203,2.5481157649968934e-07,25.38451773526164
119,8825.5,2427.5,4,11.11799750275633,11.11799750275633,11.11799750275633,2.547712696008618e-07,25.384689494023863
8142,8908.5,3767.5,4,11.117845222672706,11.117845222672706,11.117845222672706,2.547677800704648e-07,25.384704365149023
5416,9007.5,3397.0,4,11.11524413944106,11.11524413944106,11.11524413944106,2.547081756968265e-07,25.384958409038564
1147,8830.25,2869.0,4,11.115017551991262,11.115017551991262,11.115017551991262,2.547029833973817e-07,25.38498054230908
2880,8809.25,3132.0,4,11.111510522548087,11.111510522548087,11.111510522548087,2.5462261907426114e-07,25.38532316971867
3636,8214.25,3215.25,4,11.10981961734634,11.10981961734634,11.10981961734634,2.545838716231201e-07,25.38548840528183
9331,8308.5,4328.5,4,11.109277217425218,11.109277217425218,11.109277217425218,2.5457144241394815e-07,25.385541414027983
4683,9142.5,3319.5,4,11.108472054163819,11.108472054163819,11.108472054163819,2.5455299192713236e-07,25.38562010740897
9332,8500.0,4329.25,4,11.106974609844144,11.106974609844144,11.106974609844144,2.545186776731144e-07,25.385766476693323
2361,9120.75,3069.5,4,11.105066309782359,11.105066309782359,11.105066309782359,2.5447494857267165e-07,25.385953034108667
5571,9164.5,3411.5,4,11.103123440083529,11.103123440083529,11.103123440083529,2.544304273016678e-07,25.386143004025378
3595,8043.75,3210.5,4,11.098470525513497,11.098470525513497,11.098470525513497,2.543238047779573e-07,25.38659809187971
786,8419.75,2774.5,4,11.097415991272161,11.097415991272161,11.097415991272161,2.5429963990227385e-07,25.386701259284624
3231,8269.0,3171.75,4,11.09500635619252,11.09500635619252,11.09500635619252,2.542444226036225e-07,25.386937035984936
7979,8880.5,3735.5,4,11.09455781308031,11.09455781308031,11.09455781308031,2.5423414414312275e-07,25.386980930447454
9150,8105.5,4106.5,4,11.09442667371688,11.09442667371688,11.09442667371688,2.542311390568104e-07,25.386993764090636
7586,8604.0,3667.5,4,11.093774732040359,11.093774732040359,11.093774732040359,2.542161996750925e-07,25.387057567070322
77,9525.5,2392.5,4,11.093628960570234,11.093628960570234,11.093628960570234,2.5421285929095353e-07,25.387071833666358
626,8781.5,2720.5,4,11.091945685919875,11.091945685919875,11.091945685919875,2.541742866955151e-07,25.38723658867163
7576,8851.5,3665.0,4,11.091149599346906,11.091149599346906,11.091149599346906,2.541560442029388e-07,25.387314516481403
2735,9139.5,3113.5,4,11.090820068722294,11.090820068722294,11.090820068722294,2.54148492938821e-07,25.38734677541378
1951,9395.5,3006.5,4,11.090621001586143,11.090621001586143,11.090621001586143,2.5414393127319723e-07,25.38736626327268
439,8720.25,2635.0,4,11.089732653637194,11.089732653637194,11.089732653637194,2.541235745916325e-07,25.387453233169204
2215,8221.25,3047.75,4,11.087816440044469,11.087816440044469,11.087816440044469,2.540796641509507e-07,25.38764085556788
9084,8705.0,4065.5,4,11.087521676883565,11.087521676883565,11.087521676883565,2.5407290959063387e-07,25.38766971961802
4318,8242.0,3283.75,4,11.08728802890763,11.08728802890763,11.08728802890763,2.540675554977359e-07,25.38769259963999
384,8680.75,2614.0,4,11.086450931752799,11.086450931752799,11.086450931752799,2.540483732389827e-07,25.387774576494678
7875,9652.5,3714.5,4,11.084405158319054,11.084405158319054,11.084405158319054,2.540014939070795e-07,25.38797494496769
9193,8152.5,4138.5,4,11.084227142645734,11.084227142645734,11.084227142645734,2.539974146401891e-07,25.387992382043546
6569,8263.5,3520.75,4,11.084074515838019,11.084074515838019,11.084074515838019,2.53993917164536e-07,25.388007332440154
6582,8142.0,3522.75,4,11.083672095266152,11.083672095266152,11.083672095266152,2.5398469561182544e-07,25.388046752106224
103,9671.0,2415.5,4,11.079368333946956,11.079368333946956,11.079368333946956,2.538860740088723e-07,25.38846842254937
850,9085.75,2790.0,4,11.078817094449288,11.078817094449288,11.078817094449288,2.538734422389299e-07,25.388522443279737
8813,8624.5,3945.5,4,11.07591552059992,11.07591552059992,11.07591552059992,2.5380695205908767e-07,25.388806837937242
9210,9177.75,4155.0,4,11.075500273615617,11.075500273615617,11.075500273615617,2.537974365864171e-07,25.38884754402023
5281,8877.75,3381.25,4,11.075361710325893,11.075361710325893,11.075361710325893,2.5379426137926e-07,25.388861127525956
3115,9690.25,3158.75,4,11.075323784295392,11.075323784295392,11.075323784295392,2.537933922962314e-07,25.388864845484427
743,8147.5,2757.5,4,11.074255495619289,11.074255495619289,11.074255495619289,2.537689122347596e-07,25.38896957701716
7848,8868.25,3710.75,4,11.074059473628378,11.074059473628378,11.074059473628378,2.5376442034928453e-07,25.38898879546992
934,8673.25,2817.25,4,11.073681893619494,11.073681893619494,11.073681893619494,2.537557680233405e-07,25.38902581525258
7169,8683.0,3602.5,4,11.071485620808538,11.071485620808538,11.071485620808538,2.537054399663052e-07,25.389241173561572
5809,9313.5,3436.0,4,11.070745956621128,11.070745956621128,11.070745956621128,2.536884904046545e-07,25.389313711885922
7630,8700.5,3671.5,4,11.067707880162097,11.067707880162097,11.067707880162097,2.536188722385756e-07,25.38961170465899
5359,9536.0,3390.25,4,11.06583159312489,11.06583159312489,11.06583159312489,2.535758767233773e-07,25.389795783014293
9000,9031.5,4021.5,4,11.065446875639612,11.065446875639612,11.065446875639612,2.535670608406486e-07,25.38983353064853
1706,8197.5,2971.5,4,11.062690058836774,11.062690058836774,11.062690058836774,2.535038877992136e-07,25.390104061858374
7242,8815.0,3612.5,4,11.061640136199536,11.061640136199536,11.061640136199536,2.5347982859941565e-07,25.390207110313195
1569,8778.25,2949.0,4,11.06026547030826,11.06026547030826,11.06026547030826,2.534483278391114e-07,25.390342046656933
4494,9388.25,3301.75,4,11.059583023230452,11.059583023230452,11.059583023230452,2.5343268941965636e-07,25.390409041464842
8670,8419.25,3901.25,4,11.058635565123272,11.058635565123272,11.058635565123272,2.534109782162854e-07,25.390502058862786
8786,8365.5,3937.5,4,11.056772574236756,11.056772574236756,11.056772574236756,2.5336828738519875e-07,25.390684982609585
970,9153.25,2828.25,4,11.055544963097958,11.055544963097958,11.055544963097958,2.533401564157206e-07,25.39080553640119
3258,8372.5,3175.5,4,11.055026955482198,11.055026955482198,11.055026955482198,2.533282861613967e-07,25.390856409768453
6794,8678.5,3550.5,4,11.05461126831834,11.05461126831834,11.05461126831834,2.5331876060191834e-07,25.39089723599991
7406,8018.5,3639.0,4,11.054514406563786,11.054514406563786,11.054514406563786,2.533165409942797e-07,25.39090674938504
2245,9396.75,3052.0,4,11.052921588932122,11.052921588932122,11.052921588932122,2.5328004124060007e-07,25.39106320170033
9228,8548.0,4173.5,4,11.052703358246468,11.052703358246468,11.052703358246468,2.5327504043817714e-07,25.391084638864577
6733,8166.5,3542.5,4,11.05267664597029,11.05267664597029,11.05267664597029,2.5327442832070596e-07,25.391087262885094
942,7966.25,2821.0,4,11.051676390475889,11.051676390475889,11.051676390475889,2.532515072540147e-07,25.391185525304557
2049,9051.5,3021.5,4,11.050332051562876,11.050332051562876,11.050332051562876,2.532207014428462e-07,25.391317603566584
9735,8448.75,3225.75,4,11.049692299226031,11.049692299226031,11.049692299226031,2.5320604138243084e-07,25.391380463431656
1257,8530.0,2890.75,4,11.049356175853482,11.049356175853482,11.049356175853482,2.5319833904409646e-07,25.391413491217016
906,8696.25,2809.25,4,11.04632429531323,11.04632429531323,11.04632429531323,2.5312886285880977e-07,25.39171145194251
1417,9473.75,2924.25,4,11.046219255239523,11.046219255239523,11.046219255239523,2.5312645584325406e-07,25.391721776313783
969,8914.25,2827.75,4,11.04509016638147,11.04509016638147,11.04509016638147,2.5310058253272433e-07,25.391832760468613
6951,8445.25,3570.25,4,11.042168095958786,11.042168095958786,11.042168095958786,2.530336226695596e-07,25.392120039010074
749,8393.0,2760.5,4,11.041520688935654,11.041520688935654,11.041520688935654,2.530187872003853e-07,25.392183698052847
7963,9492.0,3733.25,4,11.03993804471108,11.03993804471108,11.03993804471108,2.529825205724857e-07,25.392339333978672
6723,8061.5,3541.5,4,11.039546807585747,11.039546807585747,11.039546807585747,2.529735552908231e-07,25.392377811353892
3745,8983.5,3225.0,4,11.038225521482417,11.038225521482417,11.038225521482417,2.5294327773967524e-07,25.39250776723346
881,9182.0,2800.25,4,11.037211096162075,11.037211096162075,11.037211096162075,2.5292003196841883e-07,25.392607552195106
533,8803.25,2681.0,4,11.036586752008809,11.036586752008809,11.036586752008809,2.5290572498979644e-07,25.39266897099184
2454,8995.75,3081.25,4,11.0359288468753,11.0359288468753,11.0359288468753,2.528906489541975e-07,25.392733695052833
4112,8635.25,3262.75,4,11.035400741172467,11.035400741172467,11.035400741172467,2.5287854730006766e-07,25.392785652365085
6225,9544.25,3481.75,4,11.035278439529218,11.035278439529218,11.035278439529218,2.5287574473198675e-07,25.39279768528178
5721,8687.5,3426.5,4,11.034754769550872,11.034754769550872,11.034754769550872,2.528637447234239e-07,25.392849209214667
3416,9111.0,3192.5,4,11.03434649764587,11.03434649764587,11.03434649764587,2.5285438908617414e-07,25.39288938081779
599,8844.5,2710.0,4,11.033248842539017,11.033248842539017,11.033248842539017,2.528292360867165e-07,25.39299739112634
7033,8446.5,3583.5,4,11.032348904095322,11.032348904095322,11.032348904095322,2.5280861380650766e-07,25.39308595394364
9201,9027.5,4142.5,4,11.03229751187395,11.03229751187395,11.03229751187395,2.5280743614286064e-07,25.393091011663063
8958,8059.5,4001.5,4,11.031186300538911,11.031186300538911,11.031186300538911,2.5278197249956047e-07,25.39320037629368
2117,7946.5,3034.5,4,11.029258895728747,11.029258895728747,11.029258895728747,2.527378056097587e-07,25.393390096235443
4720,9254.5,3324.5,4,11.02910058378722,11.02910058378722,11.02910058378722,2.5273417785805917e-07,25.393405680803887
4049,9123.5,3255.5,4,11.027773500534302,11.027773500534302,11.027773500534302,2.5270376746399966e-07,25.393536330535184
3786,9428.5,3227.5,4,11.025777686963448,11.025777686963448,11.025777686963448,2.526580329729452e-07,25.393732845558034
4828,9488.75,3337.25,4,11.025499721005646,11.025499721005646,11.025499721005646,2.526516633240981e-07,25.393760217913698
1833,9183.5,2990.0,4,11.023236182624636,11.023236182624636,11.023236182624636,2.525997938622659e-07,25.3939831427644
191,9156.0,2491.25,4,11.02138597866567,11.02138597866567,11.02138597866567,2.525573960463346e-07,25.394165394328027
9211,8866.5,4157.5,4,11.021274917089361,11.021274917089361,11.021274917089361,2.5255485104677034e-07,25.394176335255246
7567,9409.75,3663.5,4,11.020283022304387,11.020283022304387,11.020283022304387,2.525321215675079e-07,25.39427405394492
543,8641.75,2686.75,4,11.01754462818272,11.01754462818272,11.01754462818272,2.5246937068571724e-07,25.394543878512323
9159,8750.5,4113.5,4,11.017244424119575,11.017244424119575,11.017244424119575,2.5246249144597217e-07,25.394573462859093
1235,8578.5,2885.5,4,11.014878278963398,11.014878278963398,11.014878278963398,2.524082707281361e-07,25.394806668665563
1478,9794.75,2932.75,4,11.01472528803533,11.01472528803533,11.01472528803533,2.524047649085879e-07,25.394821749081252
8807,9298.25,3944.0,4,11.01464402685338,11.01464402685338,11.01464402685338,2.524029027913776e-07,25.394829759134197
8849,8901.0,3958.0,4,11.014244354318574,11.014244354318574,11.014244354318574,2.523937442105188e-07,25.394869156395977
5711,9195.0,3425.5,4,11.01257057211934,11.01257057211934,11.01257057211934,2.5235538913661013e-07,25.395034163088248
5077,8496.25,3360.25,4,11.009728152207572,11.009728152207572,11.009728152207572,2.522902544817876e-07,25.3953144352127
8919,8803.0,3985.25,4,11.006815985396702,11.006815985396702,11.006815985396702,2.52223521561987e-07,25.395601659668962
836,8418.5,2787.5,4,11.006711719238346,11.006711719238346,11.006711719238346,2.5222113228086564e-07,25.39561194475771
3770,8723.0,3226.75,4,11.006447767605067,11.006447767605067,11.006447767605067,2.522150837732358e-07,25.395637982078227
3813,8267.5,3232.0,4,11.005925604596957,11.005925604596957,11.005925604596957,2.522031182972153e-07,25.395689492315054
5073,9168.75,3360.0,4,11.004874213963639,11.004874213963639,11.004874213963639,2.5217902545797603e-07,25.39579321711254
98,8919.5,2409.0,4,11.001131581859791,11.001131581859791,11.001131581859791,2.5209326224994243e-07,25.39616252640502
8997,8557.0,4021.25,4,11.001112619513753,11.001112619513753,11.001112619513753,2.5209282772376325e-07,25.396164397860083
159,9268.5,2465.5,4,11.000851740061622,11.000851740061622,11.000851740061622,2.520868496158157e-07,25.396190145221695
347,9446.5,2599.5,4,11.000453708004658,11.000453708004658,11.000453708004658,2.520777286268544e-07,25.39622942996468
333,8962.5,2593.0,4,11.00032169843934,11.00032169843934,11.00032169843934,2.5207470359968135e-07,25.39624245928404
854,9659.0,2790.5,4,10.999742079183584,10.999742079183584,10.999742079183584,2.5206142150156634e-07,25.396299669446467
698,9071.5,2744.5,4,10.9976691892984,10.9976691892984,10.9976691892984,2.5201392079043015e-07,25.396504294579493
665,8112.0,2735.25,4,10.995622425472039,10.995622425472039,10.995622425472039,2.5196701876347016e-07,25.396706378527107
5315,9282.5,3384.5,4,10.995462289321253,10.995462289321253,10.995462289321253,2.519633492096288e-07,25.39672219090006
4370,8443.5,3289.0,4,10.994848059071096,10.994848059071096,10.994848059071096,2.5194927399324014e-07,25.39678284416145
5343,8140.5,3389.5,4,10.99443759330791,10.99443759330791,10.99443759330791,2.5193986808326505e-07,25.396823378224
1273,8344.5,2893.5,4,10.99379251602466,10.99379251602466,10.99379251602466,2.5192508600057405e-07,25.39688708355708
9181,8927.5,4124.5,4,10.992417993905095,10.992417993905095,10.992417993905095,2.51893588534829e-07,25.397022838505002
1760,8666.5,2979.5,4,10.992190120822599,10.992190120822599,10.992190120822599,2.5188836677483844e-07,25.39704534607525
7217,8420.5,3609.5,4,10.992166990947268,10.992166990947268,10.992166990947268,2.518878367488421e-07,25.39704763069453
757,9446.5,2763.5,4,10.99124199357186,10.99124199357186,10.99124199357186,2.51866640237901e-07,25.397138999884913
4894,8930.0,3342.5,4,10.991024861025949,10.991024861025949,10.991024861025949,2.5186166459958305e-07,25.39716044887085
7744,7394.5,3693.5,4,10.990711676691578,10.990711676691578,10.990711676691578,2.5185448791417126e-07,25.397191386878866
268,8500.75,2552.25,4,10.990088403832427,10.990088403832427,10.990088403832427,2.518402054844806e-07,25.39725295969754
2889,9351.5,3132.5,4,10.98849890726644,10.98849890726644,10.98849890726644,2.518037818337249e-07,25.397410001089472
7583,8866.5,3666.25,4,10.988495366149905,10.988495366149905,10.988495366149905,2.518037006882889e-07,25.39741035097521
1035,8740.5,2845.5,4,10.986829995705044,10.986829995705044,10.986829995705044,2.5176553837151484e-07,25.397574913088402
5475,8838.5,3402.5,4,10.986416147828407,10.986416147828407,10.986416147828407,2.5175605495969305e-07,25.397615810971217
3738,9196.5,3223.5,4,10.985673536148617,10.985673536148617,10.985673536148617,2.517390378556297e-07,25.39768920229619
6759,7828.5,3545.5,4,10.985602200031757,10.985602200031757,10.985602200031757,2.517374031733898e-07,25.397696252610945
6379,9125.5,3500.0,4,10.984547800101723,10.984547800101723,10.984547800101723,2.5171324137547835e-07,25.397800466754155
6603,7554.0,3525.5,4,10.983919915744256,10.983919915744256,10.983919915744256,2.5169885327232626e-07,25.39786252996114
7912,8613.25,3723.75,4,10.983902423076206,10.983902423076206,10.983902423076206,2.5169845242412973e-07,25.397864259074087
5087,8244.0,3361.25,4,10.982621229621685,10.982621229621685,10.982621229621685,2.5166909360452834e-07,25.39799090980339
8435,7574.5,3834.0,4,10.982542805854672,10.982542805854672,10.982542805854672,2.516672965072827e-07,25.39799866276376
243,8974.5,2534.5,4,10.981511936878677,10.981511936878677,10.981511936878677,2.516436739261712e-07,25.39810057944386
9341,8894.5,2586.5,4,10.980405780630575,10.980405780630575,10.980405780630575,2.5161832612125974e-07,25.398209950028267
6192,8492.5,3478.5,4,10.980355775395005,10.980355775395005,10.980355775395005,2.516171802406864e-07,25.39821489452844
4003,9370.5,3251.5,4,10.977870035378807,10.977870035378807,10.977870035378807,2.515602189812809e-07,25.398460712015336
7331,8939.0,3628.25,4,10.97688906151162,10.97688906151162,10.97688906151162,2.5153773975716465e-07,25.398557736887213
4403,8416.75,3292.5,4,10.97533360751645,10.97533360751645,10.97533360751645,2.515020961991357e-07,25.398711599459183
8636,8980.5,3890.5,4,10.975060524690726,10.975060524690726,10.975060524690726,2.514958384482953e-07,25.398738614546843
1281,8034.0,2895.25,4,10.974833313735802,10.974833313735802,10.974833313735802,2.514906318610984e-07,25.398761092209988
3888,9283.5,3238.5,4,10.974689437836528,10.974689437836528,10.974689437836528,2.514873349143673e-07,25.398775325892842
7697,8420.25,3684.75,4,10.974345084971965,10.974345084971965,10.974345084971965,2.5147944399547893e-07,25.398809393575586
7195,8328.0,3606.25,4,10.973221459736248,10.973221459736248,10.973221459736248,2.5145369588501317e-07,25.39892056404158
2353,8628.5,3067.5,4,10.972312379307446,10.972312379307446,10.972312379307446,2.514328641142777e-07,25.39901051596914
9173,8599.5,4120.5,4,10.96974018244771,10.96974018244771,10.96974018244771,2.513739216779751e-07,25.399265070757153
3220,9279.5,3169.5,4,10.969245106671924,10.969245106671924,10.969245106671924,2.5136257691162537e-07,25.399314072266282
2712,9059.5,3111.5,4,10.967815121522634,10.967815121522634,10.967815121522634,2.51329808498797e-07,25.399455621465208
4294,8630.5,3280.5,4,10.966065022451104,10.966065022451104,10.966065022451104,2.512897046075819e-07,25.399628882731836
7622,8628.25,3671.0,4,10.963513363388017,10.963513363388017,10.963513363388017,2.5123123279924317e-07,25.399881548660087
8149,7961.5,3769.5,4,10.962765153803607,10.962765153803607,10.962765153803607,2.512140874180088e-07,25.399955647712893
5990,8104.0,3455.5,4,10.960154454436571,10.960154454436571,10.960154454436571,2.511542626885896e-07,25.400214238346493
2833,8953.5,3126.5,4,10.959765519666945,10.959765519666945,10.959765519666945,2.5114535016589605e-07,25.400252767735395
2900,9441.25,3133.75,4,10.959482273738132,10.959482273738132,10.959482273738132,2.5113885952539405e-07,25.400280828037708
9051,8875.5,4050.5,4,10.959335282444599,10.959335282444599,10.959335282444599,2.511354911887431e-07,25.40029539029854
5841,8577.0,3439.25,4,10.957978143634193,10.957978143634193,10.957978143634193,2.5110439206521245e-07,25.400429849729274
6832,8820.0,3554.5,4,10.956631560398861,10.956631560398861,10.956631560398861,2.510735348249222e-07,25.400563279819327
140,9647.5,2451.0,4,10.956619120707572,10.956619120707572,10.956619120707572,2.510732497667593e-07,25.40056451251852
338,8597.0,2595.25,4,10.956339541988552,10.956339541988552,10.956339541988552,2.5106684316114703e-07,25.400592217470827
7685,9194.5,3680.5,4,10.956333563233162,10.956333563233162,10.956333563233162,2.5106670615669993e-07,25.400592809945437
8107,9135.5,3760.5,4,10.952234377502407,10.952234377502407,10.952234377502407,2.5097277244672245e-07,25.400999101622908
3546,7997.25,3205.0,4,10.94887591629216,10.94887591629216,10.94887591629216,2.5089581259615333e-07,25.40133208957721
4791,9204.5,3332.5,4,10.945904462889366,10.945904462889366,10.945904462889366,2.50827721111531e-07,25.40162679128274
8115,8274.5,3762.5,4,10.945842064129138,10.945842064129138,10.945842064129138,2.5082629123071295e-07,25.40163298070148
8539,9146.5,3860.5,4,10.942385401192976,10.942385401192976,10.942385401192976,2.5074708106677737e-07,25.401975906974023
2529,8410.75,3090.25,4,10.940231210319098,10.940231210319098,10.940231210319098,2.506977173262509e-07,25.402189673277462
855,8434.0,2791.5,4,10.940092651599347,10.940092651599347,10.940092651599347,2.506945422238157e-07,25.4022034242822
3194,9738.5,3166.5,4,10.938911232862468,10.938911232862468,10.938911232862468,2.506674697630196e-07,25.40232067908078
6099,8633.75,3466.75,4,10.93794556291465,10.93794556291465,10.93794556291465,2.506453412314598e-07,25.402416530402995
6392,8003.25,3501.25,4,10.937920399497498,10.937920399497498,10.937920399497498,2.506447646064216e-07,25.402419028208847
5270,8921.75,3381.5,4,10.936986246298076,10.936986246298076,10.936986246298076,2.5062335828783234e-07,25.40251175948002
6010,7590.25,3457.25,4,10.936719117463452,10.936719117463452,10.936719117463452,2.506172369739602e-07,25.402538278210365
3914,8646.75,3241.75,4,10.936547111484543,10.936547111484543,10.936547111484543,2.5061329542049117e-07,25.402555354134627
875,8343.75,2800.0,4,10.935243560915032,10.935243560915032,10.935243560915032,2.505834242828604e-07,25.40268477308079
7374,8282.75,3633.25,4,10.934807086348027,10.934807086348027,10.934807086348027,2.5057342237563235e-07,25.402728110542373
3674,9249.5,3216.5,4,10.932613874210759,10.932613874210759,10.932613874210759,2.505231644545834e-07,25.402945900270247
6920,9740.75,3566.0,4,10.931202861412771,10.931202861412771,10.931202861412771,2.5049083079720693e-07,25.403086039359483
8121,8485.5,3763.5,4,10.930085089263578,10.930085089263578,10.930085089263578,2.5046521681145963e-07,25.403197067190494
1904,9634.5,3000.5,4,10.92932198434753,10.92932198434753,10.92932198434753,2.504477301005432e-07,25.403272872598475
1296,8520.75,2899.0,4,10.927952066891187,10.927952066891187,10.927952066891187,2.50416338151632e-07,25.40340897090408
8928,8696.5,3989.5,4,10.926675943401357,10.926675943401357,10.926675943401357,2.503870955113462e-07,25.403535766333917
184,8725.5,2486.5,4,10.92640179097291,10.92640179097291,10.92640179097291,2.503808132503328e-07,25.403563008008597
1521,9012.0,2939.5,4,10.923794412519143,10.923794412519143,10.923794412519143,2.503210646203451e-07,25.403822129269923
10055,8583.0,3315.5,4,10.923166906373211,10.923166906373211,10.923166906373211,2.503066851839905e-07,25.403884500062052
3340,9378.5,3183.5,4,10.922436414914287,10.922436414914287,10.922436414914287,2.5028994581735753e-07,25.403957111563127
2874,9415.5,3130.5,4,10.921712735229637,10.921712735229637,10.921712735229637,2.502733625439761e-07,25.404029050756467
2322,8529.75,3063.5,4,10.91591453890737,10.91591453890737,10.91591453890737,2.501404956461329e-07,25.40460560715047
7807,8315.5,3702.5,4,10.915231644844027,10.915231644844027,10.915231644844027,2.501248469839096e-07,25.404673532380095
2467,9132.0,3081.5,4,10.914186614846443,10.914186614846443,10.914186614846443,2.5010089989998646e-07,25.40477748630968
3157,9778.5,3163.0,4,10.913918313976774,10.913918313976774,10.913918313976774,2.500947517286828e-07,25.404804177034226
805,8772.25,2779.75,4,10.912062639715899,10.912062639715899,10.912062639715899,2.500522285596237e-07,25.404988798539982
351,8857.5,2601.5,4,10.912023027494127,10.912023027494127,10.912023027494127,2.5005132083716466e-07,25.404992739912274
563,9743.5,2694.5,4,10.911597465742002,10.911597465742002,10.911597465742002,2.500415689994029e-07,25.405035083738944
4018,8199.75,3254.25,4,10.91004796486547,10.91004796486547,10.91004796486547,2.500060618583495e-07,25.405189274604993
8016,8894.25,3744.0,4,10.909292107931684,10.909292107931684,10.909292107931684,2.4998874123648304e-07,25.405264497891874
6713,9432.5,3540.0,4,10.908524936302184,10.908524936302184,10.908524936302184,2.499711613359658e-07,25.405340852553028
1549,8863.75,2946.0,4,10.905600845070772,10.905600845070772,10.905600845070772,2.499041551655407e-07,25.405631929240382
8091,8110.75,3757.75,4,10.902704876272466,10.902704876272466,10.902704876272466,2.498377934266317e-07,25.40592028343266
9170,8814.75,4119.25,4,10.901912319348789,10.901912319348789,10.901912319348789,2.4981963181671714e-07,25.40599921238051
859,8715.5,2792.75,4,10.901013585097214,10.901013585097214,10.901013585097214,2.49799037130826e-07,25.40608872223072
2098,8800.0,3030.5,4,10.900916034839724,10.900916034839724,10.900916034839724,2.4979680174599665e-07,25.40609843823735
3658,9308.5,3215.5,4,10.900331019797662,10.900331019797662,10.900331019797662,2.497833960022946e-07,25.40615670756571
4842,8483.5,3338.5,4,10.89914890458033,10.89914890458033,10.89914890458033,2.497563075815012e-07,25.406274459484138
8914,8650.5,3984.5,4,10.897429018525344,10.897429018525344,10.897429018525344,2.4971689602796485e-07,25.406445802212197
1128,8615.75,2864.25,4,10.897301764456603,10.897301764456603,10.897301764456603,2.49713979974004e-07,25.406458480905133
4461,7866.5,3298.5,4,10.896699489050512,10.896699489050512,10.896699489050512,2.4970017870540134e-07,25.406518489363993
7144,8769.75,3597.25,4,10.895930657200083,10.895930657200083,10.895930657200083,2.4968256076056954e-07,25.40659509770086
193,8383.5,2493.5,4,10.895401412447423,10.895401412447423,10.895401412447423,2.496704330048715e-07,25.406647836118815
146,8648.75,2453.75,4,10.893660299730774,10.893660299730774,10.893660299730774,2.496305350378834e-07,25.406821353376422
1266,9157.5,2891.5,4,10.893445402153116,10.893445402153116,10.893445402153116,2.4962561061433675e-07,25.40684277174044
5867,9116.5,3441.5,4,10.892073646771827,10.892073646771827,10.892073646771827,2.4959417654898583e-07,25.406979501508516
2448,8240.75,3081.5,4,10.891576738802534,10.891576738802534,10.891576738802534,2.495827897975335e-07,25.40702903507734
470,8834.0,2649.5,4,10.88854955763801,10.88854955763801,10.88854955763801,2.4951342129943783e-07,25.407330844182127
5729,9358.5,3426.5,4,10.888444346374541,10.888444346374541,10.888444346374541,2.4951101036103247e-07,25.407341335224043
8224,8061.75,3785.75,4,10.88732739374319,10.88732739374319,10.88732739374319,2.4948541515471023e-07,25.407452717353355
5993,8428.75,3456.0,4,10.88671321362559,10.88671321362559,10.88671321362559,2.4947134108711974e-07,25.407513968051113
55,8876.75,2354.25,4,10.885542459728821,10.885542459728821,10.885542459728821,2.494445130133955e-07,25.407630734077827
3605,9371.5,3209.5,4,10.885498577608018,10.885498577608018,10.885498577608018,2.49443507445295e-07,25.407635110938557
1153,8171.0,2869.75,4,10.885033006908365,10.885033006908365,10.885033006908365,2.494328387940195e-07,25.407681548662193
2761,8469.75,3118.0,4,10.883146381670223,10.883146381670223,10.883146381670223,2.4938960637675516e-07,25.407869747895067
8534,8783.5,3858.5,4,10.88311957977361,10.88311957977361,10.88311957977361,2.4938899220561273e-07,25.40787242173812
7779,8642.75,3698.0,4,10.882012136220915,10.882012136220915,10.882012136220915,2.4936361490184364e-07,25.407982909611718
262,8916.0,2548.25,4,10.880787512832415,10.880787512832415,10.880787512832415,2.49335552397297e-07,25.408105101422784
9226,8867.5,4172.0,4,10.880038475658557,10.880038475658557,10.880038475658557,2.49318388051675e-07,25.40817984645122
1218,8648.0,2882.25,4,10.880017899986974,10.880017899986974,10.880017899986974,2.4931791655579895e-07,25.408181899731893
5751,9031.0,3429.25,4,10.879975339441089,10.879975339441089,10.879975339441089,2.4931694127186786e-07,25.408186146932255
5036,9283.5,3355.5,4,10.878821174294295,10.878821174294295,10.878821174294295,2.492904933328658e-07,25.408301329671016
128,8708.5,2441.0,4,10.873830197925995,10.873830197925995,10.873830197925995,2.4917612405138465e-07,25.408799557104768
941,9397.5,2820.0,4,10.873316078184848,10.873316078184848,10.873316078184848,2.491643428885317e-07,25.408850892430294
1355,8674.5,2909.5,4,10.873282664656049,10.873282664656049,10.873282664656049,2.4916357721043617e-07,25.408854228885648
5763,9026.0,3431.0,4,10.872106803525227,10.872106803525227,10.872106803525227,2.4913663210336097e-07,25.408971649178774
2605,9070.75,3101.75,4,10.87169246687229,10.87169246687229,10.87169246687229,2.491271374911266e-07,25.40901302744018
6667,8957.75,3534.5,4,10.869842478567385,10.869842478567385,10.869842478567385,2.4908474461695387e-07,25.409197798137455
4427,8371.5,3295.5,4,10.867118164292162,10.867118164292162,10.867118164292162,2.4902231637782913e-07,25.409469950873603
4021,8325.5,3253.5,4,10.864049041011608,10.864049041011608,10.864049041011608,2.4895198676725363e-07,25.409776630975344
6208,8695.5,3480.5,4,10.86387037236777,10.86387037236777,10.86387037236777,2.489478925374054e-07,25.40979448698922
2235,8408.5,3051.0,4,10.862778958679783,10.862778958679783,10.862778958679783,2.489228825613841e-07,25.40990356845304
113,8733.5,2424.5,4,10.860146471643805,10.860146471643805,10.860146471643805,2.488625585629125e-07,25.410166717770256
7461,8018.25,3647.25,4,10.858422338579336,10.858422338579336,10.858422338579336,2.4882304968825347e-07,25.410339100555714
8669,8409.75,3902.0,4,10.858273233720848,10.858273233720848,10.858273233720848,2.4881963291881355e-07,25.410354009687968
6313,8000.5,3491.5,4,10.857051554191948,10.857051554191948,10.857051554191948,2.4879163787343364e-07,25.410476174261557
1293,8921.5,2898.0,4,10.856714746905762,10.856714746905762,10.856714746905762,2.487839198630733e-07,25.410509856475834
189,9381.5,2490.5,4,10.856433530714726,10.856433530714726,10.856433530714726,2.487774757344427e-07,25.41053798013585
9307,9077.0,4272.0,4,10.85640942897993,10.85640942897993,10.85640942897993,2.487769234380807e-07,25.410540390518136
4912,8464.0,3344.5,4,10.855891703254372,10.855891703254372,10.855891703254372,2.4876505964333057e-07,25.410592168868213
4961,9539.5,3347.5,4,10.853868235253081,10.853868235253081,10.853868235253081,2.4871869144514036e-07,25.41079456193757
310,8409.5,2579.5,4,10.85322108158686,10.85322108158686,10.85322108158686,2.4870386178169343e-07,25.410859300065788
3675,9295.5,3216.5,4,10.852071583394356,10.852071583394356,10.852071583394356,2.486775207869382e-07,25.410974299833388
9156,8997.5,4111.5,4,10.852044385499461,10.852044385499461,10.852044385499461,2.486768975414112e-07,25.410977020952203
1863,8427.0,2997.25,4,10.85123994739272,10.85123994739272,10.85123994739272,2.4865846367166816e-07,25.411057507164703
7642,8952.5,3673.5,4,10.85082334304131,10.85082334304131,10.85082334304131,2.4864891709464257e-07,25.411099191904203
3422,9805.5,3191.5,4,10.849697079336556,10.849697079336556,10.849697079336556,2.4862310852309955e-07,25.41121189199228
3962,8227.5,3247.5,4,10.84730220430535,10.84730220430535,10.84730220430535,2.4856822945408694e-07,25.411451575139598
6584,8313.25,3522.75,4,10.846711062199127,10.846711062199127,10.846711062199127,2.4855468330741084e-07,25.411510745785357
8547,9207.5,3861.5,4,10.844252887499032,10.844252887499032,10.844252887499032,2.4849835371306716e-07,25.41175683252333
694,9655.5,2742.5,4,10.844152241630487,10.844152241630487,10.844152241630487,2.4849604739165426e-07,25.4117669093236
7251,7818.75,3615.0,4,10.843834477803853,10.843834477803853,10.843834477803853,2.4848876576620646e-07,25.411798724880814
2683,8628.0,3110.5,4,10.843685872625457,10.843685872625457,10.843685872625457,2.484853604470418e-07,25.411813604038947
2798,8544.5,3122.5,4,10.84189942154569,10.84189942154569,10.84189942154569,2.4844442354185187e-07,25.41199248919177
8683,9324.5,3904.0,4,10.841810071404238,10.841810071404238,10.841810071404238,2.484423760644198e-07,25.412001436985825
4901,7636.0,3343.5,4,10.840374093392978,10.840374093392978,10.840374093392978,2.4840947032388896e-07,25.412145250294166
4534,8337.75,3307.0,4,10.838391550666515,10.838391550666515,10.838391550666515,2.4836403993704695e-07,25.412343833410652
2300,9078.5,3059.5,4,10.838186145957458,10.838186145957458,10.838186145957458,2.483593330445966e-07,25.41236441002864
9303,8410.5,4266.5,4,10.838001991582992,10.838001991582992,10.838001991582992,2.4835511310806816e-07,25.412382858205078
3573,8338.25,3207.75,4,10.834776567879675,10.834776567879675,10.834776567879675,2.4828120184017205e-07,25.412706024826896
264,8906.5,2550.5,4,10.832203779471934,10.832203779471934,10.832203779471934,2.482222458484215e-07,25.412963870589415
9176,8685.5,4122.5,4,10.832025065937746,10.832025065937746,10.832025065937746,2.4821815058990137e-07,25.4129817835976
8737,7539.0,3920.5,4,10.831717769161157,10.831717769161157,10.831717769161157,2.4821110881912424e-07,25.413012585591378
3099,8303.5,3157.0,4,10.829403701957812,10.829403701957812,10.829403701957812,2.481580814786169e-07,25.413244564951803
7446,8478.0,3644.5,4,10.82701222833445,10.82701222833445,10.82701222833445,2.4810328035358606e-07,25.41348435620023
188,9094.5,2487.5,4,10.826963307347881,10.826963307347881,10.826963307347881,2.481021593188085e-07,25.413489262023287
5307,8487.5,3384.75,4,10.826585689470328,10.826585689470328,10.826585689470328,2.4809350612509576e-07,25.413527130494767
2166,7955.5,3041.0,4,10.823486498771077,10.823486498771077,10.823486498771077,2.4802248751324706e-07,25.413837975053745
4737,8244.75,3328.0,4,10.820648108580293,10.820648108580293,10.820648108580293,2.479574452003351e-07,25.414122739777945
4727,8406.0,3326.5,4,10.817768508567923,10.817768508567923,10.817768508567923,2.4789145855562574e-07,25.414411715266535
5005,9152.0,3351.5,4,10.816577708302496,10.816577708302496,10.816577708302496,2.478641711151142e-07,25.414531237710072
9248,8053.0,4195.5,4,10.81541926807584,10.81541926807584,10.81541926807584,2.4783762521175087e-07,25.414647524754468
8479,9284.0,3842.5,4,10.814744537440577,10.814744537440577,10.814744537440577,2.4782216361621246e-07,25.414715261595113
83,9765.0,2397.5,4,10.813672742162911,10.813672742162911,10.813672742162911,2.477976032002225e-07,25.414822868816014
816,9162.5,2781.5,4,10.813557749004232,10.813557749004232,10.813557749004232,2.477949681076148e-07,25.414834414652706
242,9398.5,2533.5,4,10.812843385813716,10.812843385813716,10.812843385813716,2.4777859832367136e-07,25.41490614272015
9022,7875.0,4031.75,4,10.812492799991734,10.812492799991734,10.812492799991734,2.477705645752424e-07,25.414941346216324
127,9630.5,2439.5,4,10.81128031296931,10.81128031296931,10.81128031296931,2.4774278017809703e-07,25.415063104898543
9189,8890.75,4133.0,4,10.809876281164161,10.809876281164161,10.809876281164161,2.477106064916514e-07,25.415204115686656
3050,9034.5,3151.5,4,10.809005747321336,10.809005747321336,10.809005747321336,2.476906580241048e-07,25.415291555001037
3648,8072.5,3215.5,4,10.80886874456794,10.80886874456794,10.80886874456794,2.4768751857696847e-07,25.415305316654578
8377,8540.5,3821.5,4,10.808567435649373,10.808567435649373,10.808567435649373,2.4768061401922713e-07,25.41533558314862
848,8752.75,2790.0,4,10.806746246408327,10.806746246408327,10.806746246408327,2.4763888108170763e-07,25.41551853965145
8090,9325.5,3756.5,4,10.806728162282836,10.806728162282836,10.806728162282836,2.476384666801385e-07,25.415520356535623
6608,8567.75,3525.25,4,10.806661173189639,10.806661173189639,10.806661173189639,2.4763693161086735e-07,25.415527086852897
8838,8899.5,3954.5,4,10.804649278009386,10.804649278009386,10.804649278009386,2.475908286063245e-07,25.415729239096155
6946,8540.75,3570.0,4,10.804113524048987,10.804113524048987,10.804113524048987,2.475785516907513e-07,25.415783077205916
2531,8706.0,3090.5,4,10.803423481426812,10.803423481426812,10.803423481426812,2.475627392177869e-07,25.415852423773067
1063,8354.5,2851.5,4,10.801631174430813,10.801631174430813,10.801631174430813,2.475216681230352e-07,25.41603256426621
559,7964.5,2694.5,4,10.801221543368651,10.801221543368651,10.801221543368651,2.47512281340411e-07,25.416073739501783
177,8989.5,2477.5,4,10.800066773303955,10.800066773303955,10.800066773303955,2.4748581953958696e-07,25.416189822917758
8889,8597.5,3972.5,4,10.799400555050493,10.799400555050493,10.799400555050493,2.47470553007082e-07,25.41625680024338
5560,8972.5,3410.5,4,10.79840257670746,10.79840257670746,10.79840257670746,2.4744768412179706e-07,25.416357138339137
1062,9445.5,2850.75,4,10.798348318362693,10.798348318362693,10.798348318362693,2.4744644078032493e-07,25.416362593812472
2307,9452.0,3060.75,4,10.79507314775461,10.79507314775461,10.79507314775461,2.4737138955156057e-07,25.41669195072692
726,8951.5,2754.0,4,10.794256170341079,10.794256170341079,10.794256170341079,2.4735266834094425e-07,25.41677412298375
9250,9024.0,4196.25,4,10.790468276526331,10.790468276526331,10.790468276526331,2.4726586795121065e-07,25.417155193727258
252,8667.5,2540.5,4,10.787765446131425,10.787765446131425,10.787765446131425,2.472039320197576e-07,25.417427186409153
1457,9083.5,2929.5,4,10.786752258423892,10.786752258423892,10.786752258423892,2.47180714608661e-07,25.417529163620614
1279,8838.25,2894.75,4,10.784212128597154,10.784212128597154,10.784212128597154,2.471225069952173e-07,25.417784869474183
8863,8451.25,3963.75,4,10.781953914464246,10.781953914464246,10.781953914464246,2.4707075953965893e-07,25.418012246454058
5397,9178.5,3394.25,4,10.781872893970451,10.781872893970451,10.781872893970451,2.470689029378687e-07,25.418020405199183
3554,9171.5,3204.5,4,10.781792307339053,10.781792307339053,10.781792307339053,2.470670562781272e-07,25.418028520315282
1737,9255.5,2975.5,4,10.781360012088196,10.781360012088196,10.781360012088196,2.4705715014081465e-07,25.41807205370948
7356,9082.0,3631.0,4,10.780694657782348,10.780694657782348,10.780694657782348,2.470419034058524e-07,25.418139060242034
6186,9674.5,3476.5,4,10.77998008781852,10.77998008781852,10.77998008781852,2.4702552888365467e-07,25.418211027793145
8567,8029.5,3868.0,4,10.779214886246647,10.779214886246647,10.779214886246647,2.4700799412742553e-07,25.418288099970642
2370,8240.25,3071.5,4,10.77847697813827,10.77847697813827,10.77847697813827,2.469910848066982e-07,25.418362428294326
9289,8920.5,4239.5,4,10.77755624882472,10.77755624882472,10.77755624882472,2.4696998609929936e-07,25.4184551790468
237,9385.5,2528.5,4,10.77655795151979,10.77655795151979,10.77655795151979,2.469471099049349e-07,25.418555752655884
9147,8772.25,4104.75,4,10.776108243943856,10.776108243943856,10.776108243943856,2.469368047605021e-07,25.41860106155571
4462,7972.0,3298.5,4,10.774920699608142,10.774920699608142,10.774920699608142,2.4690959193031013e-07,25.41872071801246
2919,9078.25,3136.0,4,10.77467482421904,10.77467482421904,10.77467482421904,2.469039576436475e-07,25.41874549395886
1819,9444.5,2987.5,4,10.773771577130251,10.773771577130251,10.773771577130251,2.4688325954513496e-07,25.418836515654665
8447,8821.0,3835.5,4,10.773037928517699,10.773037928517699,10.773037928517699,2.4686644783165736e-07,25.418910452249346
10199,8427.0,3355.75,4,10.772844899331929,10.772844899331929,10.772844899331929,2.4686202452694657e-07,25.418929906432517
213,9283.5,2508.5,4,10.772551909108337,10.772551909108337,10.772551909108337,2.4685531059386407e-07,25.41895943571863
8947,9288.5,3996.0,4,10.77233146329159,10.77233146329159,10.77233146329159,2.4685025903124255e-07,25.41898165408021
8964,7924.0,4005.5,4,10.77099507253007,10.77099507253007,10.77099507253007,2.4681963535365037e-07,25.419116356381906
5940,8469.0,3449.75,4,10.7701142850105,10.7701142850105,10.7701142850105,2.467994519209275e-07,25.419205145021657
7387,9727.5,3634.5,4,10.769246922525856,10.769246922525856,10.769246922525856,2.467795761257259e-07,25.41929258743405
4975,8285.5,3349.75,4,10.769108682106811,10.769108682106811,10.769108682106811,2.467764083172189e-07,25.419306524675193
2506,8415.5,3088.5,4,10.768755158484854,10.768755158484854,10.768755158484854,2.467683072484808e-07,25.419342167336737
1726,9409.5,2974.5,4,10.768279362072636,10.768279362072636,10.768279362072636,2.467574042728341e-07,25.419390139529977
8445,8123.25,3836.0,4,10.76734910375124,10.76734910375124,10.76734910375124,2.467360872062005e-07,25.419483938988073
6545,8955.5,3517.5,4,10.766152745463984,10.766152745463984,10.766152745463984,2.467086724024405e-07,25.41960458165147
3169,8127.5,3164.75,4,10.762406566073674,10.762406566073674,10.762406566073674,2.4662282790758564e-07,25.419982439043206
4627,8309.5,3315.5,4,10.762101134980558,10.762101134980558,10.762101134980558,2.4661582888934074e-07,25.42001325206811
873,8906.25,2798.0,4,10.758711482204976,10.758711482204976,10.758711482204976,2.465381542774399e-07,25.42035527156671
2493,8145.5,3086.0,4,10.757527973525262,10.757527973525262,10.757527973525262,2.4651103392516066e-07,25.420474714206875
5842,8763.5,3440.5,4,10.756026666906322,10.756026666906322,10.756026666906322,2.4647663116573637e-07,25.420626248714356
3921,8427.75,3242.75,4,10.755373739757587,10.755373739757587,10.755373739757587,2.464616692017137e-07,25.42069215856971
9237,8273.25,4182.25,4,10.754860529281764,10.754860529281764,10.754860529281764,2.464499088748684e-07,25.420743967507487
1741,9332.0,2976.5,4,10.750364642549336,10.750364642549336,10.750364642549336,2.463468846773437e-07,25.421197935976075
2741,8753.5,3114.5,4,10.750354617879026,10.750354617879026,10.750354617879026,2.463466549598985e-07,25.421198948421043
2295,8830.5,3059.0,4,10.750166686357602,10.750166686357602,10.750166686357602,2.4634234846924684e-07,25.42121792880333
3090,9088.5,3154.0,4,10.749963790268694,10.749963790268694,10.749963790268694,2.4633769906235903e-07,25.42123842092358
8334,7991.5,3810.5,4,10.749383461066035,10.749383461066035,10.749383461066035,2.463244006956602e-07,25.42129703520789
6182,8683.0,3476.5,4,10.749090020230625,10.749090020230625,10.749090020230625,2.4631767643671233e-07,25.421326674460115
2541,9346.75,3092.25,4,10.749014898724198,10.749014898724198,10.749014898724198,2.4631595501146813e-07,25.42133426230468
648,9302.5,2727.5,4,10.74824213338949,10.74824213338949,10.74824213338949,2.4629824693001027e-07,25.42141232057051
5155,8679.75,3368.75,4,10.747530664402177,10.747530664402177,10.747530664402177,2.4628194346734674e-07,25.421484192156207
3967,9270.25,3248.0,4,10.74735505499892,10.74735505499892,10.74735505499892,2.462779193406449e-07,25.421501932700586
7256,8819.5,3614.5,4,10.746525723238818,10.746525723238818,10.746525723238818,2.46258915027558e-07,25.42158571799068
2845,8371.5,3128.5,4,10.746281748410759,10.746281748410759,10.746281748410759,2.4625332429265455e-07,25.421610367381344
1957,9179.25,3008.0,4,10.745541148071993,10.745541148071993,10.745541148071993,2.4623635327889716e-07,25.42168519552461
1406,9402.75,2921.75,4,10.74443652225927,10.74443652225927,10.74443652225927,2.462110405442368e-07,25.421796813345438
9334,8749.5,4342.5,4,10.744294113238375,10.744294113238375,10.744294113238375,2.4620777721133474e-07,25.421811204016763
8006,9185.5,3741.5,4,10.74429392709354,10.74429392709354,10.74429392709354,2.462077729457864e-07,25.421811222827138
8214,8842.5,3783.0,4,10.742654750973603,10.742654750973603,10.742654750973603,2.4617021087752074e-07,25.42197687807112
6554,8692.0,3518.75,4,10.741714607678006,10.741714607678006,10.741714607678006,2.4614866729460785e-07,25.422071900419443
9165,8701.5,4115.5,4,10.741273038231821,10.741273038231821,10.741273038231821,2.4613854863714335e-07,25.422116533683923
9048,8519.5,4050.0,4,10.738913241301663,10.738913241301663,10.738913241301663,2.4608447339025224e-07,25.422355089992507
8651,8271.0,3896.5,4,10.736949560304186,10.736949560304186,10.736949560304186,2.460394752239283e-07,25.422553642160505
3679,8890.25,3218.5,4,10.734726131164138,10.734726131164138,10.734726131164138,2.4598852487385513e-07,25.422778501883556
6312,7888.75,3491.25,4,10.734620061025405,10.734620061025405,10.734620061025405,2.45986094254141e-07,25.422789230127336
738,8779.5,2756.5,4,10.731792265697187,10.731792265697187,10.731792265697187,2.459212947247507e-07,25.423075280701465
4914,8644.0,3344.5,4,10.731559229520883,10.731559229520883,10.731559229520883,2.45915954651371e-07,25.423098857244362
4885,9180.5,3341.5,4,10.731303193851609,10.731303193851609,10.731303193851609,2.4591008753973443e-07,25.42312476126316
773,8188.5,2768.5,4,10.730999774872824,10.730999774872824,10.730999774872824,2.4590313462951593e-07,25.423155460016318
3046,8361.75,3152.25,4,10.72696460999914,10.72696460999914,10.72696460999914,2.4581066797104957e-07,25.423563804868476
3059,9012.25,3153.0,4,10.726827799277089,10.726827799277089,10.726827799277089,2.4580753292435223e-07,25.42357765233668
9121,8756.5,4083.5,4,10.726605289351399,10.726605289351399,10.726605289351399,2.4580243406223673e-07,25.423600174334094
2670,8929.25,3108.25,4,10.726569938860763,10.726569938860763,10.726569938860763,2.4580162399825014e-07,25.423603752481117
4931,8979.25,3345.25,4,10.72630447125394,10.72630447125394,10.72630447125394,2.4579554075176515e-07,25.423630623266487
2525,8987.5,3089.5,4,10.72437400329774,10.72437400329774,10.72437400329774,2.457513036693227e-07,25.42382604635861
8540,7615.5,3861.5,4,10.723772435159088,10.723772435159088,10.723772435159088,2.4573751860790334e-07,25.423886950857728
6003,8626.5,3456.5,4,10.72227362075661,10.72227362075661,10.72227362075661,2.457031729581475e-07,25.424038710026707
400,8598.5,2620.0,4,10.72172113275422,10.72172113275422,10.72172113275422,2.4569051257845476e-07,25.424094656340248
6395,8517.0,3502.0,4,10.721688536775993,10.721688536775993,10.721688536775993,2.4568976563470394e-07,25.424097957180386
7470,9343.5,3648.5,4,10.720794759555007,10.720794759555007,10.720794759555007,2.4566928454021956e-07,25.424188469671407
4463,8056.75,3298.25,4,10.720277448309723,10.720277448309723,10.720277448309723,2.456574302433727e-07,25.424240861039035
246,9394.5,2537.5,4,10.713055841977587,10.713055841977587,10.713055841977587,2.4549194560341486e-07,25.42497250269662
5263,9430.5,3379.5,4,10.709613842250882,10.709613842250882,10.709613842250882,2.454130714500324e-07,25.425321395136944
1507,9462.0,2937.0,4,10.709447181115397,10.709447181115397,10.709447181115397,2.4540925237478345e-07,25.42533829130513
173,9067.5,2476.5,4,10.707720874483975,10.707720874483975,10.707720874483975,2.4536969369237694e-07,25.425513320385488
857,8386.25,2792.25,4,10.706154057107684,10.706154057107684,10.706154057107684,2.4533378974006075e-07,25.425672203386362
8398,9547.0,3824.5,4,10.70545551374614,10.70545551374614,10.70545551374614,2.453177824708517e-07,25.425743046618955
1104,8952.0,2858.5,4,10.704042978916288,10.704042978916288,10.704042978916288,2.452854139357925e-07,25.425886313889595
3823,8105.5,3232.5,4,10.701373472484121,10.701373472484121,10.701373472484121,2.452242416300097e-07,25.426157121963232
6938,8351.5,3568.0,4,10.692231901338456,10.692231901338456,10.692231901338456,2.450147605893502e-07,25.42708500066267
8989,8911.25,4013.75,4,10.692012516992532,10.692012516992532,10.692012516992532,2.450097333505576e-07,25.42710727814159
319,8723.5,2584.5,4,10.691513553752399,10.691513553752399,10.691513553752399,2.449982995021383e-07,25.427157947283156
2429,8780.5,3078.5,4,10.690462021777861,10.690462021777861,10.690462021777861,2.4497420342403497e-07,25.427264736885647
9267,8918.5,4213.5,4,10.690259610356588,10.690259610356588,10.690259610356588,2.449695651234087e-07,25.427285294228106
4262,8057.75,3278.0,4,10.688366758346143,10.688366758346143,10.688366758346143,2.4492619001833716e-07,25.42747755522074
833,9472.5,2785.5,4,10.688238877237776,10.688238877237776,10.688238877237776,2.449232595956303e-07,25.42749054560393
6418,7944.5,3504.5,4,10.687427540720059,10.687427540720059,10.687427540720059,2.449046676473373e-07,25.427572966185792
8284,8136.25,3798.75,4,10.685990514971802,10.685990514971802,10.685990514971802,2.448717378976912e-07,25.427718963506422
9101,8729.0,4072.25,4,10.680009464128418,10.680009464128418,10.680009464128418,2.447346808497346e-07,25.42832683054931
4693,8488.5,3322.0,4,10.677429922882219,10.677429922882219,10.677429922882219,2.4467557011525934e-07,25.428589099942705
7999,8589.5,3742.0,4,10.67320499370776,10.67320499370776,10.67320499370776,2.4457875496761393e-07,25.429018797574187
8862,7841.5,3963.5,4,10.669697676120961,10.669697676120961,10.669697676120961,2.4449838404162115e-07,25.429375639544443
573,8903.5,2700.5,4,10.66903454249956,10.66903454249956,10.66903454249956,2.4448318819411375e-07,25.42944312135866
6817,9658.5,3552.5,4,10.667562819635416,10.667562819635416,10.667562819635416,2.444494633527018e-07,25.429592901829498
8291,9043.5,3799.5,4,10.667541977397033,10.667541977397033,10.667541977397033,2.444489857483911e-07,25.429595023138297
1626,8509.5,2958.75,4,10.666175398993186,10.666175398993186,10.666175398993186,2.4441767031457573e-07,25.429734121601598
7307,9251.0,3623.75,4,10.665580635323884,10.665580635323884,10.665580635323884,2.4440404117901394e-07,25.429794665745096
883,8901.25,2801.75,4,10.661662273312597,10.661662273312597,10.661662273312597,2.443142510828996e-07,25.430193620974805
8948,8900.75,3997.0,4,10.661373332483548,10.661373332483548,10.661373332483548,2.4430762994255145e-07,25.430223045820775
8698,8351.5,3908.5,4,10.659811131537845,10.659811131537845,10.659811131537845,2.4427183177672077e-07,25.43038214937637
7230,8346.5,3611.5,4,10.655195881954214,10.655195881954214,10.655195881954214,2.4416607235415796e-07,25.43085232924937
7705,8481.25,3686.25,4,10.654484548383042,10.654484548383042,10.654484548383042,2.44149771994584e-07,25.43092481467351
7914,9003.5,3723.5,4,10.653392034287247,10.653392034287247,10.653392034287247,2.441247368024846e-07,25.43103615210354
1999,8553.0,3014.5,4,10.65258119503606,10.65258119503606,10.65258119503606,2.4410615624915957e-07,25.431118791607705
2488,8513.75,3086.25,4,10.652321170365788,10.652321170365788,10.652321170365788,2.4410019772871954e-07,25.431145294258954
8768,8607.5,3933.0,4,10.649801192622956,10.649801192622956,10.649801192622956,2.4404245190455035e-07,25.431402172990257
8582,8034.5,3872.5,4,10.649005063369259,10.649005063369259,10.649005063369259,2.4402420843393615e-07,25.431483340577252
1329,8887.5,2905.5,4,10.648697520386147,10.648697520386147,10.648697520386147,2.4401716102128425e-07,25.431514697062767
6620,8116.25,3527.75,4,10.647329956177744,10.647329956177744,10.647329956177744,2.439858229975485e-07,25.431654142222392
1795,8418.75,2985.0,4,10.647049309664112,10.647049309664112,10.647049309664112,2.4397939192319636e-07,25.43168276086178
7687,8615.5,3681.5,4,10.646105899754218,10.646105899754218,10.646105899754218,2.439577734851244e-07,25.431778969646782
320,8824.5,2586.5,4,10.643522465693176,10.643522465693176,10.643522465693176,2.438985735459718e-07,25.43204247146638
4448,7996.5,3297.5,4,10.64149611463358,10.64149611463358,10.64149611463358,2.438521392818894e-07,25.432249197404374
778,9699.0,2769.75,4,10.640742188276041,10.640742188276041,10.640742188276041,2.4383486289958694e-07,25.432326122127307
101,9184.0,2411.75,4,10.638477469102629,10.638477469102629,10.638477469102629,2.4378296637964646e-07,25.432557229061594
6486,8728.5,3510.5,4,10.63694529107434,10.63694529107434,10.63694529107434,2.4374785619533273e-07,25.432713610552014
9259,8661.5,4207.5,4,10.636751670970764,10.636751670970764,10.636751670970764,2.437434193496151e-07,25.43273337395814
5888,9318.5,3443.5,4,10.632690828279582,10.632690828279582,10.632690828279582,2.4365036427851755e-07,25.433147959717534
31,8568.5,2158.5,4,10.626943566599909,10.626943566599909,10.626943566599909,2.435186645588067e-07,25.433734988649448
8857,8708.75,3961.75,4,10.626299961649888,10.626299961649888,10.626299961649888,2.4350391621494376e-07,25.43380074663082
2031,7962.25,3020.0,4,10.626107908853383,10.626107908853383,10.626107908853383,2.434995152843999e-07,25.433820369694303
6639,9500.5,3528.0,4,10.625527321216335,10.625527321216335,10.625527321216335,2.434862109956223e-07,25.43387969360147
360,9044.5,2604.5,4,10.622669327221864,10.622669327221864,10.622669327221864,2.434207194573932e-07,25.434171768041743
8911,7993.5,3985.0,4,10.622646717331197,10.622646717331197,10.622646717331197,2.4342020134695563e-07,25.434174078986594
7814,7475.5,3704.5,4,10.61994611521371,10.61994611521371,10.61994611521371,2.43358316476952e-07,25.43445014147412
9177,9059.0,4122.5,4,10.618259428706352,10.618259428706352,10.618259428706352,2.433196656980872e-07,25.434622594519382
7114,9024.5,3593.5,4,10.618204264742317,10.618204264742317,10.618204264742317,2.433184016041576e-07,25.434628235148992
3860,8662.75,3237.25,4,10.618163495001795,10.618163495001795,10.618163495001795,2.43317467356911e-07,25.434632403958254
35,8588.0,2175.75,4,10.617870882372802,10.617870882372802,10.617870882372802,2.4331076207648875e-07,25.434662324810677
2337,9061.75,3065.5,4,10.616806146089651,10.616806146089651,10.616806146089651,2.432863634188545e-07,25.434771205461935
723,8887.75,2752.75,4,10.616630410445495,10.616630410445495,10.616630410445495,2.4328233639931573e-07,25.43478917735743
6896,8410.5,3564.0,4,10.614329780772842,10.614329780772842,10.614329780772842,2.4322961698267275e-07,25.435024482488863
8070,9197.5,3753.5,4,10.612674806268469,10.612674806268469,10.612674806268469,2.4319169289107876e-07,25.435193782470268
7620,8081.5,3671.5,4,10.612532709104656,10.612532709104656,10.612532709104656,2.431884367044478e-07,25.435208319905087
3780,9027.5,3227.5,4,10.611913868465209,10.611913868465209,10.611913868465209,2.4317425584001126e-07,25.435271633469938
1914,9461.5,3001.75,4,10.611832210758376,10.611832210758376,10.611832210758376,2.4317238463634916e-07,25.43527998814289
1596,9225.0,2952.5,4,10.611644966463714,10.611644966463714,10.611644966463714,2.431680938936444e-07,25.435299145975343
8890,8912.0,3974.5,4,10.608877169818443,10.608877169818443,10.608877169818443,2.4310466924679247e-07,25.435582371526806
1585,9686.5,2951.0,4,10.6075306954641,10.6075306954641,10.6075306954641,2.4307381450153317e-07,25.43572018146773
6905,8560.5,3564.5,4,10.606142314142105,10.606142314142105,10.606142314142105,2.430419994492266e-07,25.435862298852943
832,8971.5,2785.5,4,10.602089626192889,10.602089626192889,10.602089626192889,2.429491312457698e-07,25.436277246228
3170,8426.5,3165.0,4,10.602021371244945,10.602021371244945,10.602021371244945,2.429475671691688e-07,25.436284236086536
8403,8434.0,3826.5,4,10.601415178009123,10.601415178009123,10.601415178009123,2.429336761226674e-07,25.43634631714984
7011,9252.0,3578.5,4,10.599969727917877,10.599969727917877,10.599969727917877,2.4290055332741575e-07,25.43649436195971
769,9224.5,2766.5,4,10.59870300642573,10.59870300642573,10.59870300642573,2.4287152613589996e-07,25.436624117761333
3062,7980.5,3153.5,4,10.596119976071638,10.596119976071638,10.596119976071638,2.428123354477777e-07,25.436888756875295
8836,8078.0,3954.25,4,10.595026699698584,10.595026699698584,10.595026699698584,2.427872827879333e-07,25.437000785710666
7408,8442.5,3638.5,4,10.59426352422144,10.59426352422144,10.59426352422144,2.4276979446009436e-07,25.4370789957156
8785,8954.5,3937.0,4,10.59187207053224,10.59187207053224,10.59187207053224,2.427149937918591e-07,25.437324107699496
3571,9393.5,3206.5,4,10.589253216223842,10.589253216223842,10.589253216223842,2.426549821902299e-07,25.437592590597703
295,9324.5,2570.5,4,10.58696293551697,10.58696293551697,10.58696293551697,2.426024999223316e-07,25.437827442818172
3268,8672.5,3176.5,4,10.584392239799925,10.584392239799925,10.584392239799925,2.42543591885032e-07,25.438091110155664
829,8747.0,2786.5,4,10.584012444877896,10.584012444877896,10.584012444877896,2.425348888038837e-07,25.438130069831978
2621,9525.5,3102.5,4,10.583803944078774,10.583803944078774,10.583803944078774,2.425301109638732e-07,25.438151458610317
3021,8885.5,3149.0,4,10.583691731486482,10.583691731486482,10.583691731486482,2.425275395885337e-07,25.438162969964893
1730,8421.5,2975.5,4,10.582994947829896,10.582994947829896,10.582994947829896,2.425115726433368e-07,25.438234452408466
2389,9329.0,3072.75,4,10.582350951554687,10.582350951554687,10.582350951554687,2.4249681533217424e-07,25.438300523624623
8560,8440.5,3865.5,4,10.57920499341471,10.57920499341471,10.57920499341471,2.4242472503450734e-07,25.438623343051063
109,9363.75,2419.75,4,10.577677537113775,10.577677537113775,10.577677537113775,2.4238972304957683e-07,25.438780116111328
8753,8328.5,3927.5,4,10.576486122420134,10.576486122420134,10.576486122420134,2.423624215293125e-07,25.43890241468951
8866,9004.5,3965.0,4,10.574662590618054,10.574662590618054,10.574662590618054,2.423206349115103e-07,25.439089626696752
8289,9572.25,3799.0,4,10.574618712224146,10.574618712224146,10.574618712224146,2.4231962942881243e-07,25.4390941318485
8936,9252.0,3991.5,4,10.573580470008379,10.573580470008379,10.573580470008379,2.4229583788834855e-07,25.439200737347548
7777,8422.5,3697.5,4,10.572781676572287,10.572781676572287,10.572781676572287,2.4227753336743e-07,25.439282763650517
7890,9332.25,3718.25,4,10.571023819258816,10.571023819258816,10.571023819258816,2.422372516944561e-07,25.43946329589509
2571,8980.5,3095.5,4,10.5709039729743,10.5709039729743,10.5709039729743,2.422345053914411e-07,25.43947560522198
1124,8873.5,2863.5,4,10.570727290504525,10.570727290504525,10.570727290504525,2.4223045667519255e-07,25.43949375240767
3748,9776.75,3225.25,4,10.568640861212645,10.568640861212645,10.568640861212645,2.4218264570568176e-07,25.439708074029006
8219,8944.0,3783.5,4,10.567104056839714,10.567104056839714,10.567104056839714,2.421474295076998e-07,25.43986596429091
266,8980.0,2551.25,4,10.565792931685843,10.565792931685843,10.565792931685843,2.421173847968628e-07,25.440000686572585
7791,9539.25,3698.75,4,10.562724678305996,10.562724678305996,10.562724678305996,2.420470751202464e-07,25.440316024720275
8535,8835.5,3859.0,4,10.562068251293919,10.562068251293919,10.562068251293919,2.4203203295611334e-07,25.440383500560195
7300,8239.25,3624.25,4,10.559967536655478,10.559967536655478,10.559967536655478,2.419838946348579e-07,25.44059946666964
1578,8968.75,2950.0,4,10.557910179456279,10.557910179456279,10.557910179456279,2.4193674985851376e-07,25.440811017019005
4368,8335.5,3290.0,4,10.557491959283805,10.557491959283805,10.557491959283805,2.41927166254606e-07,25.440854026077503
8870,8659.5,3965.25,4,10.557088624383677,10.557088624383677,10.557088624383677,2.419179237498695e-07,25.44089550597354
6327,8654.75,3493.25,4,10.553277713509672,10.553277713509672,10.553277713509672,2.4183059591934376e-07,25.441287507124798
130,8500.0,2442.5,4,10.552581528313063,10.552581528313063,10.552581528313063,2.418146426879841e-07,25.44135913400952
6783,9557.0,3547.5,4,10.551327806321838,10.551327806321838,10.551327806321838,2.4178591338278763e-07,25.441488134881975
7974,8224.25,3735.75,4,10.549287035604547,10.549287035604547,10.549287035604547,2.417391486891924e-07,25.44169815138404
7477,8980.0,3649.5,4,10.54771502918657,10.54771502918657,10.54771502918657,2.41703125828886e-07,25.441859954874417
212,8968.5,2508.5,4,10.547130617060146,10.547130617060146,10.547130617060146,2.4168973390112365e-07,25.441920113399867
2423,9117.0,3077.5,4,10.546145427733897,10.546145427733897,10.546145427733897,2.416671580788694e-07,25.44202153488779
8931,8999.75,3990.25,4,10.54533394098779,10.54533394098779,10.54533394098779,2.4164856268806103e-07,25.442105081473116
9030,9009.5,4035.5,4,10.545227396818198,10.545227396818198,10.545227396818198,2.416461212058293e-07,25.442116051201275
1068,7829.5,2852.5,4,10.544691296580588,10.544691296580588,10.544691296580588,2.4163383635524034e-07,25.4421712494641
2803,9560.5,3122.5,4,10.543798230071683,10.543798230071683,10.543798230071683,2.41613371546874e-07,25.44226320812632
458,8855.5,2643.5,4,10.543789122468713,10.543789122468713,10.543789122468713,2.4161316284422126e-07,25.442264145972278
3867,8284.75,3238.0,4,10.543297366302834,10.543297366302834,10.543297366302834,2.416018941474363e-07,25.442314785255572
8949,9107.5,3997.5,4,10.542817313729252,10.542817313729252,10.542817313729252,2.415908936409497e-07,25.442364221623283
1603,8593.5,2954.5,4,10.542522824073089,10.542522824073089,10.542522824073089,2.4158414534805195e-07,25.442394549621742
3462,9282.5,3195.0,4,10.542018598865173,10.542018598865173,10.542018598865173,2.415725909205255e-07,25.442446479189734
421,9616.5,2626.5,4,10.540238748734138,10.540238748734138,10.540238748734138,2.41531805277475e-07,25.442629803745454
8692,8843.0,3906.5,4,10.539724615001692,10.539724615001692,10.539724615001692,2.4152002379400846e-07,25.44268276528034
3009,9303.5,3147.0,4,10.538457651311376,10.538457651311376,10.538457651311376,2.4149099105247027e-07,25.44281328776401
1619,8796.5,2957.0,4,10.538396132247463,10.538396132247463,10.538396132247463,2.4148958133007973e-07,25.442819625851815
8621,8684.0,3886.5,4,10.537960797137057,10.537960797137057,10.537960797137057,2.4147960553374115e-07,25.442864477919205
43,8725.5,2205.5,4,10.537060466145915,10.537060466145915,10.537060466145915,2.414589742582244e-07,25.442957243847335
6558,9476.5,3518.5,4,10.53600470526275,10.53600470526275,10.53600470526275,2.414347812737834e-07,25.44306603464792
459,9668.5,2643.5,4,10.53506756295987,10.53506756295987,10.53506756295987,2.4141330645925477e-07,25.443162611539208
1628,8755.0,2958.5,4,10.534638546057991,10.534638546057991,10.534638546057991,2.4140347544600396e-07,25.443206826601394
4941,8453.5,3346.5,4,10.534380679994811,10.534380679994811,10.534380679994811,2.4139756639050304e-07,25.443233403493064
7274,9164.5,3617.5,4,10.532933726288416,10.532933726288416,10.532933726288416,2.4136440913959155e-07,25.443382545429035
1725,8719.5,2975.0,4,10.532444029667367,10.532444029667367,10.532444029667367,2.4135318763771294e-07,25.44343302459509
309,8188.5,2578.5,4,10.531313768879954,10.531313768879954,10.531313768879954,2.413272874721734e-07,25.443549543695873
34,8326.5,2172.5,4,10.531221464999556,10.531221464999556,10.531221464999556,2.413251723091872e-07,25.44355905989738
8404,8688.25,3826.5,4,10.529759065736513,10.529759065736513,10.529759065736513,2.41291661120071e-07,25.44370983918574
5706,8330.75,3425.25,4,10.529584860950774,10.529584860950774,10.529584860950774,2.4128766918047734e-07,25.443727801800677
8686,9061.5,3904.5,4,10.528216793020052,10.528216793020052,10.528216793020052,2.4125631961383786e-07,25.443868876439847
6764,8623.5,3545.5,4,10.527646426544074,10.527646426544074,10.527646426544074,2.4124324954513287e-07,25.44392769782624
2622,8012.25,3103.25,4,10.525814734584097,10.525814734584097,10.525814734584097,2.412012759355827e-07,25.44411662013851
6836,9233.0,3554.25,4,10.525597356007452,10.525597356007452,10.525597356007452,2.4119629465941834e-07,25.444139042937493
1976,8547.0,3010.5,4,10.523856541543111,10.523856541543111,10.523856541543111,2.4115640352694507e-07,25.444318626246705
3212,9633.75,3168.75,4,10.521752374650461,10.521752374650461,10.521752374650461,2.4110818609655265e-07,25.444535732835817
3,9378.0,1981.75,4,10.518676586188915,10.518676586188915,10.518676586188915,2.4103770375194177e-07,25.444853168846358
9011,8962.5,4026.0,4,10.517723454508914,10.517723454508914,10.517723454508914,2.4101586253744695e-07,25.444951555411702
1358,8541.0,2910.75,4,10.517352462268889,10.517352462268889,10.517352462268889,2.4100736117162277e-07,25.444989853320234
6934,8862.25,3567.25,4,10.51611976340422,10.51611976340422,10.51611976340422,2.4097911361582783e-07,25.4451171157878
8612,8848.25,3880.5,4,10.515909722984652,10.515909722984652,10.515909722984652,2.409743004950885e-07,25.445138801615897
3606,8034.0,3210.25,4,10.515550357774412,10.515550357774412,10.515550357774412,2.4096606556511655e-07,25.44517590563226
8901,8570.5,3980.0,4,10.515169422255376,10.515169422255376,10.515169422255376,2.40957336346946e-07,25.445215238141003
8589,8509.5,3874.5,4,10.512750083054367,10.512750083054367,10.512750083054367,2.409018966762964e-07,25.445465074000705
2937,9019.25,3137.25,4,10.512426420635776,10.512426420635776,10.512426420635776,2.408944798833635e-07,25.445498501734924
9299,8855.5,4258.5,4,10.51219487321155,10.51219487321155,10.51219487321155,2.4088917392505326e-07,25.445522416498292
5672,9212.5,3421.0,4,10.51172658991505,10.51172658991505,10.51172658991505,2.408784431140459e-07,25.445570783510135
7111,8449.0,3593.5,4,10.510504296008875,10.510504296008875,10.510504296008875,2.4085043399008053e-07,25.44569703925868
156,8693.0,2464.75,4,10.508762718914008,10.508762718914008,10.508762718914008,2.408105253817671e-07,25.445876959263337
6236,9746.0,3482.5,4,10.508008135477425,10.508008135477425,10.508008135477425,2.4079323394235904e-07,25.445954923529364
9263,8123.75,4210.25,4,10.507446680230952,10.507446680230952,10.507446680230952,2.407803680763672e-07,25.44601293724298
6791,8684.5,3549.5,4,10.507344260108567,10.507344260108567,10.507344260108567,2.4077802109755145e-07,25.446023520382756
3957,8528.75,3247.0,4,10.506217178124544,10.506217178124544,10.506217178124544,2.407521937749654e-07,25.446139989332636
5369,9053.0,3392.5,4,10.504429281888157,10.504429281888157,10.504429281888157,2.4071122375370525e-07,25.44632477028953
7037,8914.0,3583.5,4,10.503036481075476,10.503036481075476,10.503036481075476,2.406793074278327e-07,25.446468739513385
6976,9251.25,3573.75,4,10.50014646760139,10.50014646760139,10.50014646760139,2.406130821564406e-07,25.446767531585856
3620,9555.5,3211.5,4,10.499998755677288,10.499998755677288,10.499998755677288,2.4060969730638743e-07,25.446782805402503
4415,9405.0,3293.5,4,10.496883182407093,10.496883182407093,10.496883182407093,2.4053830328445266e-07,25.447105014265023
48,9301.75,2222.75,4,10.496869796180768,10.496869796180768,10.496869796180768,2.405379965362388e-07,25.447106398858867
1560,8003.5,2947.5,4,10.496033656385764,10.496033656385764,10.496033656385764,2.4051883621558894e-07,25.447192887824073
7183,9002.25,3604.0,4,10.495064711398363,10.495064711398363,10.495064711398363,2.404966326358029e-07,25.447293122565064
7058,8660.5,3587.5,4,10.494036293734844,10.494036293734844,10.494036293734844,2.404730662270364e-07,25.44739951971771
4391,8285.5,3292.0,4,10.493339750500986,10.493339750500986,10.493339750500986,2.404571047911773e-07,25.447471588013038
1131,8898.5,2864.5,4,10.49313452071231,10.49313452071231,10.49313452071231,2.404524019070646e-07,25.44749282315802
4197,9443.0,3269.5,4,10.49144899619759,10.49144899619759,10.49144899619759,2.4041377775550745e-07,25.447667240247792
4086,8268.25,3260.0,4,10.4901035551994,10.4901035551994,10.4901035551994,2.403829466898235e-07,25.447806485806623
402,8848.5,2620.5,4,10.486162620198455,10.486162620198455,10.486162620198455,2.4029263932886603e-07,25.448214453156552
6812,8331.0,3552.5,4,10.485450868195471,10.485450868195471,10.485450868195471,2.402763293808384e-07,25.448288150387256
4397,9158.5,3292.0,4,10.484654498476509,10.484654498476509,10.484654498476509,2.4025808039991166e-07,25.448370615155223
8562,8640.25,3866.0,4,10.4828394669705,10.4828394669705,10.4828394669705,2.402164885681958e-07,25.448558586634032
2608,9444.5,3101.5,4,10.479444617730579,10.479444617730579,10.479444617730579,2.401386948782131e-07,25.448910257353386
8584,8775.5,3873.0,4,10.476406135628395,10.476406135628395,10.476406135628395,2.4006906741673535e-07,25.449225108808267
8671,8679.5,3901.5,4,10.475892899799568,10.475892899799568,10.475892899799568,2.400573065089206e-07,25.449278299985053
2854,8829.5,3128.5,4,10.475843676176012,10.475843676176012,10.475843676176012,2.4005617853915225e-07,25.44928340160229
1100,8892.5,2857.5,4,10.475339996471345,10.475339996471345,10.475339996471345,2.400446366119483e-07,25.449335605172227
8704,8735.0,3910.25,4,10.474783674463925,10.474783674463925,10.474783674463925,2.400318883752175e-07,25.44939326773829
557,9045.0,2693.25,4,10.472321075751683,10.472321075751683,10.472321075751683,2.399754574036977e-07,25.449648551952873
4213,8462.75,3272.0,4,10.472259166696645,10.472259166696645,10.472259166696645,2.3997403874457783e-07,25.449654970501413
2447,9528.0,3080.0,4,10.470859698227937,10.470859698227937,10.470859698227937,2.3994196962795403e-07,25.44980007339616
1277,8998.25,2893.25,4,10.468883955203239,10.468883955203239,10.468883955203239,2.3989669505771937e-07,25.450004959929164
9285,8627.5,4236.5,4,10.467308721160135,10.467308721160135,10.467308721160135,2.39860598235699e-07,25.450168340985236
7747,8532.0,3694.5,4,10.465451353580093,10.465451353580093,10.465451353580093,2.398180362638722e-07,25.450361016124617
2842,9510.25,3128.25,4,10.464698111532547,10.464698111532547,10.464698111532547,2.3980077556267824e-07,25.450439163885928
12,9274.5,2044.5,4,10.463756685287724,10.463756685287724,10.463756685287724,2.397792025807119e-07,25.450536843391532
8459,9123.75,3840.25,4,10.462930002829093,10.462930002829093,10.462930002829093,2.3976025897692985e-07,25.450622624680182
118,8001.5,2428.0,4,10.46292605590809,10.46292605590809,10.46292605590809,2.397601685323984e-07,25.45062303425148
948,8514.0,2822.25,4,10.46171345598086,10.46171345598086,10.46171345598086,2.3973238154801544e-07,25.450748872848948
5137,9390.75,3366.75,4,10.461695173370302,10.461695173370302,10.461695173370302,2.397319625981189e-07,25.450750770254153
515,8794.25,2673.0,4,10.46092860998231,10.46092860998231,10.46092860998231,2.3971439663558476e-07,25.45083032869124
5371,8077.75,3392.25,4,10.459641091341094,10.459641091341094,10.459641091341094,2.3968489287298937e-07,25.450963968035172
6816,9062.5,3552.5,4,10.459278171634018,10.459278171634018,10.459278171634018,2.3967657649096894e-07,25.451001640637706
8324,8688.5,3806.5,4,10.455711692275266,10.455711692275266,10.455711692275266,2.395948498604306e-07,25.451371925856687
2326,9412.5,3063.5,4,10.4548464015391,10.4548464015391,10.4548464015391,2.3957502153978453e-07,25.45146178261481
9055,8807.75,4053.0,4,10.453419619705699,10.453419619705699,10.453419619705699,2.395423265316188e-07,25.451609964075068
1444,8979.5,2928.0,4,10.452540864368277,10.452540864368277,10.452540864368277,2.3952218966678065e-07,25.451701239143368
1627,8688.25,2959.0,4,10.451437187268613,10.451437187268613,10.451437187268613,2.394968986720812e-07,25.45181588738722
1303,7888.5,2900.5,4,10.450356413533635,10.450356413533635,10.450356413533635,2.3947213251283866e-07,25.451928168198776
7771,9034.75,3697.25,4,10.450281413279928,10.450281413279928,10.450281413279928,2.3947041386612616e-07,25.45193596035244
936,8922.5,2818.0,4,10.450148556630865,10.450148556630865,10.450148556630865,2.394673694278496e-07,25.451949763635355
4594,9408.5,3310.5,4,10.44876070321564,10.44876070321564,10.44876070321564,2.3943556647263855e-07,25.452093966634976
7313,7915.75,3626.0,4,10.448575537663102,10.448575537663102,10.448575537663102,2.394313233647502e-07,25.452113207455138
1354,8505.5,2909.5,4,10.448201326803357,10.448201326803357,10.448201326803357,2.394227482435728e-07,25.45215209328728
52,8072.5,2351.5,4,10.44786760340248,10.44786760340248,10.44786760340248,2.394151009010981e-07,25.4521867730713
1921,8327.75,3004.0,4,10.44555170935081,10.44555170935081,10.44555170935081,2.3936203169797416e-07,25.452427466084828
3907,8982.25,3241.0,4,10.445373505107398,10.445373505107398,10.445373505107398,2.3935794810996014e-07,25.452445989227954
8491,7818.0,3846.25,4,10.444743359356167,10.444743359356167,10.444743359356167,2.3934350818649055e-07,25.452511491212555
1020,8337.0,2841.5,4,10.444592145979708,10.444592145979708,10.444592145979708,2.3934004309991433e-07,25.45252721003113
653,9089.5,2730.5,4,10.444472182316513,10.444472182316513,10.444472182316513,2.39337294107142e-07,25.452539680565025
9107,8693.5,4077.5,4,10.443771074184538,10.443771074184538,10.443771074184538,2.393212280656748e-07,25.45261256543842
8011,9378.5,3743.25,4,10.443110150613386,10.443110150613386,10.443110150613386,2.393060828619374e-07,25.452681277338712
3522,9552.0,3201.5,4,10.4425662066607,10.4425662066607,10.4425662066607,2.392936182709548e-07,25.45273783089559
586,8648.75,2705.75,4,10.44226079067088,10.44226079067088,10.44226079067088,2.3928661959880516e-07,25.45276958612131
3181,8624.0,3165.25,4,10.440724918651163,10.440724918651163,10.440724918651163,2.392514247658947e-07,25.452929290474305
1727,9535.5,2974.5,4,10.435990115701046,10.435990115701046,10.435990115701046,2.391429257525956e-07,25.453421776678674
416,8954.75,2625.75,4,10.435894363412844,10.435894363412844,10.435894363412844,2.391407315686136e-07,25.453431738570337
6528,8083.0,3515.75,4,10.43454189393548,10.43454189393548,10.43454189393548,2.391097394438394e-07,25.453572456767247
9083,8372.25,4065.25,4,10.434053514251103,10.434053514251103,10.434053514251103,2.3909854811984377e-07,25.45362327489801
6285,9080.25,3487.75,4,10.432606677049208,10.432606677049208,10.432606677049208,2.3906539353865763e-07,25.453773838861828
5258,8052.0,3380.25,4,10.431520281415617,10.431520281415617,10.431520281415617,2.3904049855241663e-07,25.45388690748679
8728,8752.5,3917.5,4,10.429399604656606,10.429399604656606,10.429399604656606,2.389919027949367e-07,25.454107654755497
7984,8625.75,3737.25,4,10.429399081971713,10.429399081971713,10.429399081971713,2.389918908175016e-07,25.45410770916878
2314,8495.5,3062.5,4,10.42367928991941,10.42367928991941,10.42367928991941,2.3886082057012503e-07,25.454703322474394
5737,8981.5,3427.75,4,10.423675969009949,10.423675969009949,10.423675969009949,2.3886074447078076e-07,25.45470366838222
9191,9158.5,4134.5,4,10.419842237446039,10.419842237446039,10.419842237446039,2.3877289369930826e-07,25.455103065563055
5790,8970.5,3434.0,4,10.417002083234621,10.417002083234621,10.417002083234621,2.3870781096348954e-07,25.45539904687635
3481,8647.25,3199.5,4,10.416922533572915,10.416922533572915,10.416922533572915,2.387059880661284e-07,25.455407338156025
7610,9312.5,3668.5,4,10.412981797570668,10.412981797570668,10.412981797570668,2.386156852652683e-07,25.455818151353633
5482,7926.0,3403.75,4,10.412103767048864,10.412103767048864,10.412103767048864,2.385955650097337e-07,25.455909705313783
8731,8166.5,3919.5,4,10.412058527906817,10.412058527906817,10.412058527906817,2.3859452834520376e-07,25.455914422696765
710,9570.5,2747.5,4,10.411841171610462,10.411841171610462,10.411841171610462,2.38589547579597e-07,25.455937088153636
2399,8524.25,3075.0,4,10.411835640721467,10.411835640721467,10.411835640721467,2.385894208381032e-07,25.45593766490927
4869,8265.5,3340.5,4,10.411430575222958,10.411430575222958,10.411430575222958,2.3858013867633795e-07,25.455979905571468
799,8832.25,2777.25,4,10.40491217710085,10.40491217710085,10.40491217710085,2.38430768201581e-07,25.456659877183554
2411,9055.25,3076.0,4,10.404784485513275,10.404784485513275,10.404784485513275,2.384278421217833e-07,25.456673201681454
8926,8057.5,3988.5,4,10.40295005012148,10.40295005012148,10.40295005012148,2.383858056459114e-07,25.4568646413523
4486,9228.5,3300.5,4,10.401550539767168,10.401550539767168,10.401550539767168,2.3835373556947008e-07,25.457010715424715
7557,8153.25,3662.0,4,10.396364352208238,10.396364352208238,10.396364352208238,2.382348929821742e-07,25.457552195832093
6348,9201.25,3495.75,4,10.395831166261935,10.395831166261935,10.395831166261935,2.3822267491318835e-07,25.457607880118573
5481,7874.75,3403.75,4,10.388495112241852,10.388495112241852,10.388495112241852,2.3805456768020024e-07,25.458374324955294
707,8534.0,2746.75,4,10.38788242661354,10.38788242661354,10.38788242661354,2.3804052785914863e-07,25.45843836065812
8469,8858.25,3841.75,4,10.387404457535137,10.387404457535137,10.387404457535137,2.3802957509639573e-07,25.458488318893227
5478,9170.5,3403.0,4,10.383777307497766,10.383777307497766,10.383777307497766,2.3794645818439566e-07,25.45886751042891
41,8701.75,2191.0,4,10.383484228325685,10.383484228325685,10.383484228325685,2.3793974221303963e-07,25.4588981554581
5172,8275.5,3370.5,4,10.383195283270243,10.383195283270243,10.383195283270243,2.3793312097584279e-07,25.45892836906136
1251,9277.0,2888.25,4,10.380404235393872,10.380404235393872,10.380404235393872,2.3786916352210135e-07,25.459220258889435
5201,8528.0,3373.5,4,10.380293860467539,10.380293860467539,10.380293860467539,2.3786663425726685e-07,25.45923180359309
8173,8423.5,3774.5,4,10.379392987014235,10.379392987014235,10.379392987014235,2.3784599055111462e-07,25.459326035354096
6552,9582.5,3517.75,4,10.37914144580454,10.37914144580454,10.37914144580454,2.3784022643097205e-07,25.459352348136367
7956,8974.0,3732.5,4,10.374348425574293,10.374348425574293,10.374348425574293,2.3773039335635766e-07,25.459853849880783
7261,8390.5,3615.5,4,10.374149296140992,10.374149296140992,10.374149296140992,2.3772583026318154e-07,25.459874690139976
8416,9146.5,3828.5,4,10.373296137979011,10.373296137979011,10.373296137979011,2.377062799630448e-07,25.459963983514267
6696,9467.75,3538.0,4,10.372558284032054,10.372558284032054,10.372558284032054,2.376893718834379e-07,25.460041214823047
3848,8519.5,3236.0,4,10.37198415359854,10.37198415359854,10.37198415359854,2.3767621556284808e-07,25.460101312962106
2851,8724.25,3129.0,4,10.371027049238108,10.371027049238108,10.371027049238108,2.3765428331353905e-07,25.460201506983736
686,8902.0,2740.5,4,10.369756576303626,10.369756576303626,10.369756576303626,2.3762517015692685e-07,25.46033452013201
7465,8204.0,3648.75,4,10.368080273470767,10.368080273470767,10.368080273470767,2.375867573221644e-07,25.460510046894317
9120,7829.5,4083.5,4,10.366207393837318,10.366207393837318,10.366207393837318,2.3754383988834547e-07,25.460706190910773
1460,8628.5,2930.5,4,10.36488637696058,10.36488637696058,10.36488637696058,2.3751356850658207e-07,25.46084456044091
735,8341.75,2755.25,4,10.36483725507287,10.36483725507287,10.36483725507287,2.3751244286811216e-07,25.46084970603888
5730,9462.25,3426.25,4,10.363460894299918,10.363460894299918,10.363460894299918,2.3748090326923503e-07,25.46099389199312
9190,8727.5,4133.5,4,10.360940029149837,10.360940029149837,10.360940029149837,2.3742313710994068e-07,25.46125802455689
803,9503.5,2778.5,4,10.359834150011443,10.359834150011443,10.359834150011443,2.3739779565505692e-07,25.461373917236322
2689,8963.0,3109.5,4,10.358120361676463,10.358120361676463,10.358120361676463,2.3735852383206706e-07,25.461553541344077
111,9804.25,2421.75,4,10.357571251363971,10.357571251363971,10.357571251363971,2.3734594085285432e-07,25.461611100508208
5119,9723.0,3365.0,4,10.357325981109026,10.357325981109026,10.357325981109026,2.3734032043296915e-07,25.461636811357046
2458,9499.75,3080.75,4,10.353215711932124,10.353215711932124,10.353215711932124,2.3724613274347373e-07,25.46206776755138
7401,8272.5,3637.5,4,10.351228363178446,10.351228363178446,10.351228363178446,2.3720059222549927e-07,25.462276199759664
8575,8806.0,3869.5,4,10.350116779689667,10.350116779689667,10.350116779689667,2.3717512005421722e-07,25.46239279956815
8462,8471.75,3840.75,4,10.348453362558086,10.348453362558086,10.348453362558086,2.3713700249803107e-07,25.462567307487767
7901,8080.0,3721.75,4,10.348323444470838,10.348323444470838,10.348323444470838,2.3713402539752137e-07,25.46258093828374
1842,8250.75,2992.75,4,10.341141741584142,10.341141741584142,10.341141741584142,2.3696945515347463e-07,25.463334697269673
4449,8464.0,3297.75,4,10.339885636894216,10.339885636894216,10.339885636894216,2.369406712482323e-07,25.463466586108225
8773,8217.0,3934.25,4,10.33947695462296,10.33947695462296,10.33947695462296,2.3693130620735278e-07,25.46350950050041
6502,8157.0,3512.25,4,10.339173730282347,10.339173730282347,10.339173730282347,2.369243577573093e-07,25.46354134219548
6568,8249.0,3520.5,4,10.3367585982886,10.3367585982886,10.3367585982886,2.3686901449570594e-07,25.463794989403755
4698,9182.0,3322.25,4,10.336723150517159,10.336723150517159,10.336723150517159,2.3686820220250903e-07,25.46379871271745
6,8980.5,1995.5,4,10.336564275936526,10.336564275936526,10.336564275936526,2.3686456155781513e-07,25.463815400521437
3116,8120.5,3159.5,4,10.336324573802015,10.336324573802015,10.336324573802015,2.3685906873259006e-07,25.463840578742797
2718,8512.5,3112.25,4,10.331156272411647,10.331156272411647,10.331156272411647,2.3674063601063833e-07,25.464383597226316
9312,8755.5,4279.5,4,10.32495201112543,10.32495201112543,10.32495201112543,2.3659846404806743e-07,25.465035819921155
432,9288.25,2632.0,4,10.324106524584062,10.324106524584062,10.324106524584062,2.3657908954474332e-07,25.465124731998916
3565,9068.25,3206.25,4,10.323366771446203,10.323366771446203,10.323366771446203,2.365621379447743e-07,25.46520253103545
3470,8262.25,3198.0,4,10.320249792178046,10.320249792178046,10.320249792178046,2.364907117040982e-07,25.46553040161532
3094,8146.5,3155.5,4,10.318268346951667,10.318268346951667,10.318268346951667,2.3644530646670326e-07,25.465738878484846
6802,8248.0,3551.5,4,10.314517677170496,10.314517677170496,10.314517677170496,2.3635935907358992e-07,25.466133613157478
1029,9487.5,2842.5,4,10.313504448102297,10.313504448102297,10.313504448102297,2.363361407147049e-07,25.46624027384237
26,9148.5,2133.5,4,10.313234636267573,10.313234636267573,10.313234636267573,2.3632995791931673e-07,25.466268678184548
234,8661.75,2525.0,4,10.311666427364806,10.311666427364806,10.311666427364806,2.3629402207987636e-07,25.46643378551577
431,9132.5,2631.5,4,10.311562825915699,10.311562825915699,10.311562825915699,2.3629164803070834e-07,25.466444693976587
5584,9102.0,3413.5,4,10.310493652778824,10.310493652778824,10.310493652778824,2.3626714770163044e-07,25.46655727634548
9284,8610.5,4236.0,4,10.309668756488023,10.309668756488023,10.309668756488023,2.3624824502826284e-07,25.466644144697995
8875,8428.0,3967.5,4,10.309241793160934,10.309241793160934,10.309241793160934,2.362384610731137e-07,25.466689110171927
9227,8172.75,4174.25,4,10.308169343154999,10.308169343154999,10.308169343154999,2.3621388565388662e-07,25.466802063034205
7286,8533.5,3620.0,4,10.30768112646308,10.30768112646308,10.30768112646308,2.3620269806489774e-07,25.46685348701393
3384,9518.5,3188.5,4,10.305819897477374,10.305819897477374,10.305819897477374,2.3616004760814158e-07,25.467049553048348
2877,8491.5,3131.5,4,10.305726749543684,10.305726749543684,10.305726749543684,2.361579131034953e-07,25.46705936639091
8484,8556.25,3845.25,4,10.303576241685434,10.303576241685434,10.303576241685434,2.3610863376005265e-07,25.467285951855718
6931,8370.25,3568.25,4,10.30315532471322,10.30315532471322,10.30315532471322,2.3609898835840718e-07,25.467330306759308
6220,8578.5,3482.0,4,10.30189136254343,10.30189136254343,10.30189136254343,2.3607002439734806e-07,25.46746350999944
473,8664.5,2650.5,4,10.300426892315512,10.300426892315512,10.300426892315512,2.3603646575163271e-07,25.467617864313382
9206,7861.0,4150.0,4,10.299852647023958,10.299852647023958,10.299852647023958,2.3602330679904657e-07,25.46767839542437
4424,9476.5,3295.0,4,10.298313895953,10.298313895953,10.298313895953,2.3598804599206665e-07,25.467840611585455
5785,8992.25,3433.25,4,10.297939208736054,10.297939208736054,10.297939208736054,2.3597945995506308e-07,25.46788011503056
7735,9119.75,3691.0,4,10.296252712479603,10.296252712479603,10.296252712479603,2.3594081353583817e-07,25.468057940900678
8513,8483.25,3853.0,4,10.296128467858189,10.296128467858189,10.296128467858189,2.3593796644400074e-07,25.468071042531086
4234,9232.75,3274.0,4,10.295739710814473,10.295739710814473,10.295739710814473,2.3592905799393415e-07,25.468112038092407
300,8386.0,2574.5,4,10.295391848911406,10.295391848911406,10.295391848911406,2.3592108666468457e-07,25.468148722454444
241,9017.75,2534.25,4,10.293970342518824,10.293970342518824,10.293970342518824,2.3588851254436354e-07,25.46829864268449
9242,8456.75,4187.75,4,10.293111801681645,10.293111801681645,10.293111801681645,2.3586883889908363e-07,25.46838919936117
1308,8708.5,2901.75,4,10.292878671216819,10.292878671216819,10.292878671216819,2.3586349666506248e-07,25.468413790666254
6333,8387.5,3494.5,4,10.288897004887481,10.288897004887481,10.288897004887481,2.3577225593708057e-07,25.46883387486219
1492,8324.75,2936.25,4,10.286731946509992,10.286731946509992,10.286731946509992,2.3572264316540507e-07,25.46906236676201
8464,8848.0,3840.5,4,10.285287324527502,10.285287324527502,10.285287324527502,2.356895393464412e-07,25.469214853338123
3692,7882.5,3219.75,4,10.284719098349976,10.284719098349976,10.284719098349976,2.3567651832312896e-07,25.469274838125774
1714,8723.25,2972.75,4,10.284673443196809,10.284673443196809,10.284673443196809,2.35675472125616e-07,25.469279657855143
7364,7979.5,3633.0,4,10.27708304124293,10.27708304124293,10.27708304124293,2.3550153645580756e-07,25.470081260051977
1668,9251.5,2965.5,4,10.277027334262943,10.277027334262943,10.277027334262943,2.3550025991855225e-07,25.47008714530645
951,8452.5,2823.5,4,10.27518089824745,10.27518089824745,10.27518089824745,2.3545794844584438e-07,25.470282233096
681,9446.0,2739.5,4,10.27517272638722,10.27517272638722,10.27517272638722,2.3545776118593493e-07,25.470283096583284
8292,8234.25,3801.5,4,10.274060706387381,10.274060706387381,10.274060706387381,2.354322790119094e-07,25.47040060562608
6885,8335.5,3562.5,4,10.271753961724734,10.271753961724734,10.271753961724734,2.3537941946897445e-07,25.470644403815278
1325,9521.5,2904.5,4,10.271277388801824,10.271277388801824,10.271277388801824,2.3536849869942067e-07,25.470694779289854
9025,8606.5,4032.5,4,10.268925829855984,10.268925829855984,10.268925829855984,2.353146122276865e-07,25.470943381766574
7506,9584.5,3653.5,4,10.26846908075075,10.26846908075075,10.26846908075075,2.3530414572511706e-07,25.47099167504255
1038,9017.5,2845.5,4,10.266725368679932,10.266725368679932,10.266725368679932,2.3526418819337715e-07,25.471176062030963
8735,8800.75,3919.75,4,10.264393856070143,10.264393856070143,10.264393856070143,2.3521076108768306e-07,25.47142265430248
9092,7825.5,4068.5,4,10.264237536266059,10.264237536266059,10.264237536266059,2.3520717898623535e-07,25.47143918945941
4581,9183.5,3309.5,4,10.264107826577721,10.264107826577721,10.264107826577721,2.3520420666123084e-07,25.47145291004938
3796,8168.0,3229.75,4,10.263462281977407,10.263462281977407,10.263462281977407,2.3518941386987024e-07,25.471521197834136
1202,8764.5,2879.5,4,10.261471169968239,10.261471169968239,10.261471169968239,2.351437871160985e-07,25.471731851126428
3981,8490.0,3250.25,4,10.25576340794759,10.25576340794759,10.25576340794759,2.3501299253944745e-07,25.4723359407283
7910,8894.0,3722.5,4,10.254435242282423,10.254435242282423,10.254435242282423,2.3498255734168175e-07,25.472476557362512
1346,8530.5,2908.5,4,10.252827560654122,10.252827560654122,10.252827560654122,2.3494571697636825e-07,25.4726467915054
7090,8639.75,3590.75,4,10.250715779504617,10.250715779504617,10.250715779504617,2.3489732506366588e-07,25.47287044428781
7880,8857.5,3717.0,4,10.249793155495592,10.249793155495592,10.249793155495592,2.3487618293891857e-07,25.472968171255843
7831,9153.25,3707.0,4,10.248992086061932,10.248992086061932,10.248992086061932,2.3485782626303325e-07,25.473053029951306
7084,8793.5,3589.5,4,10.247308574346341,10.247308574346341,10.247308574346341,2.3481924823519482e-07,25.47323138892985
8992,8958.5,4017.0,4,10.24539375778757,10.24539375778757,10.24539375778757,2.347753698078422e-07,25.473434289029182
433,8470.5,2632.5,4,10.241791124410945,10.241791124410945,10.241791124410945,2.3469281470032023e-07,25.473816138419643
7285,8240.5,3619.0,4,10.23841846163771,10.23841846163771,10.23841846163771,2.3461552941792479e-07,25.474173734575785
9324,8559.5,4305.5,4,10.237771366860246,10.237771366860246,10.237771366860246,2.3460070110392615e-07,25.4742423581072
4922,9679.0,3345.5,4,10.237049609883236,10.237049609883236,10.237049609883236,2.3458416188979785e-07,25.474318904581743
6070,8658.25,3463.25,4,10.235177537225695,10.235177537225695,10.235177537225695,2.3454126294800293e-07,25.474517473799768
8200,8384.5,3779.5,4,10.234282066351682,10.234282066351682,10.234282066351682,2.3452074304310043e-07,25.474612468505796
9007,9071.5,4024.5,4,10.233868693579346,10.233868693579346,10.233868693579346,2.345112705183944e-07,25.474656323350363
6019,8156.25,3459.25,4,10.232271393140575,10.232271393140575,10.232271393140575,2.344746680402396e-07,25.47482579809376
9078,9078.0,4061.5,4,10.22833821220391,10.22833821220391,10.22833821220391,2.3438453836530888e-07,25.47524322426803
6883,9413.0,3561.25,4,10.228260297058805,10.228260297058805,10.228260297058805,2.343827529232421e-07,25.47525149497774
8755,8712.5,3927.5,4,10.22677107835148,10.22677107835148,10.22677107835148,2.3434862716087488e-07,25.475409587980927
1102,9586.5,2858.25,4,10.225491636033489,10.225491636033489,10.225491636033489,2.3431930846893825e-07,25.475545429855025
22,9139.5,2114.5,4,10.224729997389463,10.224729997389463,10.224729997389463,2.3430185535795605e-07,25.475626303174245
8981,8655.5,4008.5,4,10.2246229079668,10.2246229079668,10.2246229079668,2.342994013811346e-07,25.475637674767654
6452,8979.5,3507.5,4,10.22333431697782,10.22333431697782,10.22333431697782,2.3426987304546286e-07,25.47577451678823
824,9641.0,2783.5,4,10.221861153258622,10.221861153258622,10.221861153258622,2.3423611518655197e-07,25.475930980656784
2864,9215.5,3129.5,4,10.221494510972182,10.221494510972182,10.221494510972182,2.3422771350083628e-07,25.475969925026888
6782,9057.5,3547.5,4,10.221040925235783,10.221040925235783,10.221040925235783,2.342173194875343e-07,25.476018106374806
1553,9523.5,2946.0,4,10.218564694837927,10.218564694837927,10.218564694837927,2.3416057614304893e-07,25.476281177302628
8339,9091.5,3810.5,4,10.215057839991761,10.215057839991761,10.215057839991761,2.3408021582085585e-07,25.476653849285018
4819,9107.75,3336.0,4,10.213951184691688,10.213951184691688,10.213951184691688,2.340548565800627e-07,25.476771479633626
5889,8048.75,3444.25,4,10.21359702449199,10.21359702449199,10.21359702449199,2.3404674092401073e-07,25.47680912727956
1122,8280.0,2863.75,4,10.212729845781222,10.212729845781222,10.212729845781222,2.3402686934002643e-07,25.476901314908673
155,9256.25,2461.25,4,10.212413439919906,10.212413439919906,10.212413439919906,2.3401961883264174e-07,25.47693495318423
9309,8740.0,4273.25,4,10.210533698752208,10.210533698752208,10.210533698752208,2.3397654416531097e-07,25.47713481689961
4507,9346.25,3303.25,4,10.209325889432922,10.209325889432922,10.209325889432922,2.3394886695872463e-07,25.47726325679434
5704,9258.25,3424.75,4,10.209103974179953,10.209103974179953,10.209103974179953,2.339437817236606e-07,25.477286857181454
5891,8899.5,3444.75,4,10.208139820012562,10.208139820012562,10.208139820012562,2.3392168792653067e-07,25.477389399630166
8661,8761.5,3899.25,4,10.207708683292637,10.207708683292637,10.207708683292637,2.3391180833719998e-07,25.477435256234756
9195,8963.5,4140.5,4,10.205128398023923,10.205128398023923,10.205128398023923,2.3385268055329108e-07,25.477709741269695
408,8911.0,2623.5,4,10.201526874903923,10.201526874903923,10.201526874903923,2.3377015088753502e-07,25.478092979388045
1838,9117.5,2991.5,4,10.200555481518698,10.200555481518698,10.200555481518698,2.3374789120219382e-07,25.478196368537226
6599,9021.5,3524.5,4,10.200543258638753,10.200543258638753,10.200543258638753,2.3374761111230881e-07,25.478197669528264
6741,8936.5,3543.0,4,10.199892476544704,10.199892476544704,10.199892476544704,2.3373269830266902e-07,25.478266940370347
7839,9390.25,3709.0,4,10.198870374696654,10.198870374696654,10.198870374696654,2.3370927662215283e-07,25.47837574431992
2377,9061.5,3071.25,4,10.19835514895479,10.19835514895479,10.19835514895479,2.3369747011505899e-07,25.478430594842706
7781,8143.5,3698.5,4,10.197348369201436,10.197348369201436,10.197348369201436,2.336743995435908e-07,25.478537783813007
8902,8339.5,3980.5,4,10.196952696350529,10.196952696350529,10.196952696350529,2.336653326163364e-07,25.478579912870348
3371,7535.5,3187.5,4,10.196741474112347,10.196741474112347,10.196741474112347,2.3366049241397298e-07,25.478602403315612
7967,8670.0,3735.25,4,10.19555661288732,10.19555661288732,10.19555661288732,2.3363334106783117e-07,25.47872857317892
7080,8236.5,3589.5,4,10.19540008020239,10.19540008020239,10.19540008020239,2.3362975408817374e-07,25.47874524264724
657,8418.5,2732.5,4,10.192956450893794,10.192956450893794,10.192956450893794,2.335737578045597e-07,25.479005502646125
3730,9516.75,3222.5,4,10.190811337030398,10.190811337030398,10.190811337030398,2.3352460206565255e-07,25.479234020535223
1753,7878.0,2979.5,4,10.19038043495425,10.19038043495425,10.19038043495425,2.3351472785323373e-07,25.479279930115986
1500,8204.0,2936.5,4,10.189815668489427,10.189815668489427,10.189815668489427,2.335017861099715e-07,25.479340104944054
6755,8709.5,3544.5,4,10.189605574756442,10.189605574756442,10.189605574756442,2.3349697176754387e-07,25.479362490896
7400,8259.75,3638.0,4,10.186463817454431,10.186463817454431,10.186463817454431,2.3342497773296952e-07,25.479697307156265
5301,9096.25,3384.0,4,10.181787218888289,10.181787218888289,10.181787218888289,2.333178124854675e-07,25.48019588236123
1680,8683.5,2967.5,4,10.18115525292584,10.18115525292584,10.18115525292584,2.3330333085147202e-07,25.480263274225322
4257,9654.5,3275.5,4,10.179546606994949,10.179546606994949,10.179546606994949,2.3326646838896023e-07,25.480434836595172
1349,8899.5,2908.75,4,10.178756613532368,10.178756613532368,10.178756613532368,2.332483655213001e-07,25.48051909946276
2135,9187.5,3035.5,4,10.178653198623586,10.178653198623586,10.178653198623586,2.3324599574674317e-07,25.48053013046441
571,8691.25,2700.0,4,10.177591491798998,10.177591491798998,10.177591491798998,2.3322166650979403e-07,25.480643386475705
8542,8628.5,3861.5,4,10.176753189974445,10.176753189974445,10.176753189974445,2.3320245664577878e-07,25.480732819435225
5914,9067.5,3446.0,4,10.173576492676084,10.173576492676084,10.173576492676084,2.3312966195378137e-07,25.481071787437234
2002,8726.0,3014.5,4,10.172300382525762,10.172300382525762,10.172300382525762,2.3310041961917322e-07,25.481207983974915
1935,8505.25,3006.0,4,10.16992816508742,10.16992816508742,10.16992816508742,2.3304605975370411e-07,25.481461211133784
5821,8059.25,3437.75,4,10.169856838571608,10.169856838571608,10.169856838571608,2.330444252914743e-07,25.48146882594196
604,8733.5,2711.5,4,10.169356610618017,10.169356610618017,10.169356610618017,2.33032962461878e-07,25.48152223170431
2991,8585.5,3146.5,4,10.167868027391833,10.167868027391833,10.167868027391833,2.3299885126169583e-07,25.481681172634957
8089,9284.5,3756.5,4,10.16600448633212,10.16600448633212,10.16600448633212,2.329561478232737e-07,25.48188018184994
8279,8467.75,3797.75,4,10.165481930917132,10.165481930917132,10.165481930917132,2.329441733551664e-07,25.48193599255866
3787,8039.5,3228.5,4,10.164940630597792,10.164940630597792,10.164940630597792,2.3293176934360235e-07,25.481993808312634
8367,9120.5,3818.0,4,10.162976964242713,10.162976964242713,10.162976964242713,2.3288677151281204e-07,25.482203571428062
9291,8298.0,4247.5,4,10.16207714824644,10.16207714824644,10.16207714824644,2.3286615203851185e-07,25.482299705273512
4418,7919.0,3294.5,4,10.160800162941603,10.160800162941603,10.160800162941603,2.3283688964955249e-07,25.482436149455012
2158,8437.5,3040.0,4,10.158720473590936,10.158720473590936,10.158720473590936,2.327892331272234e-07,25.482658398204965
607,9044.75,2713.25,4,10.157621240132972,10.157621240132972,10.157621240132972,2.3276404395951548e-07,25.482775887621194
4440,8451.0,3296.75,4,10.157517178829579,10.157517178829579,10.157517178829579,2.32761659372689e-07,25.48278701066868
7234,8701.5,3612.5,4,10.156514567581866,10.156514567581866,10.156514567581866,2.3273868432341123e-07,25.48289418499482
7574,8571.5,3664.5,4,10.156492711189003,10.156492711189003,10.156492711189003,2.327381834795356e-07,25.482896521456055
6293,9315.5,3488.5,4,10.15433225116384,10.15433225116384,10.15433225116384,2.3268867608007846e-07,25.48312750071775
885,8696.5,2802.5,4,10.149313745943449,10.149313745943449,10.149313745943449,2.3257367596911595e-07,25.48366422923668
7693,8879.5,3682.5,4,10.148973063812477,10.148973063812477,10.148973063812477,2.3256586916586596e-07,25.483700674768013
770,9673.5,2766.0,4,10.143495071034572,10.143495071034572,10.143495071034572,2.3244033980011955e-07,25.48428686814709
2588,8314.25,3099.25,4,10.142781266107608,10.142781266107608,10.142781266107608,2.3242398280890374e-07,25.48436327486065
6445,8436.5,3506.5,4,10.142627414497838,10.142627414497838,10.142627414497838,2.3242045726665196e-07,25.484379744064256
9157,9245.75,4112.0,4,10.142234466848992,10.142234466848992,10.142234466848992,2.3241145278798046e-07,25.484421808682836
6390,8806.5,3500.5,4,10.140520801513304,10.140520801513304,10.140520801513304,2.3237218378354546e-07,25.484605273747377
8402,8052.25,3826.0,4,10.14026695233636,10.14026695233636,10.14026695233636,2.323663667758441e-07,25.484632453484704
7056,9385.25,3585.75,4,10.139467263728791,10.139467263728791,10.139467263728791,2.3234804174188138e-07,25.484718080925873
1744,9524.0,2976.5,4,10.138678287596397,10.138678287596397,10.138678287596397,2.3232996218655812e-07,25.484802567936768
8803,8587.5,3942.5,4,10.131104829965853,10.131104829965853,10.131104829965853,2.321564147995108e-07,25.4856139014848
8789,9095.5,3937.5,4,10.130594046407309,10.130594046407309,10.130594046407309,2.3214471008598935e-07,25.485668642817775
9071,8579.75,4060.0,4,10.12800453930097,10.12800453930097,10.12800453930097,2.3208537098171645e-07,25.485946206107386
628,9292.25,2722.25,4,10.127811381144275,10.127811381144275,10.127811381144275,2.3208094472160953e-07,25.485966913128493
5557,8592.5,3410.5,4,10.126652905856972,10.126652905856972,10.126652905856972,2.3205439801482404e-07,25.486091112766193
8538,8239.5,3860.5,4,10.12315195786808,10.12315195786808,10.12315195786808,2.3197417304951752e-07,25.486466534262448
260,8774.5,2548.0,4,10.121089843545208,10.121089843545208,10.121089843545208,2.31926919262676e-07,25.486687724288572
2950,8792.75,3140.0,4,10.119448287460386,10.119448287460386,10.119448287460386,2.318893026570105e-07,25.48686383589843
915,8759.0,2812.5,4,10.116536441733942,10.116536441733942,10.116536441733942,2.3182257709492756e-07,25.487176298710793
4337,9382.5,3284.5,4,10.11504541999118,10.11504541999118,10.11504541999118,2.3178841001562108e-07,25.48733633130757
6365,8456.0,3499.0,4,10.113850424627799,10.113850424627799,10.113850424627799,2.3176102644355062e-07,25.487464608178637
33,9266.5,2159.5,4,10.113031195084442,10.113031195084442,10.113031195084442,2.3174225362490197e-07,25.487552557195443
8966,8122.25,4006.0,4,10.111666877940884,10.111666877940884,10.111666877940884,2.3171099000834544e-07,25.487699040323587
8490,9367.5,3845.5,4,10.110851699118836,10.110851699118836,10.110851699118836,2.3169231001283426e-07,25.487786573353418
7303,8677.5,3623.5,4,10.10966874875048,10.10966874875048,10.10966874875048,2.3166520245437814e-07,25.487913609850636
7949,8270.0,3732.25,4,10.109259120042097,10.109259120042097,10.109259120042097,2.3165581572569128e-07,25.48795760315455
9269,9142.75,4215.25,4,10.10699810567765,10.10699810567765,10.10699810567765,2.3160400410223362e-07,25.488200463654174
3053,9230.75,3152.25,4,10.10611658810532,10.10611658810532,10.10611658810532,2.31583803940197e-07,25.48829516410569
326,7991.75,2589.25,4,10.105741804308785,10.105741804308785,10.105741804308785,2.315752156900517e-07,25.48833542921432
2136,8049.5,3036.5,4,10.105204738470535,10.105204738470535,10.105204738470535,2.3156290871251943e-07,25.488393131788897
8222,7818.75,3784.25,4,10.1052045155061,10.1052045155061,10.1052045155061,2.3156290360324213e-07,25.488393155744923
5757,9321.5,3429.5,4,10.104002325682664,10.104002325682664,10.104002325682664,2.3153535516859442e-07,25.488522330633188
6480,7827.0,3510.5,4,10.104000684954919,10.104000684954919,10.104000684954919,2.3153531757097033e-07,25.488522506939333
9003,7924.0,4022.75,4,10.102922319135526,10.102922319135526,10.102922319135526,2.3151060658962386e-07,25.488638390076307
4938,8119.0,3346.5,4,10.099163350720271,10.099163350720271,10.099163350720271,2.3142446903155132e-07,25.48904243233361
4264,8388.0,3278.25,4,10.098157182115653,10.098157182115653,10.098157182115653,2.3140141246468596e-07,25.489150608433626
2237,8365.25,3052.0,4,10.097815718014054,10.097815718014054,10.097815718014054,2.3139358774241329e-07,25.48918732267756
6625,9158.5,3527.5,4,10.096620710412044,10.096620710412044,10.096620710412044,2.3136620388989205e-07,25.489315819753926
6301,8734.0,3489.5,4,10.095808115261448,10.095808115261448,10.095808115261448,2.313475830997599e-07,25.489403205375826
6302,9109.25,3489.75,4,10.093296517782605,10.093296517782605,10.093296517782605,2.312900293111165e-07,25.48967334438181
423,8679.5,2628.5,4,10.092676494871883,10.092676494871883,10.092676494871883,2.3127582135468308e-07,25.48974004231326
4425,7794.5,3295.5,4,10.092128189793716,10.092128189793716,10.092128189793716,2.3126325682758557e-07,25.489799028732406
572,8636.25,2701.0,4,10.088469965577678,10.088469965577678,10.088469965577678,2.3117942784419414e-07,25.49019266092204
8781,8541.5,3936.5,4,10.088040265146109,10.088040265146109,10.088040265146109,2.311695811677156e-07,25.49023890690913
8631,8954.25,3890.0,4,10.084113144385892,10.084113144385892,10.084113144385892,2.3107959036301283e-07,25.490661649801982
4292,8451.0,3281.25,4,10.077304756689124,10.077304756689124,10.077304756689124,2.309235747156797e-07,25.491394942801083
102,8578.5,2414.5,4,10.076960549096786,10.076960549096786,10.076960549096786,2.3091568712573516e-07,25.491432028612877
4519,8145.75,3305.75,4,10.076374157517554,10.076374157517554,10.076374157517554,2.309022498383921e-07,25.49149521086804
8835,8696.5,3952.5,4,10.076065172004164,10.076065172004164,10.076065172004164,2.308951693698531e-07,25.491528504778834
2769,9094.5,3118.5,4,10.07506490579722,10.07506490579722,10.07506490579722,2.3087224805768168e-07,25.491636292801836
8299,8779.25,3801.75,4,10.074521021257336,10.074521021257336,10.074521021257336,2.3085978482815603e-07,25.49169490593051
4227,9154.25,3272.75,4,10.069299572553113,10.069299572553113,10.069299572553113,2.30740134224241e-07,25.492257769961192
6680,9488.0,3535.75,4,10.063478590383054,10.063478590383054,10.063478590383054,2.306067451838655e-07,25.492885606935726
3660,9778.25,3215.5,4,10.06163384803722,10.06163384803722,10.06163384803722,2.3056447252195689e-07,25.493084652140077
8812,8531.5,3944.0,4,10.06097580380095,10.06097580380095,10.06097580380095,2.3054939329878865e-07,25.493155663054097
6837,8215.0,3555.75,4,10.05540314582306,10.05540314582306,10.05540314582306,2.304216946599172e-07,25.493757206372926
3978,9549.0,3249.5,4,10.055285534582113,10.055285534582113,10.055285534582113,2.3041899957339931e-07,25.493769905568303
6195,9208.75,3478.75,4,10.053914125578203,10.053914125578203,10.053914125578203,2.3038757344535947e-07,25.493917995838885
256,9479.0,2542.5,4,10.05350269889076,10.05350269889076,10.05350269889076,2.303781455156013e-07,25.493962427289638
672,9176.0,2738.5,4,10.051642035164797,10.051642035164797,10.051642035164797,2.30335508011892e-07,25.494163389780052
2347,8733.25,3066.75,4,10.051235791368477,10.051235791368477,10.051235791368477,2.3032619884918258e-07,25.494207271417444
1855,8934.5,2994.75,4,10.051127242495177,10.051127242495177,10.051127242495177,2.3032371142874042e-07,25.494218996948568
7358,9596.5,3630.5,4,10.049370477964436,10.049370477964436,10.049370477964436,2.3028345479711447e-07,25.494408781588298
4119,9263.5,3262.5,4,10.048903293925228,10.048903293925228,10.048903293925228,2.3027274917582101e-07,25.49445925742831
39,8710.5,2183.5,4,10.04548353161351,10.04548353161351,10.04548353161351,2.3019438459751689e-07,25.494828809365536
1599,8998.25,2954.25,4,10.045095827984177,10.045095827984177,10.045095827984177,2.301855002866642e-07,25.49487071396765
7792,8289.25,3699.75,4,10.04482731642203,10.04482731642203,10.04482731642203,2.3017934728729772e-07,25.494899736749105
8759,8307.5,3930.0,4,10.04459544900376,10.04459544900376,10.04459544900376,2.3017403399625614e-07,25.49492479937571
1491,8212.5,2935.5,4,10.044333995810662,10.044333995810662,10.044333995810662,2.301680427409127e-07,25.494953060632575
6775,9294.75,3547.5,4,10.043751382513719,10.043751382513719,10.043751382513719,2.3015469203370922e-07,25.49501603969087
8893,8944.5,3975.5,4,10.042909362884265,10.042909362884265,10.042909362884265,2.3013539697540653e-07,25.495107066388535
1070,9235.75,2852.75,4,10.042261524231655,10.042261524231655,10.042261524231655,2.3012055161535126e-07,25.49517710630845
2954,8595.5,3140.5,4,10.041712710531513,10.041712710531513,10.041712710531513,2.301079754330734e-07,25.495236443857593
5186,8555.75,3371.75,4,10.041313305694132,10.041313305694132,10.041313305694132,2.3009882298655782e-07,25.495279629410604
174,9153.5,2477.0,4,10.035453700247018,10.035453700247018,10.035453700247018,2.2996454888560112e-07,25.495913395390787
724,8999.5,2752.5,4,10.035249118589931,10.035249118589931,10.035249118589931,2.2995986085356116e-07,25.495935529315435
7378,8870.0,3633.5,4,10.034965125086707,10.034965125086707,10.034965125086707,2.2995335308223303e-07,25.495966255646966
8480,8130.25,3843.25,4,10.034845901333775,10.034845901333775,10.034845901333775,2.2995062104466118e-07,25.495979155175004
9215,8938.5,4161.5,4,10.034680437553389,10.034680437553389,10.034680437553389,2.2994682940705815e-07,25.49599705794101
3822,7791.25,3232.75,4,10.031204046703872,10.031204046703872,10.031204046703872,2.298671671738061e-07,25.496373262981752
2692,9162.5,3109.5,4,10.030491426088467,10.030491426088467,10.030491426088467,2.2985083732134074e-07,25.496450396841528
729,8375.0,2754.5,4,10.027675275759712,10.027675275759712,10.027675275759712,2.2978630463958164e-07,25.496755269807785
8119,9253.5,3762.0,4,10.025888652754018,10.025888652754018,10.025888652754018,2.2974536379467267e-07,25.496948731807223
7876,7958.75,3715.75,4,10.023633732597661,10.023633732597661,10.023633732597661,2.2969369182128525e-07,25.497192951935347
238,9582.5,2531.0,4,10.023187060057406,10.023187060057406,10.023187060057406,2.296834562253384e-07,25.49724133552232
4807,7916.0,3334.5,4,10.02074367622575,10.02074367622575,10.02074367622575,2.2962746556688044e-07,25.497506041116868
8796,8256.25,3940.75,4,10.01810916054689,10.01810916054689,10.01810916054689,2.2956709508162712e-07,25.497791525430202
6202,9302.75,3479.75,4,10.014206688820838,10.014206688820838,10.014206688820838,2.294776691147674e-07,25.498214547403943
1176,8443.25,2875.25,4,10.011332108888201,10.011332108888201,10.011332108888201,2.2941179750624927e-07,25.498526252927505
364,8679.0,2607.5,4,10.011329597092589,10.011329597092589,10.011329597092589,2.2941173994792036e-07,25.498526525333588
9059,8618.5,4054.0,4,10.01035628382036,10.01035628382036,10.01035628382036,2.293894362679615e-07,25.498632087019587
386,8692.25,2614.5,4,10.009744061306007,10.009744061306007,10.009744061306007,2.2937540705926438e-07,25.49869849149688
2368,9291.5,3070.0,4,10.006448943291932,10.006448943291932,10.006448943291932,2.2929989873146324e-07,25.49905596496432
1395,9243.75,2919.25,4,10.004730821983774,10.004730821983774,10.004730821983774,2.2926052761747448e-07,25.49924240339873
1134,7929.5,2865.5,4,10.001717904284853,10.001717904284853,10.001717904284853,2.291914859697167e-07,25.499569421341505
5601,9380.25,3413.75,4,9.997656930013708,9.997656930013708,9.997656930013708,2.2909842788343638e-07,25.500010349809514
1046,8367.25,2847.75,4,9.996494690198658,9.996494690198658,9.996494690198658,2.2907179491169954e-07,25.50013657530497
8423,8977.5,3829.5,4,9.996464579365153,9.996464579365153,9.996464579365153,2.2907110491556681e-07,25.500139845698474
5140,9646.5,3366.5,4,9.99148670952351,9.99148670952351,9.99148670952351,2.2895703597292234e-07,25.500680636852433
8644,7815.0,3894.75,4,9.987664587299271,9.987664587299271,9.987664587299271,2.288694512319294e-07,25.501096051548164
8300,7499.5,3802.5,4,9.985996080664279,9.985996080664279,9.985996080664279,2.288312170486937e-07,25.501277446245496
2496,8664.0,3086.5,4,9.983768877134075,9.983768877134075,9.983768877134075,2.2878018020767006e-07,25.501519627915957
4020,8305.0,3253.5,4,9.98289134906371,9.98289134906371,9.98289134906371,2.287600714659167e-07,25.501615063405573
613,8417.0,2715.5,4,9.982346531287034,9.982346531287034,9.982346531287034,2.2874758685107211e-07,25.50167431923701
63,9170.25,2370.75,4,9.981780398406585,9.981780398406585,9.981780398406585,2.2873461379610617e-07,25.50173589678231
9081,8752.5,4064.5,4,9.981268470587722,9.981268470587722,9.981268470587722,2.2872288286161697e-07,25.50179158151974
8905,9504.5,3981.5,4,9.979268094090184,9.979268094090184,9.979268094090184,2.2867704381013032e-07,25.50200919903586
2676,8645.5,3108.5,4,9.977780904261543,9.977780904261543,9.977780904261543,2.286429645399482e-07,25.502171016130504
4732,9562.5,3325.0,4,9.977193911197027,9.977193911197027,9.977193911197027,2.2862951346944235e-07,25.502234891893632
1300,9137.5,2899.5,4,9.97511876204197,9.97511876204197,9.97511876204197,2.2858196098665809e-07,25.50246073684834
590,9201.0,2706.75,4,9.971749340333544,9.971749340333544,9.971749340333544,2.2850474997394978e-07,25.502827541617286
8512,9096.5,3851.5,4,9.970071563176731,9.970071563176731,9.970071563176731,2.2846630335474136e-07,25.503010235405963
989,9464.25,2833.0,4,9.968218596336687,9.968218596336687,9.968218596336687,2.284238422268045e-07,25.503212041395763
8894,9085.25,3975.25,4,9.968010755229528,9.968010755229528,9.968010755229528,2.284190795037752e-07,25.503234679640023
8548,8330.5,3862.5,4,9.960038784133175,9.960038784133175,9.960038784133175,2.2823640009618083e-07,25.50410335051393
6918,9152.0,3565.25,4,9.957353420687618,9.957353420687618,9.957353420687618,2.2817486442357479e-07,25.504396119396873
9019,8450.0,4031.5,4,9.954611756272755,9.954611756272755,9.954611756272755,2.2811203860232225e-07,25.504695107900407
8471,7899.5,3842.5,4,9.953928010649491,9.953928010649491,9.953928010649491,2.2809637042642283e-07,25.504769685683307
7640,8719.0,3674.5,4,9.952385099378589,9.952385099378589,9.952385099378589,2.280610142875793e-07,25.504937993558464
8576,9022.75,3870.0,4,9.951690546578373,9.951690546578373,9.951690546578373,2.2804509846292904e-07,25.50501376709701
79,9272.5,2394.5,4,9.950559631750089,9.950559631750089,9.950559631750089,2.2801918330990432e-07,25.5051371576849
2189,8700.0,3043.5,4,9.95003490060801,9.95003490060801,9.95003490060801,2.2800715898454957e-07,25.505194414225443
2647,7791.0,3105.5,4,9.949768580533362,9.949768580533362,9.949768580533362,2.2800105620358373e-07,25.50522347515033
4625,7797.0,3315.5,4,9.949668550282496,9.949668550282496,9.949668550282496,2.2799876398918042e-07,25.505234390681682
6626,9409.5,3527.5,4,9.949334846545051,9.949334846545051,9.949334846545051,2.279911170972974e-07,25.505270805995778
5848,9257.0,3439.75,4,9.949102061617989,9.949102061617989,9.949102061617989,2.2798578278134733e-07,25.505296209300006
8160,8843.0,3771.75,4,9.948770825212954,9.948770825212954,9.948770825212954,2.279781924289095e-07,25.5053323574209
6774,9115.25,3546.5,4,9.947421680923576,9.947421680923576,9.947421680923576,2.279472765015229e-07,25.505479603161735
938,9282.25,2819.0,4,9.947374000221018,9.947374000221018,9.947374000221018,2.279461838881163e-07,25.505484807403676
445,9100.5,2637.5,4,9.944655381660375,9.944655381660375,9.944655381660375,2.2788388616749856e-07,25.50578157980029
4615,8469.0,3314.5,4,9.942917302921664,9.942917302921664,9.942917302921664,2.2784405772475806e-07,25.505971356104126
8596,9033.0,3876.5,4,9.942547736137222,9.942547736137222,9.942547736137222,2.278355890235507e-07,25.506011712418367
7397,9045.0,3636.75,4,9.941665288457298,9.941665288457298,9.941665288457298,2.2781536754790145e-07,25.506108080868486
6655,8143.5,3532.5,4,9.94067534689568,9.94067534689568,9.94067534689568,2.2779268282716634e-07,25.506216198460336
8697,9248.75,3908.0,4,9.934838635344853,9.934838635344853,9.934838635344853,2.2765893334469615e-07,25.50685388050824
4071,8323.0,3259.5,4,9.933121351625726,9.933121351625726,9.933121351625726,2.276195814242376e-07,25.507041571354563
8350,8021.25,3814.75,4,9.927338364074341,9.927338364074341,9.927338364074341,2.2748706303860323e-07,25.507673862774148
3618,8946.0,3212.0,4,9.9265005278165,9.9265005278165,9.9265005278165,2.2746786384314786e-07,25.507765499375445
6893,7858.5,3563.5,4,9.923809504684383,9.923809504684383,9.923809504684383,2.2740619847762454e-07,25.508059876768595
2675,9549.0,3107.25,4,9.92309439519598,9.92309439519598,9.92309439519598,2.273898115921068e-07,25.508138117713997
8701,8773.5,3908.5,4,9.920525784461223,9.920525784461223,9.920525784461223,2.2733095133261832e-07,25.50841919885353
1167,9703.25,2871.75,4,9.916084749747714,9.916084749747714,9.916084749747714,2.2722918408073493e-07,25.50890534967524
6958,9409.75,3570.5,4,9.915164616257115,9.915164616257115,9.915164616257115,2.272080990267453e-07,25.509006102000647
89,9573.75,2403.0,4,9.912473137049123,9.912473137049123,9.912473137049123,2.271464232101466e-07,25.509300865953346
9275,8581.75,4224.25,4,9.911590312389023,9.911590312389023,9.911590312389023,2.2712619309591672e-07,25.50939756809506
6825,8038.75,3555.5,4,9.911369474644951,9.911369474644951,9.911369474644951,2.271211325521975e-07,25.50942175939008
6409,8388.5,3504.0,4,9.911298476670307,9.911298476670307,9.911298476670307,2.2711950561855816e-07,25.509429536856935
656,8522.5,2732.0,4,9.911010556675325,9.911010556675325,9.911010556675325,2.2711290787083903e-07,25.509461077598445
9306,8814.0,4271.5,4,9.910037521129954,9.910037521129954,9.910037521129954,2.2709061055504996e-07,25.509567677402533
1963,8945.25,3008.25,4,9.906395563809966,9.906395563809966,9.906395563809966,2.270071543310298e-07,25.509966760824465
6945,9308.0,3568.75,4,9.90558181980835,9.90558181980835,9.90558181980835,2.26988507214733e-07,25.510055950440158
4937,9479.5,3345.5,4,9.905085985949603,9.905085985949603,9.905085985949603,2.2697714507675149e-07,25.51011029941793
9108,8469.5,4078.5,4,9.901370832754719,9.901370832754719,9.901370832754719,2.2689201155374184e-07,25.51051760865189
4792,9304.0,3332.5,4,9.900128997600728,9.900128997600728,9.900128997600728,2.2686355463794033e-07,25.51065379079975
287,8685.75,2567.5,4,9.895901344376794,9.895901344376794,9.895901344376794,2.2676667706812376e-07,25.511117531878828
8821,8078.75,3948.75,4,9.888483201989866,9.888483201989866,9.888483201989866,2.2659668876280805e-07,25.511931724114135
9251,9035.5,4196.5,4,9.888064340897065,9.888064340897065,9.888064340897065,2.2658709047207515e-07,25.511977715220752
2155,8199.75,3040.0,4,9.887266697680866,9.887266697680866,9.887266697680866,2.2656881230868925e-07,25.512065302135692
334,9304.5,2594.0,4,9.886501321854874,9.886501321854874,9.886501321854874,2.2655127355939005e-07,25.51214935250425
5977,8843.25,3453.25,4,9.882141683642558,9.882141683642558,9.882141683642558,2.2645137152558616e-07,25.512628233843976
5862,8302.75,3441.75,4,9.88116393148887,9.88116393148887,9.88116393148887,2.2642896612771767e-07,25.51273566333316
8266,8529.0,3794.5,4,9.878711248479302,9.878711248479302,9.878711248479302,2.2637276237662658e-07,25.513005196083917
593,8509.25,2708.75,4,9.878258168013033,9.878258168013033,9.878258168013033,2.2636237994169674e-07,25.513054993788778
7029,8627.0,3583.25,4,9.875441296554257,9.875441296554257,9.875441296554257,2.2629783073509034e-07,25.51336464508758
5652,9358.5,3418.5,4,9.865159631361148,9.865159631361148,9.865159631361148,2.2606222419765317e-07,25.514495631646255
1459,9766.0,2930.25,4,9.864338139195567,9.864338139195567,9.864338139195567,2.260433995305366e-07,25.51458604690132
8853,8676.0,3959.5,4,9.859282627306452,9.859282627306452,9.859282627306452,2.2592755140391554e-07,25.515142633592657
2891,9525.0,3132.5,4,9.846837075281561,9.846837075281561,9.846837075281561,2.2564235894102113e-07,25.516514043938486
8805,9014.5,3942.5,4,9.846664420052397,9.846664420052397,9.846664420052397,2.2563840250984485e-07,25.51653308149088
251,9155.5,2539.5,4,9.845346509575313,9.845346509575313,9.845346509575313,2.2560820231188802e-07,25.516678409779278
4875,8016.75,3342.0,4,9.844024229393469,9.844024229393469,9.844024229393469,2.255779019812203e-07,25.516824239474644
8046,8966.0,3749.5,4,9.832453034990916,9.832453034990916,9.832453034990916,2.253127456085906e-07,25.51810122274503
5519,9497.5,3406.5,4,9.831366513828094,9.831366513828094,9.831366513828094,2.2528784774582064e-07,25.518221207101274
9323,8335.25,4306.25,4,9.821536409953254,9.821536409953254,9.821536409953254,2.2506258883171488e-07,25.519307346956023
4417,9723.25,3293.75,4,9.816091339501778,9.816091339501778,9.816091339501778,2.2493781388805757e-07,25.519909447204952
7452,8086.0,3646.0,4,9.812013166382377,9.812013166382377,9.812013166382377,2.2484436168652358e-07,25.520360618663446
1779,8937.0,2981.75,4,9.806988055322279,9.806988055322279,9.806988055322279,2.247292102013439e-07,25.52091680856002
5,8658.0,1993.25,4,9.802696728868595,9.802696728868595,9.802696728868595,2.2463087354596997e-07,25.521392007281758
8861,9355.0,3963.25,4,9.801487600263401,9.801487600263401,9.801487600263401,2.2460316610766737e-07,25.521525937332864
6090,8613.5,3466.0,4,9.795033893351714,9.795033893351714,9.795033893351714,2.2445527804571065e-07,25.522241066648498
108,8516.5,2419.5,4,9.793689072467004,9.793689072467004,9.793689072467004,2.244244611900585e-07,25.522390144332455
8991,9499.25,4015.75,4,9.793536487414226,9.793536487414226,9.793536487414226,2.2442096467122866e-07,25.522407060165236
8054,8324.75,3752.0,4,9.78754826537256,9.78754826537256,9.78754826537256,2.2428374329374332e-07,25.523071132636964
5689,8480.25,3424.0,4,9.787050950646403,9.787050950646403,9.787050950646403,2.2427234722137121e-07,25.523126301337737
9216,8910.5,4162.5,4,9.786309372955378,9.786309372955378,9.786309372955378,2.2425535381137959e-07,25.523208572111365
919,8836.75,2814.25,4,9.786035282025633,9.786035282025633,9.786035282025633,2.242490729596219e-07,25.523238981390488
5826,8074.25,3438.25,4,9.785545834570897,9.785545834570897,9.785545834570897,2.2423785716744214e-07,25.523293285722765
9116,8916.5,4080.5,4,9.784536969309931,9.784536969309931,9.784536969309931,2.2421473880612494e-07,25.523405228176102
8237,8685.25,3788.5,4,9.78239223290667,9.78239223290667,9.78239223290667,2.2416559171679678e-07,25.523643243855304
375,9172.5,2610.0,4,9.768586989816246,9.768586989816246,9.768586989816246,2.2384924164490445e-07,25.52517655372783
3311,8482.25,3181.25,4,9.757176029288445,9.757176029288445,9.757176029288445,2.2358775706548154e-07,25.526445573983217
1840,7583.5,2992.5,4,9.755115069652522,9.755115069652522,9.755115069652522,2.235405297385362e-07,25.526674932851456
4956,9122.5,3348.0,4,9.754578763926062,9.754578763926062,9.754578763926062,2.2352824017912673e-07,25.526734624874216
2414,9333.25,3076.0,4,9.75385097129055,9.75385097129055,9.75385097129055,2.235115626566044e-07,25.52681563506571
5391,8290.0,3394.25,4,9.752802319468781,9.752802319468781,9.752802319468781,2.234875325778123e-07,25.526932370543925
7666,8795.75,3677.75,4,9.751860931106336,9.751860931106336,9.751860931106336,2.2346596046392866e-07,25.527037176191225
9112,8759.75,4079.75,4,9.747949157227803,9.747949157227803,9.747949157227803,2.2337632133627295e-07,25.52747278603178
5353,9661.5,3389.5,4,9.738597164799602,9.738597164799602,9.738597164799602,2.2316201844731837e-07,25.52851492016655
1952,9433.75,3007.25,4,9.737516625201117,9.737516625201117,9.737516625201117,2.231372576533632e-07,25.528635393991728
134,9262.5,2446.5,4,9.736757358051435,9.736757358051435,9.736757358051435,2.231198588856766e-07,25.52872005582145
7247,8660.25,3613.75,4,9.734541136810826,9.734541136810826,9.734541136810826,2.2306907370614707e-07,25.528967212594242
5318,8278.0,3385.5,4,9.73129317636685,9.73129317636685,9.73129317636685,2.2299464600406134e-07,25.529329532361444
7750,8812.5,3693.75,4,9.730643346830476,9.730643346830476,9.730643346830476,2.2297975502248257e-07,25.52940203732044
7958,9478.0,3732.5,4,9.727340162338937,9.727340162338937,9.727340162338937,2.2290406184964038e-07,25.52977066616898
591,8957.5,2708.0,4,9.726011856234447,9.726011856234447,9.726011856234447,2.2287362343367782e-07,25.52991893779122
5837,8393.0,3439.5,4,9.721260507775739,9.721260507775739,9.721260507775739,2.2276474527654196e-07,25.530449470921944
7129,8096.5,3597.0,4,9.717183838321363,9.717183838321363,9.717183838321363,2.226713275318108e-07,25.530904876468554
7742,8806.75,3693.5,4,9.716187306433916,9.716187306433916,9.716187306433916,2.2264849179236224e-07,25.531016228301677
1110,8804.25,2861.0,4,9.708178292021145,9.708178292021145,9.708178292021145,2.224649635293196e-07,25.531911565383453
3444,8564.5,3194.5,4,9.707612615269454,9.707612615269454,9.707612615269454,2.2245200092664082e-07,25.531974830973056
9280,8159.5,4234.5,4,9.701342215195407,9.701342215195407,9.701342215195407,2.2230831337972652e-07,25.532676362887067
7708,8863.5,3685.5,4,9.698992257525276,9.698992257525276,9.698992257525276,2.2225446360156466e-07,25.53293939279907
3166,9331.5,3163.5,4,9.693149430167612,9.693149430167612,9.693149430167612,2.2212057397408436e-07,25.53359365466395
991,7936.5,2833.5,4,9.689117218629164,9.689117218629164,9.689117218629164,2.22028174991921e-07,25.53404539936389
6226,9757.5,3482.0,4,9.683352567656819,9.683352567656819,9.683352567656819,2.2189607679288234e-07,25.534691562761974
1561,8426.5,2947.5,4,9.67594326390293,9.67594326390293,9.67594326390293,2.217262910267164e-07,25.53552264151612
397,8452.0,2619.5,4,9.671358810177983,9.671358810177983,9.671358810177983,2.216212372977835e-07,25.536037184315145
7148,8060.75,3598.25,4,9.66808598065857,9.66808598065857,9.66808598065857,2.2154623971556233e-07,25.5364046643099
8432,8502.5,3832.5,4,9.665957599822598,9.665957599822598,9.665957599822598,2.214974674175257e-07,25.536643710025384
13,9542.5,2045.0,4,9.658882593633098,9.658882593633098,9.658882593633098,2.213353421509131e-07,25.53743870658268
9221,8676.0,4166.25,4,9.658166670084752,9.658166670084752,9.658166670084752,2.2131893661103917e-07,25.5375191851388
1205,8852.25,2880.75,4,9.650802139513686,9.650802139513686,9.650802139513686,2.2115017683184876e-07,25.53834739486234
487,9471.5,2657.5,4,9.648234365955057,9.648234365955057,9.648234365955057,2.2109133575642872e-07,25.53863631340331
1312,8345.5,2903.5,4,9.646908636119434,9.646908636119434,9.646908636119434,2.2106095637621339e-07,25.538785510834224
2312,9323.25,3062.5,4,9.646710999098971,9.646710999098971,9.646710999098971,2.210564274819938e-07,25.53880775463011
6185,9234.5,3476.5,4,9.6464014822667,9.6464014822667,9.6464014822667,2.2104933483817005e-07,25.53884259127258
9136,8518.25,4099.75,4,9.635774091770731,9.635774091770731,9.635774091770731,2.2080580593213e-07,25.5400394006002
3621,9559.5,3211.5,4,9.631525971287122,9.631525971287122,9.631525971287122,2.2070845935071925e-07,25.540518174301848
9243,7785.0,4188.25,4,9.629596213533489,9.629596213533489,9.629596213533489,2.2066423854271914e-07,25.54073573253614
3370,9667.75,3186.75,4,9.622498724909907,9.622498724909907,9.622498724909907,2.2050159808636363e-07,25.541536268865848
7887,8583.5,3718.5,4,9.619940369041828,9.619940369041828,9.619940369041828,2.2044297281931894e-07,25.54182497442895
6316,7820.5,3492.0,4,9.618428515107311,9.618428515107311,9.618428515107311,2.2040832836592233e-07,25.54199562034662
1739,8404.5,2976.5,4,9.614661024213031,9.614661024213031,9.614661024213031,2.2032199551343631e-07,25.54242098116127
9333,8358.75,4337.0,4,9.608068979523676,9.608068979523676,9.608068979523676,2.2017093741197907e-07,25.543165643533555
1286,9605.5,2896.0,4,9.601792775677545,9.601792775677545,9.601792775677545,2.2002711687039717e-07,25.54387510225569
3186,7830.5,3166.75,4,9.589865432675138,9.589865432675138,9.589865432675138,2.1975379927710443e-07,25.545224641691107
3262,8696.5,3175.25,4,9.584667365809722,9.584667365809722,9.584667365809722,2.196346844729822e-07,25.545813311004522
4347,9732.5,3285.5,4,9.540039121146092,9.540039121146092,9.540039121146092,2.1861201878609103e-07,25.550880535327245
8109,9532.25,3761.25,4,9.533478445728225,9.533478445728225,9.533478445728225,2.1846167951813968e-07,25.55162745189204
293,9210.5,2570.5,4,9.482482585135946,9.482482585135946,9.482482585135946,2.1729309856241788e-07,25.55745078995833
561,8935.75,2694.25,4,9.465663204601992,9.465663204601992,9.465663204601992,2.1690767889206148e-07,25.559378304701585
8260,7469.5,3794.0,4,9.46206078767029,9.46206078767029,9.46206078767029,2.1682512874442078e-07,25.559791589947736
949,8781.0,2822.75,4,9.381967639439932,9.381967639439932,9.381967639439932,2.149897772743454e-07,25.569021097829182
9202,8353.25,4143.75,4,9.366475230667284,9.366475230667284,9.366475230667284,2.1463476544319467e-07,25.570815451957515
5820,9484.25,3437.0,4,9.337346927124479,9.337346927124479,9.337346927124479,2.1396728419280942e-07,25.574197186347448
910,8755.0,2810.0,4,9.334728288715958,9.334728288715958,9.334728288715958,2.1390727753857164e-07,25.57450172138312
387,8948.5,2614.5,4,9.310187491399486,9.310187491399486,9.310187491399486,2.1334491996583562e-07,25.577359856849235
8867,9525.25,3964.75,4,9.302051992900918,9.302051992900918,9.302051992900918,2.131584932931545e-07,25.578309017839093
15,9195.5,2048.5,4,9.28787834972447,9.28787834972447,9.28787834972447,2.1283370125519643e-07,25.579964628188165
9100,8344.5,4072.5,4,9.206668427252161,9.206668427252161,9.206668427252161,2.109727586666297e-07,25.58949966797803
